"[0,1)","[1,5)","[5,15)","[15,25)","[25,45)","[45,65)","[65,75)","[75,+)"
0.864715462725293,0.662859186624308,0.704502344144111,0.743695379751153,0.758595856206601,0.494676038268437,0.554812700037878,0.64862530612664
0.662859186624308,0.895225278667547,0.782426223152052,0.747590946735782,0.764708366657757,0.583952211001036,0.64287386238918,0.645088189673291
0.704502344144111,0.782426223152052,0.832646281525281,0.765586325139013,0.798524378944413,0.621787602109548,0.68962797281312,0.632844923260658
0.743695379751153,0.747590946735782,0.765586325139013,0.825539871215789,0.716647021467584,0.666944641029834,0.677360900724176,0.639566472882395
0.758595856206601,0.764708366657757,0.798524378944413,0.716647021467584,0.644919115858585,0.5599008156157,0.700152864818705,0.679286523047364
0.494676038268437,0.583952211001036,0.621787602109548,0.666944641029834,0.5599008156157,0.619673895846621,0.579678424589253,0.575244659026844
0.554812700037878,0.64287386238918,0.689627972813119,0.677360900724176,0.700152864818705,0.579678424589253,0.695030050377837,0.670214313764419
0.64862530612664,0.645088189673291,0.632844923260658,0.639566472882396,0.679286523047364,0.575244659026844,0.670214313764419,1
