"[0,1)","[1,5)","[5,15)","[15,25)","[25,45)","[45,65)","[65,75)","[75,+)"
0.557479977552034,0.871562404341415,0.958013399731372,0.952100532075161,0.89069372579194,0.996052932935355,0.993509866756006,0.904710447632866
0.871562404341415,0.639524035849375,0.86535591680331,0.854362416467317,0.877490916918154,0.935086939813741,0.910392386101395,0.907882033118619
0.958013399731372,0.86535591680331,0.636123759688016,0.763529031024858,0.858980791307887,0.861037003622925,0.895036583237787,0.911683747424141
0.952100532075161,0.854362416467317,0.763529031024858,0.574315744776401,0.828559245141614,0.911823096960914,0.917010165375712,0.963492416240633
0.89069372579194,0.877490916918154,0.858980791307887,0.828559245141614,0.806726438144891,0.90260352664549,0.942368814228103,1.01128042631736
0.996052932935354,0.935086939813741,0.861037003622926,0.911823096960914,0.90260352664549,0.977445818267799,0.979441174457441,0.983485987164561
0.993509866756006,0.910392386101395,0.895036583237787,0.917010165375711,0.942368814228103,0.979441174457441,0.989439508320668,0.984605500259121
0.904710447632866,0.907882033118619,0.911683747424141,0.963492416240632,1.01128042631736,0.983485987164561,0.984605500259121,0.985189950044271
