"[0,1)","[1,5)","[5,15)","[15,25)","[25,45)","[45,65)","[65,75)","[75,+)"
0.806800882434369,0.807566169575766,0.903585492095371,0.927888400602051,0.887646928338225,0.72857228310343,1.03118280680554,0.588034792562566
0.807566169575766,0.923771841848727,0.874933458808848,0.881196310661101,0.857771642115576,0.720331023120428,0.661231106854454,0.60079241969077
0.903585492095371,0.874933458808848,0.941334531251974,0.847274788679229,0.883093104252411,0.755054095228409,0.710480921301507,0.608306791296996
0.92788840060205,0.881196310661101,0.84727478867923,0.663865508519264,0.882081455652008,0.865506836120876,0.879163132141929,0.870599806888361
0.887646928338225,0.857771642115577,0.883093104252411,0.882081455652008,0.800319051320574,0.736166302439629,0.722654031100511,0.661368235130012
0.72857228310343,0.720331023120428,0.755054095228409,0.865506836120876,0.736166302439629,0.773488735965303,0.716797993031434,0.626615609596663
1.03118280680554,0.661231106854454,0.710480921301507,0.879163132141929,0.722654031100511,0.716797993031434,0.745040533454474,0.747398761571733
0.588034792562566,0.60079241969077,0.608306791296996,0.870599806888361,0.661368235130012,0.626615609596663,0.747398761571733,1
