"[0,1)","[1,5)","[5,15)","[15,25)","[25,45)","[45,65)","[65,75)","[75,+)"
0.849366730714439,0.668275395247446,0.658191225085074,0.62765684641824,0.671823436855121,0.586647038709221,0.435130158722388,0.615360266862066
0.668275395247446,0.824006829276926,0.698713439057521,0.664174438260432,0.671980298200795,0.638438394794331,0.619928989388235,0.655263423418121
0.658191225085074,0.698713439057521,0.841527817036947,0.713338965363071,0.696368228808143,0.69703163103101,0.600989811615247,0.601772039285965
0.62765684641824,0.664174438260432,0.713338965363071,0.761618966494158,0.642049687388019,0.649090749874396,0.562940632072116,0.629938635405846
0.671823436855121,0.671980298200795,0.696368228808143,0.642049687388019,0.60757414095249,0.608173046474923,0.559525186676701,0.47374396055187
0.586647038709221,0.638438394794331,0.69703163103101,0.649090749874396,0.608173046474923,0.581499191582485,0.469858571103786,0.430476928974611
0.435130158722388,0.619928989388235,0.600989811615247,0.562940632072116,0.559525186676701,0.469858571103786,0.427403214297188,0.422270320012918
0.615360266862066,0.655263423418121,0.601772039285965,0.629938635405846,0.47374396055187,0.430476928974611,0.422270320012918,0.478740255902473
