"[0,1)","[1,5)","[5,15)","[15,25)","[25,45)","[45,65)","[65,75)","[75,+)"
0.794841210525738,0.681583194530024,0.644184551259462,0.681294752242218,0.694767574808419,0.602712366459333,0.545690220936296,0.60057778715914
0.681583194530024,0.741192948064915,0.686151216574033,0.671976252962673,0.691821989757778,0.644423385066196,0.655314615032767,0.642814812408392
0.644184551259462,0.686151216574033,0.725036818975743,0.665077166828651,0.698593513596744,0.632956487488223,0.608764472640811,0.597265551888828
0.681294752242218,0.671976252962673,0.665077166828651,0.644797589624619,0.647610976564683,0.610690212055496,0.617540728017297,0.59950228621274
0.694767574808419,0.691821989757778,0.698593513596744,0.647610976564683,0.634132639388208,0.594142786985481,0.632452262686189,0.623716440898776
0.602712366459333,0.644423385066196,0.632956487488223,0.610690212055496,0.594142786985481,0.542345173594208,0.481278350914221,0.53801841131218
0.545690220936296,0.655314615032767,0.608764472640811,0.617540728017296,0.632452262686189,0.481278350914221,0.474818031405794,0.430798161477894
0.60057778715914,0.642814812408392,0.597265551888828,0.59950228621274,0.623716440898776,0.53801841131218,0.430798161477894,0.505998359069622
