"[0,1)","[1,5)","[5,15)","[15,25)","[25,45)","[45,65)","[65,75)","[75,+)"
1.1380968670169,0.640595308303435,0.603430729641587,0.605149761324427,0.669486870619737,0.537111517722687,0.403794230580778,0.6177012855721
0.640595308303435,0.894345059966422,0.712565830654765,0.693284325055232,0.667591401571955,0.620624833329634,0.637091116052815,0.656895788504079
0.603430729641587,0.712565830654765,0.912830398390637,0.760905255257016,0.69353341085021,0.684498661994004,0.645986673566795,0.608273889115327
0.605149761324427,0.693284325055232,0.760905255257016,0.869827870821148,0.670366665425528,0.659494920604909,0.663977622428151,0.649744489018853
0.669486870619737,0.667591401571955,0.693533410850211,0.670366665425528,0.585889016464777,0.572662249141092,0.670845975479515,0.553058786066658
0.537111517722687,0.620624833329634,0.684498661994004,0.659494920604909,0.572662249141092,0.547239341743415,0.546520667739756,0.480695144333635
0.403794230580778,0.637091116052815,0.645986673566794,0.663977622428151,0.670845975479515,0.546520667739756,0.460753226188581,0.490918291648406
0.6177012855721,0.656895788504079,0.608273889115327,0.649744489018853,0.553058786066658,0.480695144333635,0.490918291648406,0.477885162605221
