"[0,1)","[1,5)","[5,15)","[15,25)","[25,45)","[45,65)","[65,75)","[75,+)"
0.675884860025342,0.696577747886046,0.663447975400961,0.690687147865964,0.69284494226425,0.624793164276429,0.627404748966149,0.604889935932133
0.696577747886046,0.756560375994196,0.702475019221345,0.716768908170608,0.689591995395845,0.664789180991274,0.678619939447854,0.649532619161678
0.663447975400961,0.702475019221345,0.739946880606897,0.72400346462257,0.699925676925967,0.650281487584659,0.625474731122833,0.618312911013214
0.690687147865964,0.716768908170608,0.72400346462257,0.825766093981169,0.672185113618279,0.642912495533428,0.641790228453706,0.618187298677069
0.692844942264251,0.689591995395845,0.699925676925967,0.672185113618279,0.617562782805477,0.601057333985782,0.65602479053635,0.647448492611064
0.624793164276429,0.664789180991274,0.650281487584659,0.642912495533428,0.601057333985782,0.563630951666597,0.499203455452804,0.574229580977576
0.627404748966149,0.678619939447854,0.625474731122833,0.641790228453706,0.65602479053635,0.499203455452804,0.468833840491384,0.421740107291285
0.604889935932133,0.649532619161678,0.618312911013214,0.618187298677069,0.647448492611064,0.574229580977576,0.421740107291285,0.511331584166552
