"[0,1)","[1,5)","[5,15)","[15,25)","[25,45)","[45,65)","[65,75)","[75,+)"
0.323151297448677,0.876940514019967,0.931727146742793,0.948940957141514,0.868594949346222,0.960540280456812,0.95388744043999,0.897479039580404
0.876940514019967,0.575033530257663,0.886435069235532,0.85512086171897,0.848463976498991,0.910928177605412,0.911139700635145,0.909908821111331
0.931727146742793,0.886435069235532,0.592103905900736,0.804287233689807,0.878919897295134,0.871516851657354,0.91634667543872,0.89900568302469
0.948940957141514,0.85512086171897,0.804287233689806,0.604832510973072,0.876177312697145,0.894258683121163,0.938497610708139,0.910723911556518
0.868594949346222,0.848463976498991,0.878919897295134,0.876177312697145,0.896207367729151,0.890461182690929,0.963009666053873,0.956234414502625
0.960540280456812,0.910928177605412,0.871516851657354,0.894258683121163,0.890461182690929,0.913090926877876,0.924670998163571,0.942574909490711
0.95388744043999,0.911139700635145,0.91634667543872,0.938497610708139,0.963009666053873,0.924670998163571,0.854095045901563,0.843613366839018
0.897479039580404,0.909908821111331,0.89900568302469,0.910723911556518,0.956234414502625,0.942574909490711,0.843613366839018,0.873203039167936
