"[0,1)","[1,5)","[5,15)","[15,25)","[25,45)","[45,65)","[65,75)","[75,+)"
0.619573235963648,0.834204046442435,0.870909357910642,0.90483287462533,0.912393495193926,0.913405817242149,1.08085862902535,0.806476247393276
0.834204046442435,0.686223631946498,0.827036379777482,0.841784687387969,0.885843657014372,0.870652724834335,0.896433277293883,0.831976492592249
0.870909357910642,0.827036379777482,0.67661930170566,0.827135159539431,0.86721257415664,0.842573118714525,0.841502245844872,0.822660435369858
0.904832874625329,0.841784687387969,0.82713515953943,0.880153434669121,0.903973668519909,0.888977648082987,0.897139042855434,0.826169623767189
0.912393495193926,0.885843657014372,0.86721257415664,0.903973668519909,0.928230713863769,0.950746548084382,1.05853417544195,1.16603841147807
0.913405817242149,0.870652724834335,0.842573118714525,0.888977648082987,0.950746548084382,0.900380747307397,0.899333367987176,0.802662296148482
1.08085862902535,0.896433277293883,0.841502245844872,0.897139042855434,1.05853417544195,0.899333367987176,0.764418329303357,0.850617460112355
0.806476247393276,0.831976492592249,0.822660435369858,0.826169623767189,1.16603841147807,0.802662296148482,0.850617460112355,0.717611982025553
