"[0,1)","[1,5)","[5,15)","[15,25)","[25,45)","[45,65)","[65,75)","[75,+)"
0.897175391610893,1.35801190334543,1.26425321018018,1.1727283925602,1.16685987370407,1.35023820651206,1.54431900244171,1.39312939333578
1.35801190334543,0.994562777558051,1.16038846542824,1.13378012096061,1.09632575348445,1.21664641331786,1.4027512659543,1.3974819360453
1.26425321018018,1.16038846542824,1.00900754541559,1.11895966685792,1.10173788107238,1.14568822858244,1.28982744043617,1.38743349829896
1.1727283925602,1.13378012096061,1.11895966685792,1.06501786872348,1.0530404229598,1.04391954981017,1.14527809639438,1.1429761611836
1.16685987370407,1.09632575348445,1.10173788107238,1.0530404229598,1.09351969665436,1.07019752750451,1.12014399687482,1.21347722312532
1.35023820651206,1.21664641331786,1.14568822858244,1.04391954981017,1.07019752750451,1.03334422139705,1.0872031497826,1.10586203664829
1.54431900244171,1.4027512659543,1.28982744043617,1.14527809639438,1.12014399687482,1.0872031497826,1.10409181122827,1.09736865035605
1.39312939333578,1.3974819360453,1.38743349829896,1.1429761611836,1.21347722312532,1.10586203664829,1.09736865035605,1
