"[0,1)","[1,5)","[5,15)","[15,25)","[25,45)","[45,65)","[65,75)","[75,+)"
0.0878464047250074,0.577837246549341,0.744736917756361,0.71848684208827,0.647598513398023,0.536436188110864,0.440764259790861,0.540661739305296
0.577837246549341,0.449541160534057,0.682735718723036,0.652176352184103,0.650373777916453,0.582704298747531,0.50876851103265,0.536026850345059
0.744736917756361,0.682735718723036,0.447817778569048,0.637905469112835,0.665569930601457,0.566284674168237,0.548767925543817,0.526489573451825
0.71848684208827,0.652176352184103,0.637905469112835,0.650820171213741,0.601105586562427,0.622668458163758,0.538233931499068,0.529967580871271
0.647598513398023,0.650373777916453,0.665569930601457,0.601105586562427,0.564873416189744,0.536462257197119,0.50936458635349,0.465394456455245
0.536436188110864,0.582704298747531,0.566284674168237,0.622668458163758,0.536462257197119,0.562569821437471,0.489708307896166,0.46508305308173
0.440764259790861,0.50876851103265,0.548767925543818,0.538233931499068,0.50936458635349,0.489708307896166,0.550722662757009,0.5351820917605
0.540661739305296,0.536026850345059,0.526489573451825,0.529967580871271,0.465394456455245,0.46508305308173,0.5351820917605,0.815020851047484
