"[0,1)","[1,5)","[5,15)","[15,25)","[25,45)","[45,65)","[65,75)","[75,+)"
0.516070937885818,0.576000564279448,0.610555711243948,0.603614146573038,0.582571376834129,0.53547298369393,0.384739755059277,0.586919051716308
0.576000564279448,0.529683170943535,0.62568456323195,0.588710377672409,0.597308188666682,0.582492431370545,0.558528717513597,0.628063661006476
0.610555711243948,0.62568456323195,0.524656195103331,0.565830476581517,0.607392924900916,0.569544061771323,0.543374848943077,0.575003105466176
0.603614146573038,0.58871037767241,0.565830476581517,0.507719994659534,0.577797611731464,0.572746104319402,0.526268843765067,0.60365319093871
0.582571376834129,0.597308188666682,0.607392924900916,0.577797611731464,0.573798487364914,0.545498211104503,0.517022762004658,0.455241714609687
0.53547298369393,0.582492431370545,0.569544061771323,0.572746104319402,0.545498211104503,0.517300890699026,0.44948808009625,0.430394744179994
0.384739755059277,0.558528717513597,0.543374848943077,0.526268843765067,0.517022762004658,0.44948808009625,0.416240719278628,0.41456787881046
0.586919051716308,0.628063661006476,0.575003105466176,0.60365319093871,0.455241714609687,0.430394744179994,0.41456787881046,0.449666714111376
