"[0,1)","[1,5)","[5,15)","[15,25)","[25,45)","[45,65)","[65,75)","[75,+)"
0.817393326810464,0.847093107414358,0.892638671606777,0.900953709719018,0.895990394668609,0.813648193651876,0.80701688162652,0.79216072195797
0.847093107414358,0.882175940069116,0.911132178292055,0.872008920629279,0.886478973631586,0.837620308126204,0.79732776415421,0.79273875580769
0.892638671606777,0.911132178292055,0.89416192264735,0.882555102368225,0.906530968371137,0.852824008947442,0.838003823576921,0.794826312985464
0.900953709719018,0.872008920629279,0.882555102368225,0.861257715822475,0.843289933101758,0.849540153239909,0.821151191136928,0.785874884247907
0.895990394668609,0.886478973631586,0.906530968371136,0.843289933101758,0.823483281412435,0.796002613812428,0.800448234343687,0.790152102873604
0.813648193651876,0.837620308126204,0.852824008947441,0.849540153239909,0.796002613812428,0.84326091519685,0.79048209897959,0.78487310393195
0.80701688162652,0.79732776415421,0.838003823576921,0.821151191136928,0.800448234343687,0.79048209897959,0.815402277657978,0.789563166067158
0.79216072195797,0.792738755807691,0.794826312985464,0.785874884247907,0.790152102873604,0.78487310393195,0.789563166067158,1
