"[0,1)","[1,5)","[5,15)","[15,25)","[25,45)","[45,65)","[65,75)","[75,+)"
0.583795731137018,0.601504123162623,0.75558284694809,0.748491201352226,0.778536521618091,0.540286296578659,0.661696237808643,0.502875888753634
0.601504123162623,0.8517789994083,0.755126316371824,0.700573005532606,0.760349770577848,0.576401730081209,0.540735162039136,0.50872367813668
0.75558284694809,0.755126316371824,0.83730997042902,0.717857075054086,0.795165078353996,0.63208726883628,0.604814346037897,0.505133907912375
0.748491201352226,0.700573005532606,0.717857075054086,0.697561443040946,0.673111360451642,0.662472836794327,0.612875672888279,0.561282671239323
0.778536521618091,0.760349770577848,0.795165078353996,0.673111360451643,0.65189735477956,0.608673151996324,0.658017439079379,0.635260523672916
0.540286296578659,0.576401730081209,0.63208726883628,0.662472836794327,0.608673151996324,0.673676649022901,0.572206489459904,0.592850956208857
0.661696237808643,0.540735162039136,0.604814346037897,0.612875672888279,0.658017439079379,0.572206489459904,0.665536337955828,0.599643350944346
0.502875888753634,0.50872367813668,0.505133907912375,0.561282671239322,0.635260523672916,0.592850956208857,0.599643350944346,1
