"[0,1)","[1,5)","[5,15)","[15,25)","[25,45)","[45,65)","[65,75)","[75,+)"
0.838963827467412,0.981824102324533,1.04254165108237,1.09804663736798,1.05741260387065,0.96903455707344,1.67815267419755,0.914499685651788
0.981824102324533,0.897830735849182,0.959700117431113,0.982799181682627,1.02323486519151,0.883094371586279,1.10655252340877,0.941167513051255
1.04254165108237,0.959700117431113,0.908905058411523,0.911457784411839,1.00584922059203,0.88526547304668,1.03702359242471,0.964423654428607
1.09804663736798,0.982799181682627,0.911457784411839,0.696016352071969,0.99745677164103,0.957116946310401,1.19793632943292,1.05840340696178
1.05741260387065,1.02323486519151,1.00584922059203,0.99745677164103,1.04587967578317,1.0137293689248,1.28270468055993,1.4194919277574
0.96903455707344,0.883094371586279,0.88526547304668,0.957116946310401,1.0137293689248,0.936323087720217,1.11169270190972,1.06864948966454
1.67815267419755,1.10655252340877,1.03702359242471,1.19793632943292,1.28270468055993,1.11169270190972,1.18346904083951,1.2886164655179
0.914499685651788,0.941167513051255,0.964423654428607,1.05840340696178,1.4194919277574,1.06864948966454,1.2886164655179,1.02822291433455
