"[0,1)","[1,5)","[5,15)","[15,25)","[25,45)","[45,65)","[65,75)","[75,+)"
0.267469821238627,0.604825955972078,0.806158411603779,0.853377557701748,0.738377938381208,0.577248262457229,0.973750130980799,0.525552330692389
0.604825955972078,0.415779906935054,0.667355867853902,0.699784794481737,0.713421904836932,0.551093745737575,0.634583558360912,0.541204022963866
0.806158411603779,0.667355867853902,0.358628539498557,0.598160784085654,0.69967893385357,0.524541609656021,0.61614708433629,0.550128549609958
0.853377557701748,0.699784794481737,0.598160784085654,0.444158248793925,0.696981759395397,0.696842271804299,0.788197643250263,0.685992163401966
0.738377938381208,0.713421904836932,0.699678933853571,0.696981759395397,0.692882580344249,0.675455036676277,0.826491790359356,0.846621360559399
0.577248262457229,0.551093745737575,0.524541609656021,0.696842271804299,0.675455036676277,0.645899940691247,0.682056140764333,0.623772296492445
0.973750130980799,0.634583558360912,0.61614708433629,0.788197643250263,0.826491790359356,0.682056140764333,0.750957006021556,0.816846447728893
0.525552330692388,0.541204022963866,0.550128549609958,0.685992163401966,0.846621360559399,0.623772296492445,0.816846447728893,0.868172136935389
