"[0,1)","[1,5)","[5,15)","[15,25)","[25,45)","[45,65)","[65,75)","[75,+)"
0.142589960558585,0.533875418814268,0.672345893544509,0.723129889856078,0.643066065862761,0.434147107066427,0.348433106254383,0.417027524775753
0.533875418814268,0.327575285135576,0.638109698690132,0.62141775211894,0.624802423187841,0.501321022574615,0.400687261033382,0.4145018678637
0.672345893544509,0.638109698690132,0.307783410641631,0.584119201624842,0.69203534716687,0.507113723079213,0.517888484294403,0.406642295181775
0.723129889856078,0.62141775211894,0.584119201624842,0.603152562459373,0.607546056357556,0.609311463925325,0.525963089496547,0.409770349112443
0.643066065862761,0.624802423187841,0.69203534716687,0.607546056357556,0.549009678802669,0.482051566257178,0.478006942650928,0.417678855001278
0.434147107066428,0.501321022574615,0.507113723079213,0.609311463925325,0.482051566257178,0.59078161374387,0.449949415798172,0.416587223431623
0.348433106254383,0.400687261033382,0.517888484294403,0.525963089496547,0.478006942650928,0.449949415798172,0.528382726959451,0.475895289897751
0.417027524775753,0.4145018678637,0.406642295181775,0.409770349112443,0.417678855001278,0.416587223431623,0.475895289897751,1
