"[0,1)","[1,5)","[5,15)","[15,25)","[25,45)","[45,65)","[65,75)","[75,+)"
0.0533459024556017,0.403465323947055,0.654446203857678,0.657779141495906,0.575722852368848,0.341698436901277,0.390775127635558,0.231625344189372
0.403465323947055,0.196881328756228,0.542891811568512,0.505135613909485,0.529713684204259,0.377432902119124,0.279876970439658,0.237309583435787
0.654446203857678,0.542891811568512,0.174107646099245,0.415307200562823,0.537277982935244,0.353955325948747,0.353063781983891,0.255993799679556
0.657779141495906,0.505135613909485,0.415307200562823,0.263330752709815,0.452118180683729,0.486661612941749,0.407027106030689,0.27480294547099
0.575722852368848,0.529713684204259,0.537277982935244,0.452118180683729,0.407985869082314,0.387877244101437,0.41183596987332,0.404806344877701
0.341698436901277,0.377432902119124,0.353955325948747,0.486661612941749,0.387877244101437,0.42030504489089,0.358057678701821,0.291560013365009
0.390775127635558,0.279876970439658,0.353063781983891,0.407027106030689,0.41183596987332,0.358057678701821,0.434465817205156,0.446732063628523
0.231625344189372,0.237309583435787,0.255993799679556,0.274802945470989,0.404806344877701,0.291560013365009,0.446732063628523,0.736239783519018
