"[0,1)","[1,5)","[5,15)","[15,25)","[25,45)","[45,65)","[65,75)","[75,+)"
0.744111022669601,0.718684018105994,0.878884008230176,0.915062239600643,0.913391513601536,0.710236885013624,1.15559027555324,0.59753156783672
0.718684018105994,0.864697607638785,0.795162998136032,0.864902948318775,0.864885493173388,0.658084134710917,0.693590565146659,0.616782573777978
0.878884008230176,0.795162998136031,0.850057482162529,0.838725966764467,0.894414231776352,0.696883154381343,0.709339321189479,0.613949247832554
0.915062239600643,0.864902948318775,0.838725966764467,0.7981548062574,0.970329844501717,0.884144880700381,0.964077783519586,1.01705310415467
0.913391513601536,0.864885493173388,0.894414231776352,0.970329844501717,0.909317137825086,0.822087976227705,0.937976121362454,1.00318720520541
0.710236885013624,0.658084134710916,0.696883154381343,0.884144880700381,0.822087976227705,0.788440563042523,0.784441323853266,0.718650403514347
1.15559027555324,0.693590565146659,0.709339321189479,0.964077783519586,0.937976121362454,0.784441323853266,0.879937023797177,0.882816467038939
0.59753156783672,0.616782573777978,0.613949247832554,1.01705310415467,1.00318720520541,0.718650403514347,0.882816467038939,1
