"[0,1)","[1,5)","[5,15)","[15,25)","[25,45)","[45,65)","[65,75)","[75,+)"
0.777945799891089,0.648589627486389,0.810994879853251,0.818053706364965,0.868951902750089,0.623637130368655,0.921965603278305,0.486423492945659
0.648589627486389,0.783275916988857,0.760066050174177,0.777513724635525,0.821864910114802,0.610687675158714,0.566179590706264,0.502207505654051
0.810994879853251,0.760066050174177,0.784532605398161,0.793887499470829,0.853826405941956,0.665034714423795,0.622632075937478,0.505536102604496
0.818053706364965,0.777513724635525,0.793887499470829,0.863509557908221,0.835674842150962,0.772104658596995,0.736975292854333,0.685160620414378
0.868951902750089,0.821864910114802,0.853826405941956,0.835674842150962,0.821163114542088,0.751667044376101,0.802032459185741,0.806481310905019
0.623637130368655,0.610687675158714,0.665034714423795,0.772104658596995,0.751667044376101,0.749810110167989,0.683820254588416,0.628446895755808
0.921965603278305,0.566179590706264,0.622632075937478,0.736975292854333,0.80203245918574,0.683820254588416,0.745335373835578,0.719535960979931
0.486423492945659,0.502207505654051,0.505536102604496,0.685160620414377,0.806481310905019,0.628446895755808,0.719535960979931,1
