"[0,1)","[1,5)","[5,15)","[15,25)","[25,45)","[45,65)","[65,75)","[75,+)"
0.127465853355512,0.688069941416408,0.79544071737975,0.791578007396552,0.724669740172603,0.602663546723409,0.655231563498842,0.565878829368445
0.688069941416408,0.320313549483127,0.714286084195833,0.649812162938401,0.678608350228455,0.604015544924586,0.568874356184799,0.569116965607365
0.79544071737975,0.714286084195833,0.323454640620186,0.56857033141843,0.746637014480668,0.578737245442936,0.649816969677379,0.566435615902065
0.791578007396552,0.649812162938401,0.56857033141843,0.337408102829303,0.644923395987204,0.64601048697021,0.593576842965405,0.462300108915445
0.724669740172603,0.678608350228455,0.746637014480668,0.644923395987204,0.633875506471219,0.562501652566876,0.545311758696122,0.512234963140247
0.602663546723409,0.604015544924587,0.578737245442936,0.64601048697021,0.562501652566876,0.645880187782335,0.538680531343563,0.477989085100576
0.655231563498842,0.568874356184799,0.649816969677379,0.593576842965406,0.545311758696122,0.538680531343563,0.605199956155485,0.554863218712443
0.565878829368445,0.569116965607365,0.566435615902065,0.462300108915444,0.512234963140247,0.477989085100576,0.554863218712443,1
