"[0,1)","[1,5)","[5,15)","[15,25)","[25,45)","[45,65)","[65,75)","[75,+)"
0.828671095410461,0.664879974586299,0.73316084742786,0.715332619740675,0.742632929893642,0.498153996242632,0.561627810084688,0.659098714611421
0.664879974586299,0.897134775990349,0.768340321178226,0.718689431165369,0.722252375541493,0.574920918061029,0.64756070372537,0.655694894686171
0.73316084742786,0.768340321178226,0.84828471511604,0.764620402225874,0.74806719737971,0.625961850976906,0.676644153263075,0.635708585162635
0.715332619740675,0.718689431165369,0.764620402225874,0.835490333845279,0.666387689648389,0.643573687675947,0.652109849972705,0.653661951334137
0.742632929893642,0.722252375541493,0.74806719737971,0.666387689648389,0.591194670935283,0.533340974910399,0.659973419847626,0.605606231311627
0.498153996242632,0.574920918061029,0.625961850976906,0.643573687675947,0.533340974910399,0.52866011656532,0.571167480668138,0.525207519265005
0.561627810084688,0.64756070372537,0.676644153263075,0.652109849972705,0.659973419847626,0.571167480668138,0.684626207906661,0.732478067195051
0.659098714611421,0.655694894686171,0.635708585162635,0.653661951334137,0.605606231311627,0.525207519265005,0.732478067195051,0.860985625180914
