"[0,1)","[1,5)","[5,15)","[15,25)","[25,45)","[45,65)","[65,75)","[75,+)"
0.741316884587951,0.785855879314685,0.880675362909743,0.953856625014361,0.953399702502847,0.792563827961677,1.04912149945516,0.655714767346172
0.785855879314685,0.737243693844278,0.846113194575295,0.898960926229976,0.897505144797256,0.772642802274906,0.769797658754431,0.669765794862738
0.880675362909743,0.846113194575295,0.738358362571397,0.8880132851928,0.890801510103762,0.791750490989,0.798407459547154,0.698544076307518
0.953856625014361,0.898960926229976,0.8880132851928,0.960854904384398,0.913195213439827,0.903557793937401,0.923404093758757,0.765942614076619
0.953399702502847,0.897505144797257,0.890801510103762,0.913195213439827,0.858720947549322,0.867888213435537,1.01098298118857,1.09500033908046
0.792563827961676,0.772642802274906,0.791750490989,0.903557793937401,0.867888213435537,0.834817718637576,0.849703223034699,0.77262513242239
1.04912149945515,0.769797658754431,0.798407459547154,0.923404093758757,1.01098298118857,0.849703223034699,0.803978547137584,0.879481277271723
0.655714767346172,0.669765794862738,0.698544076307518,0.765942614076619,1.09500033908046,0.77262513242239,0.879481277271723,0.866883909948361
