"[0,1)","[1,5)","[5,15)","[15,25)","[25,45)","[45,65)","[65,75)","[75,+)"
0.948826866400369,0.912891093206164,0.957745443263318,0.950366685841843,0.96958368452732,0.959691758342041,1.09416082290963,0.926382711384812
0.912891093206164,0.946080068371932,0.919520217341969,0.914605396637271,0.936753101604603,0.910787222531008,0.965692410081887,0.931229728536342
0.957745443263318,0.919520217341969,0.944327931561598,0.920071298924318,0.936352019319909,0.913072842605008,0.949605090472363,0.935073897092917
0.950366685841843,0.914605396637271,0.920071298924318,0.90115944457213,0.886338038964489,0.92469072145382,0.980614458453667,1.00876463122861
0.969583684527319,0.936753101604603,0.936352019319909,0.886338038964489,0.861276735049602,0.904171355688762,0.989262672213785,1.0558647479417
0.959691758342041,0.910787222531008,0.913072842605008,0.92469072145382,0.904171355688762,0.946236832097429,1.00080009059418,1.00389508081393
1.09416082290963,0.965692410081887,0.949605090472363,0.980614458453667,0.989262672213785,1.00080009059418,1.0631041603241,1.06651011544049
0.926382711384812,0.931229728536342,0.935073897092918,1.00876463122861,1.0558647479417,1.00389508081393,1.06651011544049,1.0253483005538
