"[0,1)","[1,5)","[5,15)","[15,25)","[25,45)","[45,65)","[65,75)","[75,+)"
0.812045560071805,0.946846098289077,0.979185877831643,0.968820645815499,0.940508172849807,0.949886637903989,0.94028504293292,0.938961844240874
0.946846098289077,0.891966377131784,0.967943421698609,0.914084954711464,0.938844849603177,0.946700931556888,0.937640740316698,0.939011239948293
0.979185877831642,0.967943421698609,0.902080700747468,0.860611454435219,0.934466019045675,0.916479637821568,0.944635296885167,0.943657143190038
0.968820645815499,0.914084954711463,0.860611454435219,0.659509002784665,0.873376600321652,0.898903786260377,0.92313506832779,0.936731698397559
0.940508172849807,0.938844849603177,0.934466019045675,0.873376600321652,0.878128168477007,0.885121050375796,0.919178147214893,0.944808364059456
0.949886637903989,0.946700931556888,0.916479637821568,0.898903786260377,0.885121050375796,0.912388790223005,0.937840782251407,0.948936628281403
0.94028504293292,0.937640740316698,0.944635296885167,0.92313506832779,0.919178147214893,0.937840782251407,0.969719931061655,0.962037792245257
0.938961844240874,0.939011239948293,0.943657143190038,0.936731698397559,0.944808364059456,0.948936628281403,0.962037792245257,0.987292994320736
