"[0,1)","[1,5)","[5,15)","[15,25)","[25,45)","[45,65)","[65,75)","[75,+)"
0.906775073215697,1.08206416345053,1.09854964595076,1.10986213167447,1.07948942586645,1.19419059316986,1.63709738425325,1.02230243400077
1.08206416345053,0.954051987591264,1.03077401650501,1.015350181071,1.02878583930958,1.0649855539078,1.16775231028918,1.04100371957619
1.09854964595076,1.03077401650501,0.955329485797221,0.948233908329822,1.00348202654928,0.998223878997757,1.08556046681305,1.05412546892936
1.10986213167447,1.015350181071,0.948233908329821,0.737515588742534,0.964928252933722,1.01856405844791,1.17100573764481,1.11854723792485
1.07948942586645,1.02878583930958,1.00348202654928,0.964928252933722,0.929682029060296,0.9988918021486,1.23796203197357,1.41650801565877
1.19419059316986,1.0649855539078,0.998223878997757,1.01856405844791,0.9988918021486,1.02574255858078,1.16859714676911,1.14535156868685
1.63709738425325,1.16775231028918,1.08556046681305,1.17100573764481,1.23796203197357,1.16859714676911,1.11423971845856,1.23488143183891
1.02230243400077,1.04100371957619,1.05412546892936,1.11854723792485,1.41650801565877,1.14535156868685,1.23488143183891,0.992312263731566
