"[0,1)","[1,5)","[5,15)","[15,25)","[25,45)","[45,65)","[65,75)","[75,+)"
0.160369591299341,0.551817291800158,0.725716866788464,0.702929012720433,0.627294268227891,0.506400576624984,0.410948739817206,0.506892642365697
0.551817291800158,0.353815030557714,0.639403782172359,0.62386569489334,0.615489336260386,0.546877694490938,0.472737849574366,0.502374378205757
0.725716866788464,0.639403782172359,0.314962399923829,0.590599690410533,0.624906891538438,0.514973011602748,0.504394073524037,0.489523538352535
0.702929012720433,0.62386569489334,0.590599690410533,0.622614525895628,0.578976898565623,0.600992383467308,0.509137581703824,0.498758090869992
0.627294268227891,0.615489336260386,0.624906891538438,0.578976898565624,0.543470083553948,0.514860558304849,0.480639116182052,0.433485892346302
0.506400576624984,0.546877694490938,0.514973011602747,0.600992383467308,0.514860558304849,0.540323322109091,0.459907469576228,0.433522801369674
0.410948739817206,0.472737849574365,0.504394073524037,0.509137581703824,0.480639116182052,0.459907469576228,0.522066994098689,0.509688287773423
0.506892642365697,0.502374378205757,0.489523538352535,0.498758090869992,0.433485892346302,0.433522801369674,0.509688287773423,0.80371543639481
