"[0,1)","[1,5)","[5,15)","[15,25)","[25,45)","[45,65)","[65,75)","[75,+)"
0.0567964809530546,0.423556424736767,0.589830040704955,0.631017600739341,0.564532019713117,0.32289905855255,0.279825411333312,0.256811726327299
0.423556424736767,0.223831670418801,0.576938369288644,0.490675273749085,0.543960278513042,0.395954360633791,0.256438317550148,0.25770715887764
0.589830040704955,0.576938369288644,0.223007593498606,0.430794861424295,0.622453160038046,0.411564070703763,0.412445056108383,0.259974598345296
0.631017600739341,0.490675273749085,0.430794861424295,0.235031753378871,0.492196334033192,0.513053257263289,0.406035916064897,0.256167767700929
0.564532019713117,0.543960278513042,0.622453160038046,0.492196334033192,0.45111844703683,0.374579709466906,0.350354604643636,0.268975627979151
0.32289905855255,0.395954360633791,0.411564070703763,0.513053257263289,0.374579709466906,0.5243788385816,0.366970408981783,0.282652562650405
0.279825411333312,0.256438317550148,0.412445056108383,0.406035916064897,0.350354604643636,0.366970408981784,0.447225845518544,0.392641070044198
0.256811726327299,0.25770715887764,0.259974598345296,0.256167767700929,0.268975627979151,0.282652562650405,0.392641070044197,1
