"[0,1)","[1,5)","[5,15)","[15,25)","[25,45)","[45,65)","[65,75)","[75,+)"
0.392947186745208,0.618111220133504,0.730552470322184,0.755598996795273,0.696493916941105,0.553424783865817,0.530002524681301,0.508408219771245
0.618111220133504,0.440795126152318,0.70838019595414,0.641799057956743,0.67434445823009,0.591751072156425,0.504751110193012,0.509412932937055
0.730552470322184,0.70838019595414,0.405300332753739,0.57336097327059,0.730171515519215,0.582420455078405,0.603725706277349,0.509051990935612
0.755598996795273,0.641799057956743,0.57336097327059,0.36048678584565,0.638745861534845,0.659167962323333,0.59047093554649,0.501607272125386
0.696493916941105,0.674344458230089,0.730171515519215,0.638745861534845,0.611020360843902,0.567373477742082,0.553430028304018,0.515627920646786
0.553424783865817,0.591751072156425,0.582420455078405,0.659167962323333,0.567373477742082,0.666874080179684,0.552300106073549,0.517907078661861
0.530002524681301,0.504751110193013,0.603725706277349,0.59047093554649,0.553430028304018,0.552300106073549,0.598896340361487,0.551034626513651
0.508408219771245,0.509412932937055,0.509051990935612,0.501607272125386,0.515627920646786,0.517907078661861,0.551034626513651,1
