"[0,1)","[1,5)","[5,15)","[15,25)","[25,45)","[45,65)","[65,75)","[75,+)"
0.167955418756793,0.975718860698347,1.09345039661901,1.10809741664365,0.91499204175714,1.02706003932635,1.44604713510714,0.903773262929213
0.975718860698346,0.373889248115652,0.89602430319156,0.969698341103222,0.885623138877535,0.921165838930475,1.01447510721146,0.923766017905793
1.09345039661901,0.89602430319156,0.370907318771554,0.872357293125033,0.847991715890239,0.784931325081158,0.929570614619946,0.928516784415077
1.10809741664365,0.969698341103222,0.872357293125033,0.89552017444615,0.905523757773438,0.933667437483768,1.09127419991588,1.04028100118385
0.91499204175714,0.885623138877535,0.847991715890239,0.905523757773438,0.826649927071442,0.853373534632156,1.07469352491572,1.14731099849122
1.02706003932635,0.921165838930475,0.784931325081158,0.933667437483768,0.853373534632156,0.857891627360235,0.974369155539943,0.925293826997464
1.44604713510714,1.01447510721146,0.929570614619946,1.09127419991588,1.07469352491572,0.974369155539943,0.917686509431978,1.01121508211485
0.903773262929213,0.923766017905793,0.928516784415077,1.04028100118385,1.14731099849122,0.925293826997464,1.01121508211486,0.912393388219709
