"[0,1)","[1,5)","[5,15)","[15,25)","[25,45)","[45,65)","[65,75)","[75,+)"
0.685514339525458,0.69936061363139,0.839360546072624,0.809431570633115,0.858608139355643,0.648997521431356,0.950784076773658,0.504527907814091
0.69936061363139,0.805561209332567,0.754821333652054,0.775658536154283,0.819914857631591,0.633353090758947,0.639523289780377,0.519175106743769
0.839360546072624,0.754821333652054,0.810134724018664,0.806100997385267,0.836126680403556,0.712309308163759,0.659785545758163,0.532365919871061
0.809431570633115,0.775658536154283,0.806100997385267,0.877499571417483,0.800739488113779,0.787004978545012,0.732680837666537,0.709324491118109
0.858608139355643,0.819914857631591,0.836126680403556,0.800739488113779,0.769856944824973,0.761239639801283,0.789563198207682,0.763508186324004
0.648997521431356,0.633353090758947,0.712309308163759,0.787004978545012,0.761239639801283,0.750545982815768,0.700800218894288,0.651094227253562
0.950784076773658,0.639523289780377,0.659785545758163,0.732680837666536,0.789563198207682,0.700800218894288,0.745213299275212,0.758102906295228
0.504527907814091,0.519175106743769,0.532365919871061,0.709324491118109,0.763508186324004,0.651094227253562,0.758102906295228,0.884388382131395
