"[0,1)","[1,5)","[5,15)","[15,25)","[25,45)","[45,65)","[65,75)","[75,+)"
0.30504258663558,0.517634106650523,0.734788252710089,0.687857397658435,0.616586723887756,0.393948061557623,0.607290421655163,0.259388971956377
0.517634106650523,0.320342032879749,0.577339574805863,0.56054273810804,0.560437304664267,0.406213993908675,0.354723601898664,0.271356277231908
0.734788252710089,0.577339574805863,0.283395641628126,0.501227166298606,0.572012355204354,0.398243744789394,0.38057755939278,0.275879689761045
0.687857397658435,0.56054273810804,0.501227166298606,0.428711506605656,0.501117002994661,0.51373204589494,0.438544900629433,0.380784296199439
0.616586723887756,0.560437304664267,0.572012355204354,0.501117002994661,0.442504823521797,0.391179034652262,0.382951827786788,0.339759633215275
0.393948061557624,0.406213993908675,0.398243744789394,0.51373204589494,0.391179034652262,0.404112754893067,0.335266155779038,0.280141439547004
0.607290421655163,0.354723601898664,0.38057755939278,0.438544900629433,0.382951827786788,0.335266155779038,0.438397070137893,0.448733935371396
0.259388971956377,0.271356277231908,0.275879689761045,0.380784296199439,0.339759633215275,0.280141439547004,0.448733935371396,0.748635148304974
