"[0,1)","[1,5)","[5,15)","[15,25)","[25,45)","[45,65)","[65,75)","[75,+)"
0.795939474894737,0.825963244944139,0.880364795305032,0.838395306713047,0.863430486665572,0.710508488960586,0.721236959727658,0.728361132305459
0.825963244944139,0.806501025730022,0.849479789377247,0.782799163130735,0.810098473413463,0.720718267873524,0.723220620832317,0.72816443993416
0.880364795305032,0.849479789377247,0.81552382179507,0.802538062942928,0.826352042528745,0.73509935114931,0.732196131397862,0.717663968978818
0.838395306713047,0.782799163130735,0.802538062942927,0.794474454095924,0.717497060729205,0.712919040847975,0.65031599098966,0.597395974662706
0.863430486665572,0.810098473413462,0.826352042528745,0.717497060729205,0.68045547983355,0.648291540537238,0.673219188908883,0.67611839197672
0.710508488960586,0.720718267873524,0.73509935114931,0.712919040847975,0.648291540537238,0.643623452030236,0.593344458194943,0.546401741030073
0.721236959727658,0.723220620832317,0.732196131397863,0.65031599098966,0.673219188908883,0.593344458194943,0.642613104043065,0.667730104217134
0.728361132305459,0.72816443993416,0.717663968978818,0.597395974662706,0.67611839197672,0.546401741030073,0.667730104217134,0.838958365384437
