"[0,1)","[1,5)","[5,15)","[15,25)","[25,45)","[45,65)","[65,75)","[75,+)"
1.00033576214026,0.655812148474533,0.722599266430574,0.720135958154267,0.771301958805737,0.505683756388433,0.496121078717663,0.513903143778173
0.655812148474533,0.941839151717284,0.772745677065395,0.737113391631584,0.734991064186259,0.595817885126169,0.549190180357065,0.513412196021764
0.722599266430574,0.772745677065395,0.951491129388132,0.807261600061473,0.770425169394208,0.681125990970995,0.651598837960468,0.511942842018203
0.720135958154267,0.737113391631583,0.807261600061473,0.890453455386472,0.683369559359414,0.690241075215713,0.654737432289378,0.581781435689449
0.771301958805737,0.734991064186259,0.770425169394208,0.683369559359414,0.585802494503491,0.56661432926477,0.65443274013079,0.54643049457705
0.505683756388433,0.595817885126169,0.681125990970995,0.690241075215713,0.56661432926477,0.591463647885303,0.584671085219175,0.51154192926168
0.496121078717663,0.549190180357066,0.651598837960468,0.654737432289378,0.65443274013079,0.584671085219175,0.590690709606975,0.617465820604627
0.513903143778173,0.513412196021764,0.511942842018203,0.581781435689449,0.54643049457705,0.51154192926168,0.617465820604627,0.815370609285539
