"[0,1)","[1,5)","[5,15)","[15,25)","[25,45)","[45,65)","[65,75)","[75,+)"
0.966966695425638,1.05515008977431,1.03373793070898,0.985985288289413,0.99204450241717,0.960276597235596,0.984070018148131,0.932179709559835
1.05515008977431,0.961070387681948,1.00796848907568,0.931381160831763,0.944309289405123,0.923981945171226,0.943016216912975,0.933678791969571
1.03373793070898,1.00796848907568,0.96546363111131,0.937561350103936,0.9418128446154,0.902517851053042,0.923957788230816,0.923237220710083
0.985985288289413,0.931381160831763,0.937561350103936,0.871941810475689,0.82369848790061,0.836024629019505,0.842986925264524,0.750408086102663
0.99204450241717,0.944309289405123,0.9418128446154,0.82369848790061,0.777098260229854,0.78189096309917,0.861324337263328,0.920127132249489
0.960276597235597,0.923981945171226,0.902517851053042,0.836024629019505,0.78189096309917,0.791603928332701,0.798938323638032,0.761866642311521
0.984070018148131,0.943016216912976,0.923957788230816,0.842986925264524,0.861324337263328,0.798938323638032,0.806496968747982,0.834763172569642
0.932179709559835,0.933678791969571,0.923237220710083,0.750408086102663,0.92012713224949,0.761866642311521,0.834763172569642,0.895834905676433
