"[0,1)","[1,5)","[5,15)","[15,25)","[25,45)","[45,65)","[65,75)","[75,+)"
0.913409412395783,0.984126962648021,0.999532476425865,0.992327270703274,0.986675861233629,0.992274830386363,0.99229969396151,0.983478108326341
0.984126962648021,0.940171558825781,0.99001657875273,0.973718399599614,0.973771572312688,0.983177209458482,0.983633670500586,0.983837776224419
0.999532476425865,0.99001657875273,0.947783895739238,0.979589523520822,0.982603529768094,0.983707035672714,0.985088072460205,0.980537491122192
0.992327270703274,0.973718399599614,0.979589523520822,0.977572161090888,0.966649268638029,0.974083991495461,0.985901651482719,0.98163862782725
0.98667586123363,0.973771572312689,0.982603529768094,0.966649268638029,0.966284679098879,0.951451534957549,0.962122719558423,0.972697878141471
0.992274830386363,0.983177209458482,0.983707035672714,0.974083991495461,0.951451534957549,0.977826535845276,0.979682705290837,0.964071044310194
0.99229969396151,0.983633670500586,0.985088072460205,0.985901651482719,0.962122719558423,0.979682705290837,0.992479480339724,1.00270829142431
0.983478108326342,0.983837776224419,0.980537491122191,0.98163862782725,0.972697878141471,0.964071044310194,1.00270829142431,1
