"[0,1)","[1,5)","[5,15)","[15,25)","[25,45)","[45,65)","[65,75)","[75,+)"
0.289075557424052,0.520698585146532,0.704698341181885,0.71114897242854,0.654143203582804,0.382933084096531,0.588738334166767,0.251675216797481
0.520698585146532,0.355712287395501,0.617413905664515,0.593402335015808,0.601124477922862,0.415382791293442,0.301687827330021,0.261378804384154
0.704698341181885,0.617413905664515,0.329292910663703,0.537295469006023,0.671311592601985,0.430722919611514,0.423842235341893,0.260968709519195
0.71114897242854,0.593402335015808,0.537295469006023,0.430668132149592,0.586662351242462,0.569656956988903,0.49992758498146,0.367779764682236
0.654143203582804,0.601124477922862,0.671311592601985,0.586662351242462,0.505571884643369,0.408217768653515,0.405791360329848,0.311546509477025
0.382933084096531,0.415382791293442,0.430722919611514,0.569656956988903,0.408217768653515,0.518318734260251,0.376892937681851,0.287279790390359
0.588738334166767,0.301687827330021,0.423842235341893,0.49992758498146,0.405791360329848,0.376892937681851,0.474294443815563,0.441824775369824
0.251675216797481,0.261378804384154,0.260968709519195,0.367779764682236,0.311546509477025,0.287279790390359,0.441824775369823,1
