"[0,1)","[1,5)","[5,15)","[15,25)","[25,45)","[45,65)","[65,75)","[75,+)"
0.242600950773395,1.07022526196057,1.12264937281381,1.04948003338824,0.950314299570182,1.13691452367329,1.06464923971896,1.04799868570157
1.07022526196057,0.536912522258467,0.999891471022257,0.929557190025845,0.956911919278222,1.04793782861277,1.0264240449914,1.04858014626979
1.12264937281381,0.999891471022257,0.535671789308776,0.812014870400046,0.914799835635072,0.896119015790822,0.97730168639919,1.03760957832252
1.04948003338824,0.929557190025845,0.812014870400046,0.569506451863964,0.842641073325739,0.881348203936186,0.919650215580958,0.816373673079221
0.950314299570182,0.956911919278222,0.914799835635072,0.842641073325739,0.864149010209907,0.918170779732538,1.06017787004005,1.09049975636465
1.13691452367329,1.04793782861277,0.896119015790822,0.881348203936186,0.918170779732538,0.938615719463274,0.974181721045092,0.949680704145865
1.06464923971896,1.0264240449914,0.97730168639919,0.919650215580958,1.06017787004005,0.974181721045092,0.863745298869207,0.889986807640368
1.04799868570157,1.04858014626979,1.03760957832252,0.81637367307922,1.09049975636465,0.949680704145865,0.889986807640368,0.918641299937984
