"[0,1)","[1,5)","[5,15)","[15,25)","[25,45)","[45,65)","[65,75)","[75,+)"
0.245676915114445,0.482890639130609,0.683928213835979,0.673504569386598,0.60451865534606,0.389618101452589,0.319032937508404,0.328288036897472
0.482890639130609,0.331653608884652,0.585229296787626,0.57873090434643,0.5693762189666,0.443622611711354,0.333749108206487,0.327946816448059
0.683928213835979,0.585229296787626,0.29091715759057,0.547741490295932,0.585781853617702,0.438490838283158,0.390660212863619,0.323648953191254
0.673504569386598,0.57873090434643,0.547741490295932,0.581383995582436,0.526193096530733,0.543837548368764,0.426978369033284,0.360873039983378
0.60451865534606,0.5693762189666,0.585781853617702,0.526193096530733,0.481357952141628,0.435803577581276,0.378106848710202,0.320453419768309
0.38961810145259,0.443622611711354,0.438490838283158,0.543837548368764,0.435803577581276,0.453472439927208,0.346992177619311,0.299090143006308
0.319032937508404,0.333749108206487,0.390660212863619,0.426978369033284,0.378106848710202,0.346992177619311,0.421787653627864,0.415797479795516
0.328288036897472,0.327946816448059,0.323648953191254,0.360873039983378,0.320453419768309,0.299090143006308,0.415797479795516,0.750311251979019
