"[0,1)","[1,5)","[5,15)","[15,25)","[25,45)","[45,65)","[65,75)","[75,+)"
0.105984825947,0.440041930394907,0.64914835330287,0.625689914515186,0.555015280047633,0.376416570944608,0.285170213012627,0.342943565636729
0.440041930394907,0.259168051573898,0.558364728270537,0.505839371698019,0.523094484987903,0.41753888887514,0.32716547554555,0.338291961854649
0.64914835330287,0.558364728270537,0.2300804549122,0.447538091667322,0.546256088096209,0.390321144451742,0.374394692456201,0.327290232284875
0.625689914515186,0.505839371698019,0.447538091667322,0.363682417624942,0.44238011497724,0.476574182005032,0.380939056376509,0.335913477679256
0.555015280047633,0.523094484987903,0.546256088096208,0.44238011497724,0.408372023411409,0.376587590625774,0.343987604127267,0.309109972070707
0.376416570944608,0.41753888887514,0.390321144451742,0.476574182005032,0.376587590625774,0.417270603775378,0.33837913834835,0.307986429657254
0.285170213012627,0.32716547554555,0.374394692456201,0.380939056376509,0.343987604127267,0.33837913834835,0.422799784032622,0.404998976295148
0.342943565636729,0.338291961854649,0.327290232284875,0.335913477679256,0.309109972070707,0.307986429657254,0.404998976295148,0.758194358162846
