"[0,1)","[1,5)","[5,15)","[15,25)","[25,45)","[45,65)","[65,75)","[75,+)"
0.278679182651096,1.12037647569558,1.10050232448291,1.01509203937195,0.98386560653227,1.09005219899414,1.02249224241987,1.00310161649872
1.12037647569558,0.750517710244802,1.01887993142992,0.924149760898529,0.967634159572152,1.03457314027612,1.00192691486671,1.00383272188898
1.10050232448291,1.01887993142992,0.767476852189463,0.869816371728317,0.99764960721455,0.986762535016235,0.987447529947738,0.990877353722542
1.01509203937195,0.924149760898529,0.869816371728317,0.588956473422866,0.921305650671963,0.910059832753421,0.885892139179624,0.779319651125072
0.98386560653227,0.967634159572152,0.99764960721455,0.921305650671963,0.97692759609665,0.957644098819125,1.02708149050814,1.02875122030113
1.09005219899414,1.03457314027612,0.986762535016235,0.910059832753421,0.957644098819124,0.942529538843627,0.91278523112762,0.896880102008876
1.02249224241987,1.00192691486671,0.987447529947738,0.885892139179624,1.02708149050814,0.91278523112762,0.830828417566026,0.839199181757704
1.00310161649872,1.00383272188898,0.990877353722543,0.779319651125072,1.02875122030113,0.896880102008876,0.839199181757704,1
