"[0,1)","[1,5)","[5,15)","[15,25)","[25,45)","[45,65)","[65,75)","[75,+)"
0.52652056117807,0.800326925638077,0.914186055618209,0.958025769952768,0.965960475969664,0.83085365307983,1.08567684318996,0.642951487193897
0.800326925638077,0.649702295197565,0.856038051723895,0.883833593388943,0.922405878076999,0.806153730243096,0.765702565461648,0.658763992806178
0.914186055618209,0.856038051723895,0.64540530358692,0.849357776130185,0.908693471030493,0.800619020636997,0.788704826939055,0.691006542969635
0.958025769952768,0.883833593388943,0.849357776130185,0.878196409585517,0.90979428627697,0.884745468833113,0.871240071839067,0.699794141193158
0.965960475969664,0.922405878076999,0.908693471030493,0.90979428627697,0.91124465328792,0.90412301273026,1.01807284249607,1.10034209185585
0.83085365307983,0.806153730243097,0.800619020636997,0.884745468833113,0.90412301273026,0.853917321969588,0.836861014833181,0.768502137944715
1.08567684318996,0.765702565461648,0.788704826939055,0.871240071839067,1.01807284249607,0.836861014833181,0.761815807759973,0.837876698872674
0.642951487193897,0.658763992806178,0.691006542969635,0.699794141193158,1.10034209185585,0.768502137944715,0.837876698872674,0.849318056764559
