"[0,1)","[1,5)","[5,15)","[15,25)","[25,45)","[45,65)","[65,75)","[75,+)"
0.421663479528745,1.01586246797166,1.05199948878001,1.04192776623031,1.02747218718606,1.03837731566126,1.36204915451461,1.01566577774937
1.01586246797166,0.825752973367989,0.975622146590786,0.976604439857089,0.963536606209832,0.948025874897046,1.06305196121791,1.02929047279152
1.05199948878001,0.975622146590786,0.820130004466941,0.958122838989754,0.98393407600579,0.914981057318007,1.02407945998321,1.02584896326635
1.04192776623031,0.976604439857088,0.958122838989754,0.926058266414106,0.952214954579702,0.930145754796243,1.02484860863867,0.979493870166312
1.02747218718606,0.963536606209832,0.98393407600579,0.952214954579702,0.99205561793561,0.927255195267215,0.976202183827571,1.03303001380771
1.03837731566126,0.948025874897046,0.914981057318007,0.930145754796243,0.927255195267215,0.904231234017361,0.944073489342535,0.900360772787154
1.36204915451461,1.06305196121791,1.02407945998321,1.02484860863867,0.976202183827571,0.944073489342535,0.992784728614909,1.00439061865015
1.01566577774937,1.02929047279152,1.02584896326635,0.979493870166312,1.03303001380771,0.900360772787154,1.00439061865015,1
