"[0,1)","[1,5)","[5,15)","[15,25)","[25,45)","[45,65)","[65,75)","[75,+)"
1.03609450255346,0.879359067763829,0.889403901386756,0.912922906759385,0.918476081205712,0.874636601256487,1.00099410882891,0.900072522545645
0.879359067763829,1.0035122621946,0.939042413477492,0.909194921660533,0.920795802666724,0.89929921993351,0.944894858837449,0.903544078737745
0.889403901386756,0.939042413477492,1.02145614068841,0.868889472407439,0.924466287000982,0.916555241224159,0.971127810062206,0.910541920267115
0.912922906759385,0.909194921660533,0.868889472407439,0.688805174505356,0.8951591365242,0.929933535638072,1.03146162504578,1.02654384580462
0.918476081205712,0.920795802666724,0.924466287000982,0.8951591365242,0.838464808319993,0.887283066561845,1.08886413898973,1.0779022237806
0.874636601256487,0.89929921993351,0.916555241224159,0.929933535638071,0.887283066561845,0.9322607271438,1.06067195775839,1.02807638956744
1.00099410882891,0.944894858837449,0.971127810062206,1.03146162504578,1.08886413898973,1.06067195775839,1.02441679977269,1.08082787567457
0.900072522545645,0.903544078737745,0.910541920267115,1.02654384580462,1.0779022237806,1.02807638956744,1.08082787567457,0.982889984544355
