"[0,1)","[1,5)","[5,15)","[15,25)","[25,45)","[45,65)","[65,75)","[75,+)"
0.435651379769672,1.15701027010769,1.11955691141346,1.03189055883095,1.0034286623998,1.13162743255936,1.06598674585164,1.04900079984509
1.15701027010769,0.620433633476398,1.0031795770359,0.923543280828369,0.955160717904177,1.05918545213451,1.03918041764462,1.04958675351442
1.11955691141346,1.0031795770359,0.64847025654046,0.855063715982227,0.992811776359042,0.9882577778193,1.01489035107762,1.03264649450767
1.03189055883095,0.923543280828369,0.855063715982227,0.58218257136272,0.927231775378416,0.922402728940036,0.906565904144017,0.809928555610297
1.0034286623998,0.955160717904177,0.992811776359041,0.927231775378416,0.981740627656345,0.970863891158052,1.0432158643965,1.06467925075513
1.13162743255936,1.05918545213451,0.9882577778193,0.922402728940036,0.970863891158052,0.9556472182463,0.930502622839916,0.920658575695443
1.06598674585164,1.03918041764462,1.01489035107762,0.906565904144017,1.0432158643965,0.930502622839916,0.847374468782775,0.857421228186775
1.04900079984509,1.04958675351442,1.03264649450767,0.809928555610297,1.06467925075513,0.920658575695443,0.857421228186775,1
