"[0,1)","[1,5)","[5,15)","[15,25)","[25,45)","[45,65)","[65,75)","[75,+)"
0.376737733707455,1.60846543796986,1.49747941915807,1.30953661206441,1.22089035671567,1.63469606797089,1.47448585258759,1.76475127777317
1.60846543796986,0.700395034980539,1.37974609893619,1.20484719467204,1.25881497910812,1.48549960477876,1.63644066731459,1.75673729521418
1.49747941915807,1.37974609893619,0.712118404035954,1.05002067136016,1.17240158825275,1.2219131180406,1.48569009110811,1.72858872337856
1.30953661206441,1.20484719467204,1.05002067136016,0.687161110541097,1.04881936008388,1.0346025379364,1.19697067872697,1.14647339693864
1.22089035671567,1.25881497910812,1.17240158825275,1.04881936008388,1.11952035169795,1.15852306747318,1.48143268702819,1.55200667124905
1.63469606797089,1.48549960477876,1.2219131180406,1.0346025379364,1.15852306747318,1.12393429522827,1.30015458296718,1.30096788586507
1.47448585258759,1.63644066731459,1.48569009110811,1.19697067872697,1.48143268702819,1.30015458296718,1.17604677768621,1.2074831677913
1.76475127777317,1.75673729521418,1.72858872337856,1.14647339693864,1.55200667124905,1.30096788586507,1.2074831677913,1.05160955748201
