"[0,1)","[1,5)","[5,15)","[15,25)","[25,45)","[45,65)","[65,75)","[75,+)"
0.465704269524001,0.664203245112263,0.842238983730838,0.875646045693044,0.774231629859811,0.629194306468573,1.04836424699432,0.510736921569855
0.664203245112263,0.466548866046587,0.704599371454328,0.738488799312508,0.741173395992976,0.608887569292439,0.648059122568421,0.528383141237547
0.842238983730838,0.704599371454328,0.399034348752655,0.639243394053569,0.721259554082805,0.577342141070104,0.633929249453054,0.547032262415333
0.875646045693044,0.738488799312507,0.639243394053568,0.496955376353951,0.727121614335391,0.743281578226097,0.819051856056428,0.711361594585218
0.774231629859811,0.741173395992976,0.721259554082805,0.727121614335391,0.702574178854116,0.708380245581914,0.827498771419599,0.863009144131378
0.629194306468573,0.608887569292439,0.577342141070104,0.743281578226097,0.708380245581914,0.702591666476039,0.725142579438063,0.676282558669201
1.04836424699432,0.648059122568421,0.633929249453054,0.819051856056428,0.827498771419599,0.725142579438063,0.772945299928471,0.836023819666545
0.510736921569855,0.528383141237547,0.547032262415332,0.711361594585218,0.863009144131378,0.676282558669201,0.836023819666545,0.868607100173334
