"[0,1)","[1,5)","[5,15)","[15,25)","[25,45)","[45,65)","[65,75)","[75,+)"
0.0946386881880553,0.561650420802653,0.649312253787047,0.649021708008652,0.550395984650494,0.609924339621995,0.646178783902173,0.557752876308133
0.561650420802653,0.247014135331462,0.569286113921649,0.540257629955442,0.550949857217243,0.581366064444879,0.605185992293373,0.608808967053768
0.649312253787047,0.569286113921649,0.224303935746772,0.45112064651836,0.533555304067159,0.473405189979708,0.540932217026492,0.573536958422131
0.649021708008652,0.540257629955442,0.45112064651836,0.30727964249329,0.492198348400262,0.511850104612631,0.535876383485356,0.580736770437029
0.550395984650494,0.550949857217243,0.533555304067159,0.492198348400262,0.469710536338534,0.475813052541498,0.582442402054732,0.621710443706584
0.609924339621995,0.581366064444879,0.473405189979708,0.511850104612631,0.475813052541498,0.460985657485394,0.485400200677696,0.429335271040497
0.646178783902173,0.605185992293373,0.540932217026492,0.535876383485356,0.582442402054732,0.485400200677696,0.447670076316621,0.49662531174451
0.557752876308133,0.608808967053768,0.573536958422131,0.580736770437029,0.621710443706584,0.429335271040497,0.49662531174451,0.410675589151877
