"[0,1)","[1,5)","[5,15)","[15,25)","[25,45)","[45,65)","[65,75)","[75,+)"
0.869799159633254,0.66628832710595,0.631267428120305,0.653676938381997,0.670985688541454,0.570420748697439,0.47775626295913,0.595819248544384
0.66628832710595,0.804301556086093,0.712458007462475,0.706499137486785,0.697317691947478,0.63714648008574,0.64302991482516,0.636520901691912
0.631267428120305,0.712458007462475,0.79722138773225,0.714634618021851,0.699599963073861,0.646700223499742,0.617996112291723,0.600425138090499
0.653676938381997,0.706499137486785,0.714634618021851,0.77238840785382,0.666720427990585,0.626630804948537,0.623371694656411,0.617572028721814
0.670985688541454,0.697317691947477,0.699599963073862,0.666720427990585,0.622985918456539,0.583652573230447,0.614373525952484,0.589586234968257
0.570420748697439,0.63714648008574,0.646700223499742,0.626630804948537,0.583652573230447,0.555811058892571,0.53376178900067,0.547901070137691
0.47775626295913,0.64302991482516,0.617996112291723,0.623371694656411,0.614373525952484,0.53376178900067,0.560220978974183,0.557150125496166
0.595819248544384,0.636520901691912,0.600425138090499,0.617572028721814,0.589586234968257,0.547901070137691,0.557150125496166,0.500113043209493
