"[0,1)","[1,5)","[5,15)","[15,25)","[25,45)","[45,65)","[65,75)","[75,+)"
0.861630888115634,0.673215241028924,0.662956417087606,0.697359061742246,0.714808947831298,0.628594579095448,0.639761030340783,0.598421228624797
0.673215241028924,0.740074537659394,0.698810362299405,0.680899312044605,0.704063544487896,0.658658389983646,0.659400391679724,0.644102662413872
0.662956417087606,0.698810362299405,0.746630046184749,0.693427567279985,0.711517436024794,0.670031986125647,0.632001989520918,0.616394609644419
0.697359061742246,0.680899312044605,0.693427567279985,0.685860067733618,0.682886070847752,0.656746209663934,0.650811938663065,0.629725882793619
0.714808947831298,0.704063544487897,0.711517436024794,0.682886070847752,0.692210872336789,0.658102255575888,0.692561152273403,0.703958040040239
0.628594579095448,0.658658389983646,0.670031986125647,0.656746209663934,0.658102255575888,0.60040784533116,0.589315234844192,0.538851107930887
0.639761030340783,0.659400391679724,0.632001989520918,0.650811938663065,0.692561152273403,0.589315234844192,0.562592381285456,0.589669474912429
0.598421228624797,0.644102662413872,0.616394609644419,0.629725882793619,0.703958040040239,0.538851107930887,0.589669474912429,0.496649399349346
