"[0,1)","[1,5)","[5,15)","[15,25)","[25,45)","[45,65)","[65,75)","[75,+)"
0.905908862805429,0.852204941332567,0.836030034553246,0.845873178397521,0.893336583793543,0.850258979721918,1.01027597968536,0.805960437459298
0.852204941332567,0.887147245611586,0.86607772864223,0.858596647104348,0.871940247750037,0.855161864976446,0.868479919746353,0.830880889373613
0.836030034553246,0.86607772864223,0.875289503465986,0.862322041877944,0.87498271963607,0.85105631662079,0.832857373795885,0.822189837773488
0.845873178397521,0.858596647104348,0.862322041877944,0.890741995974152,0.872005180566219,0.842473740678767,0.850743879050842,0.822798961298857
0.893336583793543,0.871940247750037,0.87498271963607,0.872005180566219,0.903108183394565,0.871156079847105,0.87784147394984,0.904854869489098
0.850258979721918,0.855161864976446,0.85105631662079,0.842473740678767,0.871156079847105,0.831748749672156,0.821754115860207,0.836242101851294
1.01027597968536,0.868479919746353,0.832857373795885,0.850743879050842,0.87784147394984,0.821754115860207,0.776659138014603,0.791109241884304
0.805960437459298,0.830880889373613,0.822189837773488,0.822798961298857,0.904854869489098,0.836242101851294,0.791109241884304,0.760013691730483
