"[0,1)","[1,5)","[5,15)","[15,25)","[25,45)","[45,65)","[65,75)","[75,+)"
0.128222780910218,0.448409846260407,0.677134062763114,0.665040838534648,0.572118622923247,0.343090688610089,0.391697999758734,0.255168413399767
0.448409846260407,0.299500716615094,0.553670313258834,0.554452443437844,0.539151260045239,0.38630650026001,0.299983189577769,0.260202037011699
0.677134062763114,0.553670313258834,0.260324603400804,0.505652477159122,0.555775937004317,0.388565491850721,0.350820053558313,0.26041499817056
0.665040838534649,0.554452443437844,0.505652477159122,0.489793760301049,0.498211629115951,0.519031992184679,0.425140732860901,0.376075698781845
0.572118622923247,0.539151260045239,0.555775937004317,0.498211629115951,0.430580588964542,0.387855165484547,0.352180435615558,0.297312117205198
0.343090688610089,0.38630650026001,0.388565491850721,0.519031992184679,0.387855165484547,0.409548932763394,0.315633793521654,0.259599238965337
0.391697999758734,0.299983189577769,0.350820053558313,0.425140732860901,0.352180435615558,0.315633793521654,0.406306540750125,0.406996153960226
0.255168413399767,0.260202037011699,0.26041499817056,0.376075698781845,0.297312117205198,0.259599238965337,0.406996153960226,0.739203639692293
