"[0,1)","[1,5)","[5,15)","[15,25)","[25,45)","[45,65)","[65,75)","[75,+)"
0.656918938879989,0.793162551595231,0.856372492055656,0.870569806840316,0.86796458008784,0.736928958457631,0.826220829325473,0.665642052078656
0.793162551595231,0.835862860444872,0.851579821042338,0.820568951728521,0.841419119127594,0.750079482370033,0.700413478543801,0.676253976933466
0.856372492055656,0.851579821042338,0.851820507678969,0.8250020958482,0.873152065430829,0.78244966978209,0.741010481562476,0.670175687678309
0.870569806840316,0.820568951728521,0.8250020958482,0.770503154181878,0.805059363126435,0.811093938601676,0.777537967791074,0.729908811766563
0.86796458008784,0.841419119127594,0.873152065430828,0.805059363126435,0.773945636777544,0.730056011390519,0.679592638387815,0.674303175019153
0.736928958457631,0.750079482370033,0.78244966978209,0.811093938601676,0.730056011390519,0.791475003021714,0.733300243354665,0.655316590408318
0.826220829325473,0.700413478543801,0.741010481562476,0.777537967791074,0.679592638387815,0.733300243354665,0.783093222381077,0.791937243812804
0.665642052078656,0.676253976933466,0.670175687678309,0.729908811766563,0.674303175019153,0.655316590408318,0.791937243812804,1
