"[0,1)","[1,5)","[5,15)","[15,25)","[25,45)","[45,65)","[65,75)","[75,+)"
0.131255384246217,0.60031583705866,0.769589961862903,0.72621174566315,0.65894882380872,0.517422190721721,0.510159824777731,0.735010144721598
0.60031583705866,0.362581492736852,0.675148010224947,0.656890893511795,0.651538327694913,0.561174807370441,0.658505954993143,0.726979326296851
0.769589961862903,0.675148010224947,0.327102968063942,0.624277614044722,0.655024271842621,0.528554672426537,0.653548512322355,0.69638993579413
0.72621174566315,0.656890893511795,0.624277614044722,0.671403845446535,0.607891096000839,0.604401138277473,0.612167141308595,0.642053800531971
0.65894882380872,0.651538327694913,0.655024271842621,0.607891096000839,0.559157517087292,0.518196318478001,0.624367142353864,0.596837879364024
0.517422190721721,0.561174807370441,0.528554672426537,0.604401138277473,0.518196318478001,0.518351383869219,0.534528759096474,0.51784115606532
0.510159824777731,0.658505954993143,0.653548512322355,0.612167141308595,0.624367142353863,0.534528759096475,0.706259469494493,0.716572533973347
0.735010144721598,0.726979326296852,0.69638993579413,0.642053800531971,0.596837879364024,0.51784115606532,0.716572533973347,0.893780438548719
