"[0,1)","[1,5)","[5,15)","[15,25)","[25,45)","[45,65)","[65,75)","[75,+)"
1.11123491984986,0.975819611556414,1.00310882144578,0.957592417124689,1.01015892422305,1.03936952290914,1.31690067062073,1.08930727282844
0.975819611556414,1.08109975785829,0.963769613587787,0.901656525892544,0.966049142805812,0.95310373886752,1.13842320524953,1.09623037641842
1.00310882144578,0.963769613587787,1.08131718182549,0.866621244302166,0.96213697074123,0.950182550088583,1.08194111429987,1.09100826074983
0.957592417124689,0.901656525892544,0.866621244302166,0.610758198667074,0.853934794037648,0.915566287956664,1.05376539515947,1.21180685742213
1.01015892422305,0.966049142805812,0.96213697074123,0.853934794037648,0.854063465044148,0.922998926394316,1.13311604642538,1.21592035935691
1.03936952290914,0.95310373886752,0.950182550088583,0.915566287956664,0.922998926394316,0.975118425212655,1.11876291683231,1.13969221811249
1.31690067062073,1.13842320524953,1.08194111429987,1.05376539515948,1.13311604642538,1.11876291683231,1.23527126111566,1.24928079291194
1.08930727282844,1.09623037641842,1.09100826074983,1.21180685742213,1.21592035935691,1.13969221811249,1.24928079291194,1.11842848494651
