"[0,1)","[1,5)","[5,15)","[15,25)","[25,45)","[45,65)","[65,75)","[75,+)"
0.608635669610549,0.939378827305454,1.02577500002265,1.07063765747691,1.01537266318196,0.935126775878793,1.61678261370054,0.879732817653926
0.939378827305454,0.862397470140006,0.935123067752879,0.976370745528026,0.989405988048794,0.84735063540054,1.06450161330871,0.903924561622293
1.02577500002265,0.935123067752879,0.836080746651012,0.937126271940444,0.971869382624568,0.842713859316137,0.995364193651674,0.924262044327188
1.07063765747691,0.976370745528027,0.937126271940444,0.870576564075295,0.963353168915576,0.922933971463031,1.14756238208522,1.01398579315573
1.01537266318196,0.989405988048794,0.971869382624568,0.963353168915576,0.976935669010434,0.938462398791344,1.21743442986712,1.34316340425809
0.935126775878793,0.84735063540054,0.842713859316137,0.922933971463031,0.938462398791344,0.860853899785946,1.03032354909932,0.979982616633403
1.61678261370054,1.06450161330871,0.995364193651674,1.14756238208522,1.21743442986712,1.03032354909932,1.11107406605939,1.22119677195847
0.879732817653926,0.903924561622293,0.924262044327188,1.01398579315573,1.34316340425809,0.979982616633403,1.22119677195847,0.997870191414768
