"[0,1)","[1,5)","[5,15)","[15,25)","[25,45)","[45,65)","[65,75)","[75,+)"
0.0948053899587473,0.468229955125099,0.682600941398127,0.668095496909271,0.58935091595241,0.383047795201765,0.315180970624469,0.323591485347105
0.468229955125099,0.31202933334203,0.580507752389813,0.576780455772492,0.56781044608128,0.443404364238455,0.327687832927235,0.323359278158611
0.682600941398127,0.580507752389813,0.275270598141459,0.545605192548825,0.582560976426845,0.440104274664673,0.388846313030213,0.320803736376984
0.668095496909271,0.576780455772492,0.545605192548825,0.581417421511625,0.530214714939922,0.546183966144667,0.424466373284447,0.35706306832941
0.58935091595241,0.56781044608128,0.582560976426845,0.530214714939922,0.487534055891198,0.440077381552595,0.377199511377648,0.314506231923781
0.383047795201765,0.443404364238455,0.440104274664673,0.546183966144667,0.440077381552594,0.457309088777282,0.346377690237852,0.295242243007405
0.315180970624469,0.327687832927235,0.388846313030213,0.424466373284447,0.377199511377649,0.346377690237852,0.42155186505748,0.415715938893356
0.323591485347105,0.323359278158611,0.320803736376984,0.35706306832941,0.314506231923781,0.295242243007405,0.415715938893356,0.749548219183745
