"[0,1)","[1,5)","[5,15)","[15,25)","[25,45)","[45,65)","[65,75)","[75,+)"
0.805758050378688,0.822043880572751,0.859261275924497,0.85047381971219,0.85345644980376,0.678637453551064,0.670813506921804,0.629796393838734
0.822043880572751,0.79671159400174,0.852431501341158,0.760608812393766,0.776225494010267,0.694793937543872,0.643173357312965,0.632507029261806
0.859261275924497,0.852431501341158,0.795426895793051,0.777964782018291,0.828319598539881,0.716619586196362,0.694376419737459,0.622293806330057
0.85047381971219,0.760608812393766,0.777964782018291,0.722504401289033,0.669408440201418,0.672929666460515,0.622677790430927,0.501785415315695
0.85345644980376,0.776225494010267,0.828319598539881,0.669408440201418,0.644143445892409,0.541009301478541,0.513029507773994,0.522358683731633
0.678637453551064,0.694793937543872,0.716619586196362,0.672929666460515,0.541009301478541,0.65659423170684,0.572983279680636,0.474711461176255
0.670813506921804,0.643173357312965,0.694376419737459,0.622677790430927,0.513029507773993,0.572983279680636,0.648085995743345,0.63547420401197
0.629796393838734,0.632507029261806,0.622293806330057,0.501785415315695,0.522358683731633,0.474711461176255,0.63547420401197,1
