"[0,1)","[1,5)","[5,15)","[15,25)","[25,45)","[45,65)","[65,75)","[75,+)"
0.642918492559167,0.611386389474096,0.721200678060142,0.757553876083882,0.75753071883608,0.508538631486358,0.477547609924976,0.452583382975289
0.611386389474096,0.755938194710084,0.755973444198805,0.672301017306015,0.712525417220324,0.569920235314874,0.464759899934097,0.453444558465756
0.721200678060142,0.755973444198804,0.743155028122856,0.705821549140041,0.765192841016785,0.620580494575968,0.570296429921933,0.454396153409332
0.757553876083882,0.672301017306015,0.705821549140041,0.697633016728816,0.618645840786929,0.637743885837413,0.575764104961598,0.449809591685442
0.75753071883608,0.712525417220324,0.765192841016785,0.618645840786929,0.569731588092448,0.479863561979138,0.486241127003807,0.4401550355935
0.508538631486358,0.569920235314874,0.620580494575968,0.637743885837413,0.479863561979138,0.632844207405856,0.533686476237153,0.442689435881915
0.477547609924976,0.464759899934097,0.570296429921933,0.575764104961598,0.486241127003807,0.533686476237153,0.619431152817834,0.598490140094193
0.452583382975289,0.453444558465756,0.454396153409332,0.449809591685442,0.4401550355935,0.442689435881915,0.598490140094193,1
