"[0,1)","[1,5)","[5,15)","[15,25)","[25,45)","[45,65)","[65,75)","[75,+)"
0.950701969350584,0.981289242291116,0.997013169435144,0.988474644492885,0.965243831003275,0.990296081625698,0.990065047036679,0.984012336582589
0.981289242291116,0.895548290019119,0.974853959151244,0.927338881463334,0.950628495703556,0.97325152785091,0.978535741667316,0.984303779964595
0.997013169435144,0.974853959151244,0.898863992199738,0.867419186569821,0.943545550342839,0.930810772070481,0.967582950462394,0.982472903141603
0.988474644492885,0.927338881463334,0.867419186569821,0.66431143280906,0.896455937849255,0.920335279770254,0.954317891436884,0.980070789500167
0.965243831003275,0.950628495703556,0.943545550342839,0.896455937849255,0.905266870776191,0.915169787241649,0.953756370628342,0.983091003766734
0.990296081625698,0.97325152785091,0.930810772070481,0.920335279770255,0.915169787241649,0.938281276782721,0.967086900047857,0.980135174669572
0.990065047036679,0.978535741667316,0.967582950462394,0.954317891436884,0.953756370628342,0.967086900047857,0.989754557803616,0.990148035766266
0.984012336582589,0.984303779964595,0.982472903141603,0.980070789500167,0.983091003766735,0.980135174669572,0.990148035766266,0.997737732425208
