"[0,1)","[1,5)","[5,15)","[15,25)","[25,45)","[45,65)","[65,75)","[75,+)"
0.887437368585717,1.13288609847706,1.10357792779718,1.06242643893338,1.04083757658755,1.15315585280773,1.36413822883722,1.07520258080966
1.13288609847706,0.961261450397918,1.03069657890348,0.962462721090192,0.955051262740937,1.05681624517447,1.11613742504308,1.08584123527033
1.10357792779718,1.03069657890348,0.994749219030552,0.9354010955227,0.986137580461435,1.01257784531931,1.04713905643807,1.06640649485633
1.06242643893338,0.962462721090192,0.9354010955227,0.666978547782051,0.898935182466197,0.948288290725088,1.03974615916488,1.00386931070858
1.04083757658755,0.955051262740937,0.986137580461435,0.898935182466197,0.892355391743877,0.874532737008982,0.915473531875135,0.982471841000233
1.15315585280773,1.05681624517447,1.01257784531931,0.948288290725088,0.874532737008982,0.942102450777777,0.964846482898996,0.942602322542582
1.36413822883722,1.11613742504308,1.04713905643807,1.03974615916488,0.915473531875136,0.964846482898995,0.975713229634035,1.01646330273382
1.07520258080966,1.08584123527033,1.06640649485633,1.00386931070858,0.982471841000233,0.942602322542582,1.01646330273382,1
