"[0,1)","[1,5)","[5,15)","[15,25)","[25,45)","[45,65)","[65,75)","[75,+)"
0.346619895634956,1.49049727072747,1.41213172709597,1.23388256274173,1.14563317563528,1.50740071866615,1.35831859128386,1.62367039187634
1.49049727072747,0.63776500844699,1.28094093854894,1.1213519738987,1.17115385319767,1.3709460286207,1.4925464071134,1.61440393692301
1.41213172709597,1.28094093854894,0.646559470607861,0.975739592660396,1.09610193366609,1.12025466707452,1.36287957744718,1.57716829332853
1.23388256274173,1.1213519738987,0.975739592660396,0.630282530349937,0.982119737018735,0.973558954823956,1.11074865113684,1.06309785771559
1.14563317563528,1.17115385319767,1.09610193366609,0.982119737018735,1.04226481017891,1.0742464308053,1.37356981332541,1.42158773918812
1.50740071866615,1.3709460286207,1.12025466707452,0.973558954823957,1.0742464308053,1.04885673514308,1.20123122512193,1.19700941162977
1.35831859128386,1.4925464071134,1.36287957744718,1.11074865113684,1.37356981332541,1.20123122512193,1.08743011443028,1.1186853270765
1.62367039187634,1.61440393692301,1.57716829332853,1.06309785771559,1.42158773918812,1.19700941162977,1.1186853270765,1.01774418677363
