"[0,1)","[1,5)","[5,15)","[15,25)","[25,45)","[45,65)","[65,75)","[75,+)"
0.706673650774224,0.956557060160986,1.01398370600289,1.01723657003704,1.01139057455232,1.01809884842626,1.40893744828664,0.877468330907247
0.956557060160986,0.883483496104698,0.954282879248273,0.963116524621503,0.936853395925416,0.94607961299664,0.966408440539393,0.898189777248363
1.01398370600289,0.954282879248273,0.89926566521097,0.959039849224051,0.960168775219271,0.924416069507333,0.93346038995734,0.899189536815889
1.01723657003704,0.963116524621503,0.959039849224051,0.940748997279663,0.924007393723623,0.94677655229087,1.001558743208,0.946988964416992
1.01139057455232,0.936853395925416,0.960168775219271,0.924007393723623,0.913848055682119,0.895654142603009,0.916321465311927,0.942898796059159
1.01809884842626,0.94607961299664,0.924416069507333,0.94677655229087,0.895654142603009,0.918606071555192,0.927460540957767,0.920559695923199
1.40893744828664,0.966408440539393,0.93346038995734,1.001558743208,0.916321465311927,0.927460540957768,0.913416515431576,0.932306585559805
0.877468330907247,0.898189777248364,0.899189536815889,0.946988964416991,0.942898796059158,0.9205596959232,0.932306585559805,1
