"[0,1)","[1,5)","[5,15)","[15,25)","[25,45)","[45,65)","[65,75)","[75,+)"
0.126417591035625,0.799833797136472,0.958107613624672,0.950893145290186,0.821514381618966,0.998595972368576,1.04138652184431,0.879031336972713
0.799833797136472,0.329166236822286,0.784226198689876,0.808159020233511,0.80890129333419,0.902431876534309,0.891031877391624,0.885017108363982
0.958107613624672,0.784226198689876,0.32843591331692,0.682791632158468,0.781718490213172,0.769541371265522,0.855098901169456,0.887230137963948
0.950893145290186,0.808159020233511,0.682791632158468,0.53027545232192,0.784723843136569,0.881951539337083,0.911487378384125,0.9385167562648
0.821514381618966,0.80890129333419,0.781718490213172,0.784723843136569,0.755018432717093,0.85631480888617,0.909615678255482,1.00112305213551
0.998595972368576,0.902431876534309,0.769541371265522,0.881951539337083,0.85631480888617,0.946466260496634,0.971908343580436,0.985458092841859
1.04138652184431,0.891031877391624,0.855098901169456,0.911487378384125,0.909615678255482,0.971908343580436,1.00018661843708,0.995491528503582
0.879031336972713,0.885017108363982,0.887230137963948,0.9385167562648,1.00112305213551,0.985458092841859,0.995491528503582,0.991859420782508
