"[0,1)","[1,5)","[5,15)","[15,25)","[25,45)","[45,65)","[65,75)","[75,+)"
0.0385963143677259,0.396503464718733,0.60211241039768,0.678121115940795,0.610974026216839,0.305818562249379,0.329260469702209,0.180552005005373
0.396503464718733,0.206168425313691,0.583235372982849,0.49712904698295,0.549706783515554,0.362033349387553,0.204231149933911,0.190379474610596
0.60211241039768,0.583235372982849,0.207406500023612,0.434517905767755,0.641437368345057,0.384557115468584,0.368447756399471,0.209526222551263
0.678121115940795,0.49712904698295,0.434517905767755,0.232203333086446,0.503120172301459,0.504102483683309,0.385525689138056,0.197511630330684
0.610974026216839,0.549706783515554,0.641437368345056,0.503120172301459,0.478263157498389,0.36332024986782,0.314997898093885,0.273726159066125
0.305818562249379,0.362033349387553,0.384557115468584,0.504102483683309,0.36332024986782,0.500506625710293,0.351700373985559,0.231627460925755
0.329260469702209,0.204231149933911,0.368447756399471,0.385525689138055,0.314997898093885,0.351700373985559,0.428264872281949,0.386734853861787
0.180552005005373,0.190379474610597,0.209526222551263,0.197511630330685,0.273726159066125,0.231627460925755,0.386734853861787,1
