"[0,1)","[1,5)","[5,15)","[15,25)","[25,45)","[45,65)","[65,75)","[75,+)"
0.0773284545954662,0.465091973607358,0.694139276781722,0.680868118682948,0.584009716792053,0.376483488801538,0.408647301902092,0.283312748257992
0.465091973607358,0.278294151995634,0.567695378140127,0.572286775598822,0.559188633679626,0.4180892475399,0.322007751555878,0.28778923307204
0.694139276781722,0.567695378140127,0.243862983647299,0.525334080863978,0.572780980522217,0.41133175684566,0.372654022330001,0.289793145856246
0.680868118682948,0.572286775598822,0.525334080863978,0.531248307407195,0.525590688351098,0.537053272637817,0.436560962040419,0.387593578807472
0.584009716792053,0.559188633679626,0.572780980522217,0.525590688351098,0.479572854677666,0.424510612147845,0.374397568515287,0.317310664073827
0.376483488801538,0.4180892475399,0.41133175684566,0.537053272637817,0.424510612147845,0.432774578620586,0.332294654878463,0.279246954924775
0.408647301902092,0.322007751555878,0.372654022330001,0.436560962040419,0.374397568515287,0.332294654878463,0.416536001656124,0.414850755114367
0.283312748257992,0.28778923307204,0.289793145856246,0.387593578807472,0.317310664073827,0.279246954924775,0.414850755114367,0.743729239881977
