"[0,1)","[1,5)","[5,15)","[15,25)","[25,45)","[45,65)","[65,75)","[75,+)"
0.900485739680938,1.12222950854579,1.08680198950764,1.01833904899658,1.03179673196961,1.06965167041883,1.1967907189087,1.07799766027728
1.12222950854579,0.92822218765887,1.02183209899071,0.912580845324108,0.940316418411999,0.984202532811751,1.08864565649352,1.08178163474266
1.08680198950764,1.02183209899071,0.938490785656526,0.884991021430829,0.971409833976063,0.955498656512888,1.04205007950977,1.06755590582088
1.01833904899658,0.912580845324108,0.884991021430829,0.605007424011203,0.850118707284747,0.865806561239982,0.943834697943654,0.885915144435135
1.03179673196961,0.940316418411998,0.971409833976063,0.850118707284746,0.878427559878418,0.819118227032298,0.872389975383689,0.929727477164285
1.06965167041883,0.984202532811751,0.955498656512888,0.865806561239983,0.819118227032298,0.873855229362104,0.894071447925594,0.846391492989677
1.1967907189087,1.08864565649352,1.04205007950977,0.943834697943654,0.872389975383689,0.894071447925594,0.960311974077139,0.97476534138341
1.07799766027728,1.08178163474266,1.06755590582088,0.885915144435135,0.929727477164285,0.846391492989677,0.97476534138341,1
