"[0,1)","[1,5)","[5,15)","[15,25)","[25,45)","[45,65)","[65,75)","[75,+)"
0.571795924142628,0.843507859207641,0.961029371945912,1.05332274164085,0.975666456464391,0.844231140241583,1.49509080463641,0.815955781145677
0.843507859207641,0.82169934183747,0.869371183885366,0.958196264465418,0.956654317112809,0.785308563811134,0.997753275373218,0.840994383994329
0.961029371945912,0.869371183885367,0.78959448359376,0.923538132761135,0.940751882197633,0.807190442500261,0.946493299595717,0.857769481201901
1.05332274164085,0.958196264465418,0.923538132761135,0.912405133779021,0.978644375737278,0.9477047124095,1.18962212544152,1.06948856114486
0.975666456464392,0.956654317112809,0.940751882197633,0.978644375737278,0.954072173068109,0.941237849037906,1.23448872691348,1.30906440477028
0.844231140241583,0.785308563811134,0.807190442500261,0.9477047124095,0.941237849037906,0.874982080960799,1.02843847304615,0.980258404328305
1.49509080463641,0.997753275373218,0.946493299595717,1.18962212544152,1.23448872691348,1.02843847304615,1.10198079057645,1.19597033399684
0.815955781145677,0.840994383994329,0.857769481201901,1.06948856114486,1.30906440477028,0.980258404328305,1.19597033399684,1.01116581455655
