"[0,1)","[1,5)","[5,15)","[15,25)","[25,45)","[45,65)","[65,75)","[75,+)"
0.18595492699047,0.616717187637251,0.711608221226268,0.737468519010926,0.691213293098528,0.469809202610383,0.485554102221931,0.701113410141817
0.616717187637251,0.417476142542757,0.696447287197887,0.680349218679053,0.691760386129863,0.537956491335,0.654239983189757,0.692708969533086
0.711608221226268,0.696447287197887,0.389790425623293,0.651326754389763,0.750199255044047,0.543121988373311,0.711840582407987,0.671555238381312
0.737468519010926,0.680349218679053,0.651326754389763,0.701821046968638,0.682537319182856,0.626345126016937,0.670434786328173,0.658413922007806
0.691213293098528,0.691760386129863,0.750199255044047,0.682537319182856,0.630472423351528,0.52915321202496,0.682089683195064,0.7149934311092
0.469809202610383,0.537956491335,0.543121988373311,0.626345126016937,0.52915321202496,0.584153204403695,0.548003235925965,0.546174661656574
0.485554102221931,0.654239983189757,0.711840582407987,0.670434786328173,0.682089683195064,0.548003235925965,0.727147492467887,0.681839653935828
0.701113410141817,0.692708969533086,0.671555238381312,0.658413922007806,0.7149934311092,0.546174661656574,0.681839653935828,1
