"[0,1)","[1,5)","[5,15)","[15,25)","[25,45)","[45,65)","[65,75)","[75,+)"
0.0870322665303867,1.00685149789908,1.23264056179063,1.16638646711242,1.01427888627142,1.11767962113167,2.00859890718047,0.974354707353365
1.00685149789908,0.344977033731081,0.832637318273206,1.03636440687818,0.891114378118072,0.905414897623981,1.12279957399993,1.01467884847374
1.23264056179063,0.832637318273206,0.380435920135209,0.915859212502568,0.936582062478027,0.820324577517647,1.01114922922214,0.991020956443977
1.16638646711242,1.03636440687818,0.915859212502568,0.881340564458581,1.15263990936662,1.1194411117581,1.39952709107096,1.68878959746027
1.01427888627142,0.891114378118072,0.936582062478027,1.15263990936662,0.996591229715224,0.966271154781125,1.16608826167151,1.32526290153869
1.11767962113167,0.905414897623981,0.820324577517647,1.11944111175809,0.966271154781125,0.938646149893523,1.05448742828165,1.0852234453185
2.00859890718047,1.12279957399993,1.01114922922214,1.39952709107096,1.16608826167151,1.05448742828165,1.22474470272508,1.24266157519734
0.974354707353365,1.01467884847374,0.991020956443977,1.68878959746027,1.32526290153869,1.0852234453185,1.24266157519734,1
