"[0,1)","[1,5)","[5,15)","[15,25)","[25,45)","[45,65)","[65,75)","[75,+)"
0.784162874869655,1.37078813131137,1.25145342764554,1.14469127614356,1.12082861119709,1.27713505086179,1.34115622803973,1.29373876649425
1.37078813131137,0.993642581569941,1.14679625243513,1.07679325083509,1.06333689789033,1.19063847216961,1.28546248684312,1.29687237198903
1.25145342764554,1.14679625243513,1.03946512217662,1.02580513793888,1.07389390588113,1.12596952243094,1.20327452803882,1.26043142622364
1.14469127614356,1.07679325083509,1.02580513793888,0.721524831875797,1.00035898109629,0.997976826931066,1.06211935389779,1.03084017675099
1.12082861119709,1.06333689789033,1.07389390588113,1.00035898109629,1.02339849202633,0.998854741719639,1.00393795816356,1.08698015232257
1.27713505086179,1.19063847216961,1.12596952243094,0.997976826931066,0.998854741719639,0.982355121684845,0.993850295812622,0.972212631684568
1.34115622803973,1.28546248684312,1.20327452803882,1.06211935389779,1.00393795816356,0.993850295812621,0.989878256481618,1.01302784764458
1.29373876649425,1.29687237198903,1.26043142622364,1.03084017675099,1.08698015232257,0.972212631684568,1.01302784764458,1
