"[0,1)","[1,5)","[5,15)","[15,25)","[25,45)","[45,65)","[65,75)","[75,+)"
0.144990786086809,0.531121059486193,0.669720325369777,0.715287055428035,0.643662560800984,0.427196064048256,0.343764545968186,0.409703056414888
0.531121059486193,0.342261152326708,0.63862265191015,0.616744712189197,0.623657023620844,0.497516606425121,0.394683507048101,0.407428416419463
0.669720325369777,0.63862265191015,0.322173659700021,0.585062255309302,0.690776763462646,0.505009582186578,0.512866601684943,0.400028123524952
0.715287055428035,0.616744712189197,0.585062255309302,0.601103693728092,0.60310728102528,0.605160883054443,0.519172415325699,0.402254692884144
0.643662560800984,0.623657023620844,0.690776763462646,0.60310728102528,0.543388136544297,0.474614739765909,0.471021438732509,0.410035363417427
0.427196064048256,0.497516606425121,0.505009582186578,0.605160883054443,0.474614739765909,0.586292155184642,0.445214780953835,0.409081474915967
0.343764545968186,0.3946835070481,0.512866601684943,0.519172415325699,0.471021438732509,0.445214780953835,0.524682042188718,0.472347721144536
0.409703056414888,0.407428416419463,0.400028123524952,0.402254692884144,0.410035363417427,0.409081474915967,0.472347721144536,1
