"[0,1)","[1,5)","[5,15)","[15,25)","[25,45)","[45,65)","[65,75)","[75,+)"
0.170057431339117,0.957427327962101,0.992243128865795,0.929377614635445,0.877084384826902,0.905467500215151,1.05439726618488,1.23742696951569
0.957427327962101,0.375762010401711,0.874017878647873,0.824584186552721,0.853274323451279,0.877316963197837,1.15897901287166,1.22533136453447
0.992243128865795,0.874017878647873,0.409676353037092,0.729857951705772,0.899016670293047,0.822059556886973,1.12959816795406,1.18069999682028
0.929377614635445,0.824584186552721,0.729857951705772,0.487123362660922,0.867329200350716,0.835827213317479,1.02387327467608,1.09018136931145
0.877084384826902,0.853274323451279,0.899016670293046,0.867329200350716,0.895064963639139,0.835941779371517,1.04444128182976,1.15372852034903
0.905467500215151,0.877316963197837,0.822059556886972,0.835827213317479,0.835941779371517,0.850821607168002,0.980249629335023,0.99325590894462
1.05439726618488,1.15897901287166,1.12959816795406,1.02387327467608,1.04444128182976,0.980249629335023,1.17975221234295,1.19639142621981
1.23742696951569,1.22533136453447,1.18069999682028,1.09018136931145,1.15372852034903,0.99325590894462,1.19639142621981,1
