"[0,1)","[1,5)","[5,15)","[15,25)","[25,45)","[45,65)","[65,75)","[75,+)"
0.182198914110913,0.594016152007701,0.78105126871847,0.750318604055843,0.662975491358713,0.546334828559808,0.584245244964894,0.499728277316924
0.594016152007701,0.281981706794825,0.650402213551052,0.589951050846451,0.614319205665817,0.536878008647809,0.506234711847197,0.504820544822826
0.78105126871847,0.650402213551052,0.259176263872514,0.488228017788577,0.61913802136356,0.46858815692879,0.528925685011602,0.499535395059975
0.750318604055843,0.589951050846451,0.488228017788577,0.297326146019249,0.51445211311711,0.546462848248538,0.492501585626063,0.413937615706707
0.662975491358713,0.614319205665817,0.61913802136356,0.51445211311711,0.487084661400051,0.470979815570494,0.485564840658595,0.507728350033736
0.546334828559808,0.536878008647809,0.46858815692879,0.546462848248538,0.470979815570494,0.503594176267242,0.464951344082912,0.424441637724402
0.584245244964894,0.506234711847197,0.528925685011602,0.492501585626063,0.485564840658595,0.464951344082912,0.544629818163216,0.565307816640421
0.499728277316924,0.504820544822826,0.499535395059975,0.413937615706707,0.507728350033736,0.424441637724402,0.565307816640421,0.790153408035278
