"[0,1)","[1,5)","[5,15)","[15,25)","[25,45)","[45,65)","[65,75)","[75,+)"
0.840477217879069,1.12687601775604,1.1244460735411,1.09970394194099,1.12010318736296,1.1761165132292,1.53287770788282,1.14778715412909
1.12687601775604,0.901343418772121,1.03625904107094,1.00669621976457,1.02192862223306,1.03660983703292,1.19700492320545,1.16005363534484
1.1244460735411,1.03625904107094,0.91593022317323,0.9568424810966,1.03539799773793,1.00090421233643,1.12549437748289,1.15411443638306
1.09970394194099,1.00669621976457,0.9568424810966,0.721956500278258,1.01245607733992,0.998090277925728,1.14416524351532,1.11444049253705
1.12010318736296,1.02192862223306,1.03539799773793,1.01245607733992,1.08541305810597,1.02612096384618,1.08979814065915,1.16274918949252
1.1761165132292,1.03660983703292,1.00090421233643,0.998090277925728,1.02612096384618,0.989848756622321,1.08177079108766,1.01761353654036
1.53287770788282,1.19700492320545,1.12549437748289,1.14416524351532,1.08979814065915,1.08177079108766,1.13443042700324,1.18669463938081
1.14778715412909,1.16005363534484,1.15411443638306,1.11444049253705,1.16274918949252,1.01761353654036,1.18669463938081,1
