"[0,1)","[1,5)","[5,15)","[15,25)","[25,45)","[45,65)","[65,75)","[75,+)"
0.849053610646667,1.2740565881958,1.22134254415615,1.17200713211076,1.12499311543113,1.3226135869734,1.50465382515302,1.35815914903777
1.2740565881958,0.93994473095111,1.14467907956444,1.06380518801304,1.09143222529239,1.18362936950541,1.35566919817246,1.36296745604269
1.22134254415615,1.14467907956444,0.965030299371922,0.980762538605347,1.06075036646641,1.07407916451487,1.24144707261049,1.34253649815821
1.17200713211076,1.06380518801304,0.980762538605347,0.707048273033983,0.984864326988409,1.01146541986891,1.1406279080046,1.12699894358268
1.12499311543113,1.09143222529239,1.06075036646641,0.984864326988409,0.982630926879372,1.02920048972153,1.2151377583733,1.37685457845433
1.3226135869734,1.18362936950541,1.07407916451487,1.01146541986891,1.02920048972153,1.03541957037614,1.15313910599341,1.15272321742619
1.50465382515302,1.35566919817246,1.24144707261049,1.1406279080046,1.2151377583733,1.15313910599341,1.16142291245526,1.21995888078956
1.35815914903777,1.36296745604269,1.34253649815821,1.12699894358268,1.37685457845433,1.15272321742619,1.21995888078956,1.04935405123739
