"[0,1)","[1,5)","[5,15)","[15,25)","[25,45)","[45,65)","[65,75)","[75,+)"
0.0922552074628527,1.04901649869552,1.26153812969857,1.24119812928656,1.00099034202507,1.21398790980922,2.13304397952841,1.03357346616682
1.04901649869552,0.321135734782392,0.849500475467042,1.0674482339156,0.946447608482117,0.945261007927765,1.26916051327261,1.06392891588175
1.26153812969857,0.849500475467043,0.322152527692344,0.898604512677258,0.894583879487555,0.796586252545374,1.05909121458568,1.06853190320845
1.24119812928656,1.0674482339156,0.898604512677258,0.89063895950556,1.05415115061982,1.08239451761809,1.37467665180017,1.79335487284245
1.00099034202507,0.946447608482116,0.894583879487555,1.05415115061982,0.881406641720096,0.929309698501787,1.1991907750926,1.31585969336476
1.21398790980922,0.945261007927765,0.796586252545374,1.08239451761809,0.929309698501787,0.937277152919092,1.10760058581468,1.15770717283312
2.13304397952841,1.26916051327261,1.05909121458568,1.37467665180017,1.1991907750926,1.10760058581468,1.3033894046871,1.30272949910311
1.03357346616682,1.06392891588175,1.06853190320845,1.79335487284245,1.31585969336476,1.15770717283312,1.30272949910311,1.15478902354339
