"[0,1)","[1,5)","[5,15)","[15,25)","[25,45)","[45,65)","[65,75)","[75,+)"
0.258767947126538,0.577888227804613,0.76764296497361,0.749501445220881,0.679201254868554,0.536012287965238,0.65306831480951,0.468200635233207
0.577888227804612,0.332431472454669,0.642848550841524,0.600850886458888,0.632165352113857,0.525873494281055,0.508630757499706,0.474268436345594
0.76764296497361,0.642848550841524,0.291540320235829,0.504525426005946,0.626759299041666,0.476848375366952,0.526394294653988,0.478784628087723
0.74950144522088,0.600850886458888,0.504525426005946,0.323258457154174,0.560511529981738,0.579951615480651,0.539593200693732,0.45684528159899
0.679201254868555,0.632165352113857,0.626759299041666,0.560511529981738,0.559799164273868,0.53017933151115,0.574155551649498,0.607542920706522
0.536012287965238,0.525873494281055,0.476848375366952,0.579951615480651,0.53017933151115,0.535611909300155,0.509739912146085,0.455870447354205
0.65306831480951,0.508630757499706,0.526394294653988,0.539593200693732,0.574155551649498,0.509739912146085,0.583020761205214,0.615976073977849
0.468200635233207,0.474268436345594,0.478784628087723,0.45684528159899,0.607542920706522,0.455870447354205,0.615976073977849,0.798786443036451
