"[0,1)","[1,5)","[5,15)","[15,25)","[25,45)","[45,65)","[65,75)","[75,+)"
0.184972206138986,1.11213857407553,1.16810448257678,1.1465578388105,0.999961189812678,1.12403776346204,1.58716729955582,0.994622495575897
1.11213857407553,0.428250765366441,0.965831775854296,1.01225905107744,0.926454425066684,1.00361919762953,1.06810178903437,1.01506314704168
1.16810448257678,0.965831775854296,0.479937335711376,0.921735541047756,0.969552850297934,0.934794491866096,1.0266451096866,1.00890732549493
1.1465578388105,1.01225905107744,0.921735541047756,0.76222864708746,1.04896212340011,1.04618076174357,1.174976192533,1.14329685342314
0.999961189812678,0.926454425066684,0.969552850297934,1.04896212340011,1.03557155302578,0.974427658900886,1.03960604641943,1.00215466436508
1.12403776346204,1.00361919762953,0.934794491866096,1.04618076174357,0.974427658900886,0.96753826949181,1.04560052669476,0.948951609989952
1.58716729955582,1.06810178903437,1.0266451096866,1.174976192533,1.03960604641943,1.04560052669476,0.997786432589684,1.07224022567003
0.994622495575897,1.01506314704168,1.00890732549493,1.14329685342314,1.00215466436508,0.948951609989952,1.07224022567003,1
