"[0,1)","[1,5)","[5,15)","[15,25)","[25,45)","[45,65)","[65,75)","[75,+)"
0.702025257006173,0.635721943167216,0.726651708914959,0.722802077253497,0.743180547957458,0.517649899505674,0.50566193727322,0.526532356316762
0.635721943167216,0.911222310688187,0.769795945507471,0.738292721670012,0.734787386242675,0.599473529348375,0.566399311295217,0.525756453616119
0.726651708914959,0.769795945507471,0.920904279972416,0.803696410215997,0.768924529510604,0.682198614800389,0.649279733971803,0.521761377135892
0.722802077253496,0.738292721670012,0.803696410215997,0.89290620476495,0.689950364443208,0.697687647575863,0.666486856708505,0.596682415060254
0.743180547957458,0.734787386242675,0.768924529510605,0.689950364443208,0.593263969894072,0.575781705607034,0.670928322429897,0.564840240256466
0.517649899505674,0.599473529348375,0.68219861480039,0.697687647575863,0.575781705607034,0.598912159669592,0.595212912371302,0.528877490671597
0.50566193727322,0.566399311295217,0.649279733971803,0.666486856708505,0.670928322429897,0.595212912371302,0.595652507965495,0.622629286740166
0.526532356316762,0.525756453616119,0.521761377135892,0.596682415060254,0.564840240256466,0.528877490671597,0.622629286740166,0.818310058265253
