"[0,1)","[1,5)","[5,15)","[15,25)","[25,45)","[45,65)","[65,75)","[75,+)"
0.203772456777537,0.58735842825531,0.778717486845003,0.76608094351338,0.681918228085903,0.557920887481641,0.685192172834198,0.493078491111353
0.58735842825531,0.321248583734107,0.649020089599487,0.615293319889289,0.64166344510519,0.541926542594466,0.532677023034598,0.49978736881118
0.778717486845003,0.649020089599487,0.284403937742957,0.512756588583891,0.635517268549001,0.487575972620291,0.544015912413721,0.503014123912749
0.76608094351338,0.615293319889289,0.512756588583891,0.333337364064322,0.57812151007627,0.595561327073025,0.559833834149243,0.480766617920064
0.681918228085903,0.64166344510519,0.635517268549001,0.57812151007627,0.579119063024608,0.550799389636191,0.598554700353041,0.635222829979329
0.557920887481641,0.541926542594466,0.487575972620291,0.595561327073025,0.550799389636191,0.552328006704462,0.529636557550992,0.475957425721296
0.685192172834198,0.532677023034598,0.544015912413721,0.559833834149243,0.598554700353041,0.529636557550992,0.598539491552213,0.633955901201106
0.493078491111353,0.49978736881118,0.503014123912749,0.480766617920064,0.635222829979329,0.475957425721296,0.633955901201106,0.804823027207217
