"[0,1)","[1,5)","[5,15)","[15,25)","[25,45)","[45,65)","[65,75)","[75,+)"
0.575231002575745,0.926312074349411,1.01754065783363,1.06422065327753,1.00353684624049,0.919124988007652,1.59291918032182,0.866688701226385
0.926312074349411,0.83607225103399,0.924946130449379,0.968061273917212,0.979189051501693,0.839265788056767,1.049010522308,0.893463636863179
1.01754065783363,0.924946130449379,0.810479458476311,0.925965724147952,0.961678050711299,0.831254428482996,0.982879392902567,0.914004954644973
1.06422065327753,0.968061273917212,0.925965724147952,0.862251310561008,0.954633260926682,0.915259092941658,1.13231127316146,1.00142393026849
1.00353684624049,0.979189051501694,0.961678050711299,0.954633260926682,0.968241299954257,0.929641841718563,1.19931182308282,1.31841253649408
0.919124988007652,0.839265788056767,0.831254428482996,0.915259092941658,0.929641841718563,0.853820461935957,1.01806343364149,0.968332220810509
1.59291918032182,1.049010522308,0.982879392902567,1.13231127316146,1.19931182308282,1.01806343364149,1.09976761966681,1.20967050389817
0.866688701226385,0.893463636863179,0.914004954644973,1.00142393026849,1.31841253649408,0.968332220810509,1.20967050389817,0.99351327373518
