"[0,1)","[1,5)","[5,15)","[15,25)","[25,45)","[45,65)","[65,75)","[75,+)"
0.0499201181148292,0.418306037364367,0.61492295460015,0.675930679337604,0.616374282574883,0.324155376939262,0.361983017045607,0.20000079671509
0.418306037364367,0.210196695766852,0.58672988966358,0.503502641114672,0.563327929777694,0.380582978414974,0.222173164621316,0.206108184629877
0.61492295460015,0.58672988966358,0.210472383755432,0.444001702956143,0.649158077948163,0.397899151868208,0.392430090428943,0.219556302852563
0.675930679337604,0.503502641114672,0.444001702956143,0.244648618723624,0.527428314737426,0.523300950445264,0.41647975821823,0.217185789389989
0.616374282574883,0.563327929777694,0.649158077948163,0.527428314737426,0.504947707108427,0.397642566983275,0.369749733206874,0.287825444297117
0.324155376939262,0.380582978414974,0.397899151868208,0.523300950445264,0.397642566983275,0.519242038465364,0.367206977728625,0.251710613336921
0.361983017045607,0.222173164621316,0.392430090428943,0.41647975821823,0.369749733206874,0.367206977728625,0.438258992595815,0.39639083909433
0.20000079671509,0.206108184629877,0.219556302852563,0.217185789389989,0.287825444297117,0.251710613336921,0.39639083909433,1
