"[0,1)","[1,5)","[5,15)","[15,25)","[25,45)","[45,65)","[65,75)","[75,+)"
0.923925342327173,0.928935532472523,0.958503540516759,0.951754806241808,0.929844233070308,0.919890891101357,0.917994831217833,0.908961428447073
0.928935532472523,0.877259455039499,0.938107322727215,0.886246522465283,0.913493001328849,0.915817583307751,0.909102611488495,0.90928406804762
0.958503540516759,0.938107322727215,0.887580811178145,0.828057282743995,0.913045633209753,0.89453019355259,0.910903464246652,0.907377451936567
0.951754806241808,0.886246522465283,0.828057282743995,0.607468827809914,0.858619492918645,0.886164797884653,0.898298006295544,0.907468986200057
0.929844233070308,0.913493001328849,0.913045633209752,0.858619492918645,0.868245697049272,0.875912096328189,0.897281779819842,0.911157171676805
0.919890891101357,0.915817583307751,0.89453019355259,0.886164797884653,0.875912096328189,0.899781792696462,0.907034172856713,0.909576837583048
0.917994831217833,0.909102611488495,0.910903464246652,0.898298006295544,0.897281779819842,0.907034172856713,0.928676345538369,0.928860880596141
0.908961428447073,0.90928406804762,0.907377451936567,0.907468986200056,0.911157171676805,0.909576837583048,0.928860880596141,0.970846528833854
