"[0,1)","[1,5)","[5,15)","[15,25)","[25,45)","[45,65)","[65,75)","[75,+)"
0.878490347243161,0.872095082104955,0.995811485153797,1.05561092193358,1.02272148274825,0.897370521082707,1.58332874480289,0.778959140669238
0.872095082104955,0.884893406250154,0.912001292414354,0.95512831333245,0.955678694550564,0.841378863700234,0.918194185422778,0.809287143269054
0.995811485153797,0.912001292414354,0.90425192259217,0.922343754488168,0.975588253290926,0.865257863382943,0.880147303286322,0.808582293418713
1.05561092193358,0.95512831333245,0.922343754488168,0.772183028922628,1.03661467627681,0.98771177960566,1.14942888933649,1.07937716742077
1.02272148274825,0.955678694550564,0.975588253290927,1.03661467627681,1.04089361701581,0.969852065882714,1.11332800464356,1.14552155460778
0.897370521082707,0.841378863700234,0.865257863382943,0.98771177960566,0.969852065882714,0.913503152538372,0.997797723020186,0.945209720998714
1.58332874480289,0.918194185422778,0.880147303286322,1.14942888933649,1.11332800464356,0.997797723020186,1.04738830693613,1.13929556111076
0.778959140669238,0.809287143269054,0.808582293418713,1.07937716742077,1.14552155460778,0.945209720998714,1.13929556111076,1
