"[0,1)","[1,5)","[5,15)","[15,25)","[25,45)","[45,65)","[65,75)","[75,+)"
0.900738316920414,1.15303856838847,1.09928605688763,1.11884904502114,1.05029218182372,1.19014336269957,1.08126443264605,1.1018309846506
1.15303856838847,0.933512048423147,1.09175966610128,1.03655331468336,1.04004538193648,1.14393934324741,1.08627737662648,1.10112352509125
1.09928605688763,1.09175966610128,0.961188834919521,0.956704699207292,1.02105974607879,1.08478167055741,1.06081111962947,1.09360840819985
1.11884904502114,1.03655331468336,0.956704699207292,0.705218084374344,0.946940962949925,1.03000931883681,1.0354537747304,0.935847869051953
1.05029218182372,1.04004538193648,1.02105974607879,0.946940962949925,0.932514629258683,1.0405128625426,1.0673063666299,1.13367170555555
1.19014336269957,1.14393934324741,1.08478167055741,1.03000931883681,1.0405128625426,1.09229643602296,1.05708834559381,1.02750568557257
1.08126443264605,1.08627737662648,1.06081111962947,1.0354537747304,1.0673063666299,1.05708834559381,0.934711514738107,0.97918522975448
1.1018309846506,1.10112352509125,1.09360840819985,0.935847869051953,1.13367170555555,1.02750568557257,0.97918522975448,0.933627199111536
