"[0,1)","[1,5)","[5,15)","[15,25)","[25,45)","[45,65)","[65,75)","[75,+)"
0.620990536263479,0.568006673255696,0.734583486675599,0.74878400516947,0.778630929444642,0.525449086514894,0.64947485562091,0.434195331164818
0.568006673255696,0.81024854210116,0.728247493816263,0.707045787440592,0.753769252868482,0.56062876294096,0.482493025559553,0.44266316786335
0.734583486675599,0.728247493816263,0.7881168791022,0.726542606206888,0.791420654806669,0.613506941747234,0.55922367493532,0.442335204972155
0.74878400516947,0.707045787440592,0.726542606206888,0.756086599676315,0.71085053622492,0.687503071543675,0.612811261783589,0.561684565477679
0.778630929444642,0.753769252868482,0.791420654806669,0.71085053622492,0.67309427617756,0.625989571413605,0.663522688674791,0.646392652738333
0.525449086514894,0.56062876294096,0.613506941747234,0.687503071543675,0.625989571413605,0.676310566810836,0.559195300423823,0.575597291311745
0.64947485562091,0.482493025559553,0.55922367493532,0.612811261783589,0.663522688674791,0.559195300423823,0.63385699577738,0.566660745273402
0.434195331164818,0.44266316786335,0.442335204972155,0.561684565477679,0.646392652738333,0.575597291311746,0.566660745273402,1
