"[0,1)","[1,5)","[5,15)","[15,25)","[25,45)","[45,65)","[65,75)","[75,+)"
0.0466329904475977,0.424712841203113,0.617228093078233,0.679652005802635,0.614893136221684,0.332035864004852,0.39914326285018,0.240229091145894
0.424712841203113,0.22384585387019,0.588084495893812,0.522924253206542,0.562458980116602,0.389278040229669,0.261196525524918,0.245711054999029
0.617228093078233,0.588084495893812,0.221582275396721,0.455396339878182,0.646239208302985,0.405070786946369,0.420508244077712,0.256799685386599
0.679652005802635,0.522924253206542,0.455396339878182,0.263900068073691,0.529999553847019,0.537030693760129,0.453864760887787,0.267854644253931
0.614893136221684,0.562458980116602,0.646239208302985,0.529999553847019,0.482696186972777,0.386512281225115,0.377678117305028,0.294035090040609
0.332035864004852,0.389278040229668,0.405070786946369,0.537030693760129,0.386512281225115,0.522160077813995,0.392065887692721,0.287437401675213
0.39914326285018,0.261196525524918,0.420508244077712,0.453864760887787,0.377678117305028,0.392065887692721,0.476184518974128,0.4330312330412
0.240229091145894,0.245711054999029,0.256799685386599,0.26785464425393,0.294035090040609,0.287437401675213,0.4330312330412,1
