"[0,1)","[1,5)","[5,15)","[15,25)","[25,45)","[45,65)","[65,75)","[75,+)"
0.938622106276599,1.35601908977477,1.26413579282739,1.16542347808938,1.16421466362516,1.35028106020837,1.53351570880456,1.38916197732081
1.35601908977477,0.998632010880308,1.16104543632042,1.08330051288566,1.08565450409787,1.21260641278292,1.39748356877059,1.39331772443384
1.26413579282739,1.16104543632042,1.02829755834794,1.03532666751092,1.09638006422474,1.14898991490907,1.28874470381645,1.38143804407875
1.16542347808938,1.08330051288566,1.03532666751092,0.743472505619686,1.02739024079115,1.03423108322715,1.15965905671487,1.1464963541481
1.16421466362516,1.08565450409787,1.09638006422474,1.02739024079115,1.0897826111737,1.05983238567683,1.12033416312289,1.20544713914804
1.35028106020837,1.21260641278292,1.14898991490907,1.03423108322715,1.05983238567683,1.04580641768622,1.12827737131826,1.10367148724127
1.53351570880456,1.39748356877059,1.28874470381645,1.15965905671487,1.12033416312289,1.12827737131826,1.16438634400848,1.19012605234187
1.38916197732081,1.39331772443384,1.38143804407875,1.1464963541481,1.20544713914804,1.10367148724127,1.19012605234187,1
