"[0,1)","[1,5)","[5,15)","[15,25)","[25,45)","[45,65)","[65,75)","[75,+)"
0.0518601906420578,0.423664736467981,0.669592155351526,0.651213593155533,0.576577350298554,0.377412686873139,0.480417254842208,0.284420945604582
0.423664736467981,0.205855252283815,0.542861624257957,0.497540119203722,0.52570868968404,0.401134231888789,0.337781865086449,0.290854015062377
0.669592155351526,0.542861624257957,0.183428430067997,0.412408091091006,0.533182922069007,0.368808267283927,0.386464737594923,0.300735628814045
0.651213593155533,0.497540119203722,0.412408091091006,0.257273244303662,0.43086809954851,0.481487147027534,0.428140019006368,0.328149037343403
0.576577350298554,0.52570868968404,0.533182922069007,0.43086809954851,0.376087698687239,0.366518569024822,0.426279331459669,0.438125874226132
0.377412686873139,0.401134231888789,0.368808267283927,0.481487147027534,0.366518569024822,0.41851445297375,0.395104193601146,0.336380511920384
0.480417254842208,0.337781865086449,0.386464737594923,0.428140019006368,0.426279331459669,0.395104193601146,0.489333696867797,0.51751676217782
0.284420945604582,0.290854015062377,0.300735628814045,0.328149037343403,0.438125874226131,0.336380511920384,0.51751676217782,0.758198120787562
