"[0,1)","[1,5)","[5,15)","[15,25)","[25,45)","[45,65)","[65,75)","[75,+)"
0.0651083014982626,0.413954820741201,0.660768077513798,0.640381437388275,0.571564423131994,0.359792781414988,0.45252812151644,0.26732345758133
0.413954820741201,0.205398375367892,0.537053519185405,0.490143141678744,0.520504058133745,0.390741391720363,0.318145552600874,0.272436801499817
0.660768077513798,0.537053519185405,0.181852496283984,0.407339072567028,0.529635109467332,0.365519405904032,0.373988888476914,0.282473328044676
0.640381437388276,0.490143141678744,0.407339072567028,0.252026035686367,0.42778363264337,0.47745647388165,0.414014764376371,0.309376507847888
0.571564423131994,0.520504058133745,0.529635109467332,0.42778363264337,0.373960676612157,0.363057425658147,0.413572934499081,0.416122126856783
0.359792781414988,0.390741391720363,0.365519405904032,0.47745647388165,0.363057425658147,0.413710514172526,0.382235146051707,0.318940009911502
0.45252812151644,0.318145552600874,0.373988888476914,0.414014764376371,0.413572934499081,0.382235146051707,0.477737877197482,0.500594260664773
0.26732345758133,0.272436801499817,0.282473328044676,0.309376507847888,0.416122126856783,0.318940009911502,0.500594260664773,0.753052818904614
