"[0,1)","[1,5)","[5,15)","[15,25)","[25,45)","[45,65)","[65,75)","[75,+)"
0.576423346723987,0.852742016496487,0.934553088778743,0.925974446302675,0.896572229590088,0.913930271053316,1.04033727026375,0.884821913808271
0.852742016496487,0.87643402888784,0.888894007053794,0.849177233061074,0.89667213863633,0.87165126535842,0.918816407922241,0.890252726947389
0.934553088778743,0.888894007053794,0.90071397484115,0.80385396358782,0.897871340553096,0.865677239045116,0.90732190405221,0.892957822138746
0.925974446302675,0.849177233061074,0.80385396358782,0.591648002873287,0.825880830472322,0.872856436897607,0.922219636820251,0.96230643584009
0.896572229590088,0.89667213863633,0.897871340553096,0.825880830472322,0.82757061758124,0.868245117859937,0.939966458408753,0.999000070068162
0.913930271053316,0.87165126535842,0.865677239045116,0.872856436897607,0.868245117859937,0.908607174673224,0.950870919242208,0.950757077714728
1.04033727026375,0.918816407922241,0.90732190405221,0.922219636820251,0.939966458408753,0.950870919242208,1.01930073500372,1.02201355244841
0.88482191380827,0.890252726947389,0.892957822138746,0.96230643584009,0.999000070068162,0.950757077714728,1.02201355244841,1.00619778439671
