"[0,1)","[1,5)","[5,15)","[15,25)","[25,45)","[45,65)","[65,75)","[75,+)"
0.546599324274355,0.755444140692254,0.860214254532997,0.948164829282109,0.946374351295466,0.768349517522522,1.02090986643734,0.637459066680539
0.755444140692254,0.7368622864272,0.862274575338256,0.88262473913949,0.880805097526316,0.755119469457723,0.708768228462274,0.652409427692666
0.860214254532997,0.862274575338256,0.747927915186813,0.886497117185673,0.912591432312258,0.776434068506414,0.766482097166038,0.676653453721335
0.948164829282109,0.88262473913949,0.886497117185672,0.951760411226049,0.900887955822788,0.864733433693647,0.860877788296359,0.733993034543888
0.946374351295466,0.880805097526316,0.912591432312259,0.900887955822788,0.912331840983923,0.831810987705675,0.841523797492436,0.826774218240839
0.768349517522522,0.755119469457722,0.776434068506414,0.864733433693647,0.831810987705675,0.817814896596264,0.783428769406459,0.708274878652144
1.02090986643734,0.708768228462274,0.766482097166038,0.860877788296359,0.841523797492436,0.783428769406459,0.775551070033444,0.766985002793859
0.637459066680539,0.652409427692666,0.676653453721335,0.733993034543888,0.826774218240839,0.708274878652144,0.766985002793859,1
