"[0,1)","[1,5)","[5,15)","[15,25)","[25,45)","[45,65)","[65,75)","[75,+)"
0.743574392210882,0.975327161054335,1.01257658724164,1.01437264558115,1.0173477239031,0.966784908905473,1.26606146729144,0.943500221018685
0.975327161054335,0.809935215804916,0.951414648646489,0.913669380585707,0.937063091187575,0.906258326265643,0.994920703323509,0.96481683436703
1.01257658724164,0.951414648646489,0.821506795519523,0.863359641094112,0.96079538482254,0.884912883734242,0.982011754913016,0.962500611256707
1.01437264558115,0.913669380585707,0.863359641094112,0.627026244002885,0.918347144275272,0.90133538670772,0.984972439121063,0.919849327900568
1.0173477239031,0.937063091187575,0.96079538482254,0.918347144275272,0.975018817191141,0.90610880796006,0.925430442809385,0.997198836678042
0.966784908905473,0.906258326265643,0.884912883734242,0.90133538670772,0.906108807960059,0.89611243926131,0.941518729145304,0.859936669491669
1.26606146729144,0.99492070332351,0.982011754913016,0.984972439121063,0.925430442809385,0.941518729145304,1.0008201431942,1.02776755149686
0.943500221018685,0.96481683436703,0.962500611256706,0.919849327900568,0.997198836678042,0.859936669491669,1.02776755149686,1
