"[0,1)","[1,5)","[5,15)","[15,25)","[25,45)","[45,65)","[65,75)","[75,+)"
0.247497490817867,0.470774919068225,0.642303277641895,0.690601640676406,0.62310600896378,0.332512261157113,0.378407520049836,0.245792036001653
0.470774919068225,0.360877603371622,0.603386475068342,0.591471117742639,0.591900813867881,0.400127519448301,0.265657318941334,0.249609854975305
0.642303277641895,0.603386475068342,0.328026521455862,0.544899990367415,0.660529482440364,0.425106332428215,0.410757436242291,0.250131438108129
0.690601640676406,0.591471117742639,0.544899990367416,0.492198632280487,0.584447466750535,0.574430297626541,0.48745793035666,0.362322030154779
0.62310600896378,0.591900813867881,0.660529482440364,0.584447466750535,0.495755513553988,0.407028638154797,0.386313215810457,0.283568003381362
0.332512261157113,0.400127519448301,0.425106332428215,0.574430297626541,0.407028638154797,0.522904462195169,0.364553255194951,0.278811986458595
0.378407520049836,0.265657318941334,0.410757436242291,0.48745793035666,0.386313215810457,0.364553255194951,0.449035632914829,0.400170425180033
0.245792036001653,0.249609854975305,0.250131438108129,0.362322030154779,0.283568003381362,0.278811986458595,0.400170425180033,1
