"[0,1)","[1,5)","[5,15)","[15,25)","[25,45)","[45,65)","[65,75)","[75,+)"
0.309107788432357,1.38266995645464,1.34851159050769,1.18286753093445,1.09110741031378,1.40508998385571,1.39675406357965,1.38488286777369
1.38266995645464,0.549180309654402,1.20225665214317,1.0754173064074,1.11088595970587,1.27141743051224,1.33529887223198,1.38527250892287
1.34851159050769,1.20225665214317,0.556753909210746,0.925164580742446,1.04016179128061,1.03879228329344,1.22229512835642,1.36893055992049
1.18286753093445,1.0754173064074,0.925164580742446,0.632567679217593,0.978657947318119,0.95569293807401,1.08136056223302,0.973546338992794
1.09110741031379,1.11088595970587,1.04016179128061,0.978657947318119,1.02457262682496,1.03776946870119,1.36342621607589,1.35437126053941
1.40508998385571,1.27141743051224,1.03879228329344,0.95569293807401,1.03776946870119,1.00034527014648,1.18581966615307,1.14065464976576
1.39675406357965,1.33529887223198,1.22229512835642,1.08136056223302,1.36342621607589,1.18581966615307,0.993823157431445,1.04417095495875
1.38488286777369,1.38527250892287,1.36893055992049,0.973546338992794,1.35437126053941,1.14065464976576,1.04417095495875,0.955440611326887
