"[0,1)","[1,5)","[5,15)","[15,25)","[25,45)","[45,65)","[65,75)","[75,+)"
0.216333455672484,1.03988037546643,1.1622924380084,1.21271718580821,0.998232965283444,1.14185937819417,1.76403399121693,1.02205214579386
1.03988037546643,0.445102033088615,0.952843964131399,1.05917793690865,0.98735113394363,1.00347692901023,1.18198638485808,1.04253763614982
1.1622924380084,0.952843964131399,0.442277750506848,0.90968143760966,0.930076571071299,0.869826751486781,1.06247238850459,1.06216242312261
1.21271718580821,1.05917793690865,0.90968143760966,0.80283112630702,1.0298169598254,1.05553089440382,1.32276360517844,1.33609305759848
0.998232965283444,0.98735113394363,0.930076571071299,1.0298169598254,0.971407370279418,1.01783022243682,1.30113530316469,1.46386559679474
1.14185937819417,1.00347692901023,0.869826751486781,1.05553089440382,1.01783022243682,1.01832205587397,1.20121346834124,1.18741227638418
1.76403399121693,1.18198638485808,1.06247238850459,1.32276360517844,1.30113530316469,1.20121346834124,1.19100380565611,1.27744526344277
1.02205214579386,1.04253763614982,1.06216242312261,1.33609305759848,1.46386559679474,1.18741227638418,1.27744526344277,1.03109295736575
