"[0,1)","[1,5)","[5,15)","[15,25)","[25,45)","[45,65)","[65,75)","[75,+)"
0.0461561337105945,0.396424082316754,0.652913975544705,0.631713477207578,0.562245379728951,0.334617369808869,0.372170281401349,0.1918425310792
0.396424082316754,0.177124711241392,0.525443327628206,0.462342238549894,0.505884990942095,0.365503424737178,0.247009403638506,0.198283168655974
0.652913975544705,0.525443327628206,0.15681644189724,0.380428875993812,0.516542118991882,0.332342802601095,0.314284420027586,0.211329228412347
0.631713477207578,0.462342238549894,0.380428875993812,0.221048581780921,0.399854011993228,0.439941043942727,0.342741846724361,0.216426581810485
0.562245379728951,0.505884990942095,0.516542118991882,0.399854011993228,0.372782494957169,0.346450377097194,0.34564268684237,0.334963295612074
0.334617369808869,0.365503424737178,0.332342802601095,0.439941043942727,0.346450377097194,0.388828756800852,0.310095754272241,0.255343354419547
0.372170281401349,0.247009403638506,0.314284420027587,0.342741846724361,0.34564268684237,0.310095754272241,0.39051524015072,0.396451162404557
0.1918425310792,0.198283168655974,0.211329228412347,0.216426581810485,0.334963295612074,0.255343354419547,0.396451162404557,0.724424788893295
