"[0,1)","[1,5)","[5,15)","[15,25)","[25,45)","[45,65)","[65,75)","[75,+)"
0.0379795372257051,0.408440514993242,0.611676618190993,0.658919858264179,0.605588200162552,0.31566454491741,0.346791402946085,0.17791694727957
0.408440514993242,0.202227419120062,0.574570121940602,0.483859206614017,0.548361176166999,0.37241027215422,0.200258271257822,0.182778612609499
0.611676618190993,0.574570121940602,0.203186505435314,0.428608242449982,0.636964986918272,0.390513329601178,0.375360458506002,0.191626465519439
0.658919858264179,0.483859206614018,0.428608242449982,0.22825499558223,0.507653953354667,0.510247826719115,0.400995809813245,0.197542530411322
0.605588200162552,0.548361176166999,0.636964986918272,0.507653953354667,0.480929889758159,0.377816831508525,0.345871137246728,0.256928907683439
0.31566454491741,0.372410272154219,0.390513329601177,0.510247826719115,0.377816831508525,0.512940469571031,0.348705919832896,0.232282898138386
0.346791402946085,0.200258271257822,0.375360458506002,0.400995809813245,0.345871137246728,0.348705919832896,0.425263713915186,0.383434513585611
0.17791694727957,0.182778612609499,0.191626465519439,0.197542530411322,0.256928907683439,0.232282898138386,0.383434513585611,1
