"[0,1)","[1,5)","[5,15)","[15,25)","[25,45)","[45,65)","[65,75)","[75,+)"
0.772515354346794,0.96212451618064,0.992688845891484,0.983866360152114,0.947137173853479,0.98743381963113,0.99060992129559,0.982051573129609
0.96212451618064,0.859608361166224,0.961014826314704,0.916811956880549,0.940373867540169,0.965863572553623,0.975751578869433,0.982454609453539
0.992688845891484,0.961014826314704,0.878392582613739,0.857890032581166,0.93612471144118,0.921992620512862,0.958790211796409,0.976467655875546
0.983866360152114,0.916811956880549,0.857890032581165,0.659973461235624,0.889625330393358,0.915082440802752,0.949443219631155,0.977722436203025
0.947137173853479,0.940373867540169,0.93612471144118,0.889625330393358,0.895289122052314,0.904474776184598,0.948606835742781,0.978330280010264
0.98743381963113,0.965863572553623,0.921992620512861,0.915082440802752,0.904474776184598,0.927515189571786,0.957381421501182,0.970599232535834
0.99060992129559,0.975751578869433,0.958790211796409,0.949443219631155,0.948606835742781,0.957381421501182,0.978934808439087,0.983135293253227
0.982051573129609,0.982454609453539,0.976467655875546,0.977722436203025,0.978330280010264,0.970599232535834,0.983135293253227,0.994251483704138
