"[0,1)","[1,5)","[5,15)","[15,25)","[25,45)","[45,65)","[65,75)","[75,+)"
0.340329837660529,0.616958448394508,0.77003392427666,0.749831360301881,0.673866376515548,0.588978916265221,0.566999277837679,0.548927841053151
0.616958448394508,0.409510303286911,0.681417572161028,0.634662410913744,0.651584276530637,0.601862245008225,0.54549344668054,0.54982569157567
0.77003392427666,0.681417572161028,0.36022937688378,0.545173588223084,0.652224591598886,0.546327516274589,0.562195268517339,0.546608126251916
0.749831360301881,0.634662410913744,0.545173588223084,0.370948324500256,0.589171704125626,0.624257285912228,0.565540456876867,0.545171202360837
0.673866376515548,0.651584276530637,0.652224591598886,0.589171704125626,0.581949371409892,0.569261138236507,0.560080763882464,0.543063368043262
0.588978916265221,0.601862245008225,0.546327516274589,0.624257285912228,0.569261138236507,0.598007880432413,0.551075959432815,0.524871656500511
0.566999277837679,0.54549344668054,0.562195268517339,0.565540456876867,0.560080763882464,0.551075959432815,0.602543643225967,0.606305829619482
0.548927841053151,0.54982569157567,0.546608126251916,0.545171202360837,0.543063368043262,0.524871656500511,0.606305829619482,0.82365807135152
