"[0,1)","[1,5)","[5,15)","[15,25)","[25,45)","[45,65)","[65,75)","[75,+)"
0.881644111570346,0.875194399511373,0.895740351896536,0.930210208414279,0.902015023204473,0.890340356079012,1.06294365355759,1.01404076343458
0.875194399511373,0.991529596658011,0.931883176352102,0.919562322038228,0.91541992548738,0.892251053020098,1.03740768876135,1.01574852056078
0.895740351896536,0.931883176352102,1.014052177706,0.881911384651986,0.922606025906397,0.89634130639153,1.03433885789045,1.00990536673573
0.930210208414279,0.919562322038228,0.881911384651986,0.732577591186168,0.917878318985406,0.940612564921195,1.12577342812877,1.23102829630617
0.902015023204473,0.91541992548738,0.922606025906397,0.917878318985406,0.843498698541401,0.868095236132453,1.1227348659485,1.12065649989901
0.890340356079012,0.892251053020098,0.89634130639153,0.940612564921195,0.868095236132453,0.909417416901296,1.11363464393975,1.09444018328788
1.06294365355759,1.03740768876135,1.03433885789045,1.12577342812877,1.1227348659485,1.11363464393974,1.15007915510118,1.20328335493458
1.01404076343458,1.01574852056078,1.00990536673572,1.23102829630617,1.12065649989901,1.09444018328788,1.20328335493458,1.04899652357906
