"[0,1)","[1,5)","[5,15)","[15,25)","[25,45)","[45,65)","[65,75)","[75,+)"
0.768428994646912,0.881173291260734,0.918164601605443,0.920361209458865,0.91992107296502,0.843095893878632,0.955939481944184,0.775328174674504
0.881173291260734,0.889160738145774,0.899900132120346,0.886022981770708,0.897940985573703,0.835643781863717,0.80496323822429,0.781978310449887
0.918164601605443,0.899900132120346,0.905931167738052,0.886693217274144,0.918197232427235,0.856532412711938,0.827740147343082,0.777560688828554
0.920361209458866,0.886022981770708,0.886693217274145,0.834387196267998,0.880310623815311,0.884790579697186,0.878772117634623,0.850705640667939
0.91992107296502,0.897940985573703,0.918197232427235,0.880310623815311,0.855514566317932,0.829784909196733,0.791536331690881,0.772259758297811
0.843095893878632,0.835643781863717,0.856532412711938,0.884790579697186,0.829784909196733,0.864085337865343,0.823477984472131,0.753709772010947
0.955939481944184,0.80496323822429,0.827740147343082,0.878772117634623,0.791536331690881,0.823477984472131,0.859429435321686,0.876588840077814
0.775328174674504,0.781978310449888,0.777560688828554,0.850705640667939,0.772259758297811,0.753709772010947,0.876588840077814,1
