"[0,1)","[1,5)","[5,15)","[15,25)","[25,45)","[45,65)","[65,75)","[75,+)"
0.717706513890859,0.764648282432548,0.85512144931584,0.846396380399259,0.856594935037122,0.754810932776834,0.843003614403864,0.712768433972722
0.764648282432548,0.86265327017965,0.825816259438116,0.806302274248059,0.835838241890979,0.753052564290971,0.753068328183809,0.717569993083864
0.85512144931584,0.825816259438116,0.865252206032013,0.820023909027984,0.848576257993068,0.786405550636928,0.773794494410205,0.723592956730754
0.846396380399259,0.806302274248059,0.820023909027984,0.801866341841798,0.777842400750034,0.805811476440009,0.796181039403955,0.778067436422102
0.856594935037122,0.835838241890979,0.848576257993068,0.777842400750034,0.755142931943045,0.769024532138274,0.792064465897914,0.81600805012398
0.754810932776834,0.753052564290971,0.786405550636928,0.805811476440009,0.769024532138274,0.801951754884514,0.798116426796637,0.780664846362014
0.843003614403864,0.753068328183809,0.773794494410205,0.796181039403955,0.792064465897914,0.798116426796637,0.872987102849771,0.868869167648323
0.712768433972722,0.717569993083865,0.723592956730754,0.778067436422102,0.81600805012398,0.780664846362014,0.868869167648323,0.942715172802802
