"[0,1)","[1,5)","[5,15)","[15,25)","[25,45)","[45,65)","[65,75)","[75,+)"
0.206793129423347,0.571333913243838,0.76745245990049,0.751194913554884,0.674496443045372,0.536525846376569,0.655042660546734,0.469488403156284
0.571333913243838,0.304709084773941,0.63769294164659,0.599546785128832,0.630033378046101,0.525291078473907,0.508749020243279,0.476329486588847
0.767452459900491,0.63769294164659,0.271905134123513,0.501024523560035,0.626967828011871,0.473734181060944,0.525914333149295,0.48050084183371
0.751194913554884,0.599546785128832,0.501024523560035,0.323317521295864,0.562334845583133,0.580791659774531,0.540507122353966,0.458177649995805
0.674496443045372,0.630033378046101,0.626967828011871,0.562334845583133,0.561580989939323,0.53217456001261,0.573811026579486,0.606466126933392
0.536525846376569,0.525291078473907,0.473734181060944,0.580791659774531,0.53217456001261,0.536960171768832,0.51079540154591,0.45771855719848
0.655042660546734,0.508749020243279,0.525914333149295,0.540507122353966,0.573811026579486,0.51079540154591,0.583804598757565,0.61549664169475
0.469488403156284,0.476329486588848,0.48050084183371,0.458177649995805,0.606466126933392,0.45771855719848,0.61549664169475,0.799058500573926
