"[0,1)","[1,5)","[5,15)","[15,25)","[25,45)","[45,65)","[65,75)","[75,+)"
0.085520286334535,0.993807949884098,1.21956605792116,1.1558681073432,1.00428309328367,1.10080594359062,1.97317068952519,0.957427594226432
0.993807949884098,0.341860548897292,0.827017756013438,1.02481742117528,0.882810999788701,0.89315999018605,1.10254716210306,0.997380983571669
1.21956605792116,0.827017756013438,0.376595760797936,0.905599071590624,0.9302544067744,0.810559523806452,0.998565353657272,0.975389251191459
1.1558681073432,1.02481742117528,0.905599071590624,0.868617289010042,1.13801690802059,1.10694301612813,1.38128619766298,1.66052113024287
1.00428309328367,0.882810999788701,0.9302544067744,1.13801690802059,0.984444734287364,0.951887793571952,1.15138865189793,1.30410490223672
1.10080594359062,0.89315999018605,0.810559523806451,1.10694301612813,0.951887793571952,0.928670942952999,1.04313841063641,1.06684371473624
1.97317068952519,1.10254716210306,0.998565353657272,1.38128619766298,1.15138865189793,1.04313841063641,1.21644518052023,1.23306466512101
0.957427594226432,0.997380983571669,0.975389251191459,1.66052113024287,1.30410490223672,1.06684371473624,1.23306466512101,1
