"[0,1)","[1,5)","[5,15)","[15,25)","[25,45)","[45,65)","[65,75)","[75,+)"
1.07920305180185,0.899522706299553,0.891867909011482,0.946124387125357,0.9322179304108,0.902567882679178,1.08318618662652,1.02945961813848
0.899522706299553,1.03020693858767,0.944644888807987,0.945881149598552,0.941869171955101,0.904546425912366,1.04907737086855,1.03188223537668
0.891867909011482,0.944644888807987,1.01734562309098,0.910138849992051,0.955042197988643,0.91180096778568,1.01448209550825,1.02146558839342
0.946124387125357,0.945881149598552,0.910138849992051,0.75168133039351,1.00079289079193,0.987598474552795,1.15334843978586,1.25025926509018
0.9322179304108,0.941869171955102,0.955042197988643,1.00079289079193,0.927244092255201,0.914715909598029,1.14199312351159,1.15535371040637
0.902567882679178,0.904546425912366,0.911800967785679,0.987598474552796,0.914715909598029,0.941381109310435,1.07537683731304,1.06323643308408
1.08318618662652,1.04907737086855,1.01448209550825,1.15334843978586,1.14199312351159,1.07537683731304,1.12555169028572,1.18468267836308
1.02945961813848,1.03188223537668,1.02146558839342,1.25025926509018,1.15535371040637,1.06323643308408,1.18468267836308,1
