"[0,1)","[1,5)","[5,15)","[15,25)","[25,45)","[45,65)","[65,75)","[75,+)"
0.69337566883576,0.984047829469093,1.05007911303909,1.07347237295714,1.03381700718063,1.01732015797723,1.58267857267975,0.973856264383563
0.984047829469093,0.879096706241101,0.963272978294672,0.956772736095125,0.996581918861499,0.908028599326585,1.11723578776338,0.993839274328796
1.05007911303909,0.963272978294672,0.887223202057094,0.885664333325246,0.978388554040234,0.881033061276944,1.0457789947225,1.00982078628118
1.07347237295714,0.956772736095125,0.885664333325246,0.662514861655299,0.938261107054363,0.930087562426687,1.13700426700471,1.04629033254411
1.03381700718063,0.996581918861499,0.978388554040234,0.938261107054364,0.958869189956524,0.953725840457672,1.21547217214467,1.37875858683873
1.01732015797723,0.908028599326585,0.881033061276944,0.930087562426687,0.953725840457672,0.92236846897469,1.09843823853615,1.0743009978081
1.58267857267975,1.11723578776339,1.0457789947225,1.13700426700471,1.21547217214467,1.09843823853615,1.17742771412418,1.25521648235387
0.973856264383563,0.993839274328796,1.00982078628118,1.04629033254411,1.37875858683873,1.0743009978081,1.25521648235387,1.04145992740933
