"[0,1)","[1,5)","[5,15)","[15,25)","[25,45)","[45,65)","[65,75)","[75,+)"
0.0882520939225902,1.01915031056539,1.25533703541785,1.17047762304695,1.0245703223332,1.14955909776547,2.03793321952455,0.988011074228942
1.01915031056539,0.348142141460951,0.842023139620032,1.04330152375311,0.897370436893271,0.90807811526353,1.12904778576151,1.01969985121855
1.25533703541785,0.842023139620032,0.384554840073454,0.922995027549226,0.942124164541569,0.826985680757654,1.01574142560701,1.00299484936515
1.17047762304695,1.04330152375311,0.922995027549226,0.892609384965156,1.16047860276941,1.1297110980764,1.42138910899809,1.71959776701385
1.0245703223332,0.897370436893271,0.942124164541569,1.16047860276941,1.00564682010715,0.97528814386566,1.19625645484894,1.36129578794615
1.14955909776547,0.90807811526353,0.826985680757654,1.1297110980764,0.97528814386566,0.945714621182261,1.07331041415761,1.10409933502821
2.03793321952455,1.12904778576151,1.01574142560701,1.42138910899809,1.19625645484894,1.07331041415761,1.25060052057568,1.27317837002378
0.988011074228942,1.01969985121855,1.00299484936515,1.71959776701385,1.36129578794615,1.10409933502821,1.27317837002378,1
