"[0,1)","[1,5)","[5,15)","[15,25)","[25,45)","[45,65)","[65,75)","[75,+)"
0.650104087859737,0.629583468295511,0.73165692937669,0.712221257719569,0.725762641822989,0.517637365907183,0.423126108484751,0.518539380306792
0.629583468295511,0.762326852106044,0.740570740796426,0.676968810697289,0.702780162867679,0.590935889715181,0.507909037935898,0.513798924028627
0.73165692937669,0.740570740796426,0.769100889330612,0.706425289539562,0.736745910937915,0.647242435740422,0.571679658274608,0.505809796494472
0.712221257719568,0.676968810697289,0.706425289539562,0.698824192256374,0.627564230648781,0.638501200866577,0.537528677086902,0.510024123812156
0.725762641822989,0.702780162867679,0.736745910937915,0.627564230648781,0.600089815725701,0.557577967250436,0.514808376188628,0.451222213419842
0.517637365907183,0.590935889715181,0.647242435740422,0.638501200866577,0.557577967250436,0.572777493361843,0.483905002103321,0.447796235342429
0.423126108484751,0.507909037935898,0.571679658274608,0.537528677086902,0.514808376188628,0.483905002103321,0.532241284902586,0.519379705004167
0.518539380306792,0.513798924028627,0.505809796494472,0.510024123812156,0.451222213419842,0.447796235342429,0.519379705004167,0.806865336257378
