"[0,1)","[1,5)","[5,15)","[15,25)","[25,45)","[45,65)","[65,75)","[75,+)"
0.884483821088917,0.950774427749954,0.976430015610251,0.967079501016482,0.945254482210515,0.955404719922355,0.953058872107856,0.947190733556978
0.950774427749954,0.880747840457236,0.955485415618282,0.905127431125628,0.932822336929309,0.944318015282031,0.943959222981784,0.94747328963798
0.976430015610251,0.955485415618282,0.895457445770345,0.850457831885021,0.930655380403563,0.912514464218555,0.938439806983391,0.945002943886516
0.967079501016482,0.905127431125628,0.850457831885021,0.650211883976736,0.877717372118761,0.900416009334049,0.924871965556078,0.943815437624769
0.945254482210515,0.932822336929309,0.930655380403563,0.877717372118761,0.886662957481539,0.892226532987962,0.924198238212411,0.946367287394343
0.955404719922355,0.944318015282031,0.912514464218555,0.900416009334049,0.892226532987962,0.91412932191575,0.934333811032648,0.9430607594277
0.953058872107856,0.943959222981784,0.938439806983391,0.924871965556078,0.924198238212411,0.934333811032648,0.957852895436163,0.95786097732966
0.947190733556978,0.94747328963798,0.945002943886516,0.943815437624769,0.946367287394344,0.9430607594277,0.95786097732966,0.984136680862861
