"[0,1)","[1,5)","[5,15)","[15,25)","[25,45)","[45,65)","[65,75)","[75,+)"
0.678211536140234,0.914632512933147,0.959162331726653,0.948786596249086,0.912311550656351,0.925905034310769,0.921604466296711,0.915957334575445
0.914632512933147,0.868374652418066,0.93879311775852,0.885499909084671,0.914288199190742,0.918996117459625,0.913907689761838,0.916240221589813
0.959162331726653,0.93879311775852,0.882279265990201,0.832305962340818,0.914450126934934,0.890723622371712,0.912780484560521,0.913931874405665
0.948786596249086,0.885499909084671,0.832305962340818,0.632448456873032,0.854278450714498,0.878402025129406,0.897562610877655,0.912371888125049
0.912311550656351,0.914288199190742,0.914450126934934,0.854278450714498,0.859952110022699,0.863236001340307,0.894524908399255,0.913826029032717
0.925905034310769,0.918996117459625,0.890723622371712,0.878402025129406,0.863236001340308,0.886945182525967,0.904099919193799,0.909848972957411
0.921604466296711,0.913907689761838,0.912780484560521,0.897562610877655,0.894524908399255,0.904099919193799,0.932285167019657,0.93134477025927
0.915957334575445,0.916240221589813,0.913931874405665,0.912371888125049,0.913826029032718,0.909848972957411,0.93134477025927,0.972754335692035
