"[0,1)","[1,5)","[5,15)","[15,25)","[25,45)","[45,65)","[65,75)","[75,+)"
0.710926324275299,0.711289168539097,0.774519882946008,0.798840849751333,0.792650093912756,0.629343352451634,0.558432315260123,0.626596729747042
0.711289168539097,0.793563647552791,0.810002598824194,0.759568405736513,0.788444485297522,0.688537170970102,0.61779971208001,0.622986801661478
0.774519882946008,0.810002598824194,0.78791785531912,0.769063254323272,0.821019462230258,0.71988147462236,0.686069987230373,0.618862608015522
0.798840849751333,0.759568405736513,0.769063254323272,0.755789431904242,0.732254487307977,0.735746591685881,0.669913110431946,0.617882165791739
0.792650093912756,0.788444485297522,0.821019462230258,0.732254487307977,0.698188936221186,0.65189852303282,0.650672995748941,0.617112698863294
0.629343352451634,0.688537170970102,0.71988147462236,0.735746591685881,0.65189852303282,0.729813521735224,0.628746098952398,0.616263013241895
0.558432315260123,0.61779971208001,0.686069987230373,0.669913110431946,0.650672995748941,0.628746098952398,0.674719466315924,0.633872250012495
0.626596729747042,0.622986801661478,0.618862608015522,0.617882165791739,0.617112698863294,0.616263013241895,0.633872250012495,1
