"[0,1)","[1,5)","[5,15)","[15,25)","[25,45)","[45,65)","[65,75)","[75,+)"
0.651216751669779,0.940919551022895,0.981601844974287,0.970967703761758,0.9287923248226,0.966626821169995,0.967020638624593,0.959747888675638
0.940919551022896,0.871623683719529,0.95637754459486,0.909165337521715,0.935818302288201,0.952000115511059,0.956239676210949,0.960019384280017
0.981601844974287,0.95637754459486,0.886737307091141,0.852395614971312,0.932842613927932,0.917078818271634,0.944620432068945,0.956959254990019
0.970967703761758,0.909165337521715,0.852395614971312,0.654246668415679,0.88537363649577,0.909457106268803,0.934751880376944,0.956769622721876
0.9287923248226,0.935818302288201,0.932842613927932,0.88537363649577,0.895178687287295,0.902381085035362,0.936846909111234,0.959533650954364
0.966626821169995,0.952000115511059,0.917078818271634,0.909457106268803,0.902381085035362,0.922410837913496,0.944158724853526,0.953991995529548
0.967020638624593,0.956239676210949,0.944620432068945,0.934751880376944,0.936846909111234,0.944158724853526,0.965074454925455,0.966912283029435
0.959747888675638,0.960019384280017,0.956959254990018,0.956769622721876,0.959533650954364,0.953991995529548,0.966912283029435,0.987201268223799
