"[0,1)","[1,5)","[5,15)","[15,25)","[25,45)","[45,65)","[65,75)","[75,+)"
0.380381396246578,0.53028937878412,0.650257321061719,0.684411637132559,0.635922871872249,0.421929974246448,0.341185868312233,0.398831281549074
0.53028937878412,0.461394732262392,0.660834162594821,0.58422821889728,0.626979531379724,0.498066222276996,0.384481767338363,0.396588373497771
0.650257321061719,0.660834162594821,0.427610530814393,0.533999989933136,0.686974674845759,0.511984856318924,0.511261863527271,0.394234450368208
0.684411637132559,0.58422821889728,0.533999989933136,0.35549173331104,0.580556840551588,0.593026243720319,0.499350663165953,0.395035329050779
0.635922871872249,0.626979531379724,0.686974674845759,0.580556840551588,0.541558734386697,0.484086697954242,0.467306591992821,0.401779407704032
0.421929974246448,0.498066222276996,0.511984856318924,0.593026243720319,0.484086697954242,0.599259149043986,0.453311843442453,0.411074381594794
0.341185868312233,0.384481767338363,0.511261863527271,0.499350663165953,0.467306591992821,0.453311843442453,0.519004390105821,0.463760904544102
0.398831281549074,0.396588373497771,0.394234450368208,0.395035329050779,0.401779407704032,0.411074381594794,0.463760904544102,1
