"[0,1)","[1,5)","[5,15)","[15,25)","[25,45)","[45,65)","[65,75)","[75,+)"
0.613755906772313,1.02092170738613,1.050385628589,1.04261835399767,1.04194063518244,1.03508180296768,1.3588003553943,1.01207049995841
1.02092170738613,0.835276649575231,0.976847798416858,0.976560044215561,0.96472261909681,0.946733569076668,1.06015011732869,1.02558914828497
1.050385628589,0.976847798416858,0.831704839413425,0.959837673988943,0.984557609986651,0.915554096473469,1.02216771689009,1.02266366671295
1.04261835399767,0.976560044215561,0.959837673988944,0.926945808071658,0.951377221419478,0.928985873074775,1.02240395650346,0.97635735864271
1.04194063518245,0.96472261909681,0.984557609986651,0.951377221419478,0.991391318740304,0.92634064788671,0.973926754892457,1.03093354233608
1.03508180296768,0.946733569076668,0.915554096473469,0.928985873074775,0.92634064788671,0.903119733899331,0.942398897029765,0.897479135143972
1.3588003553943,1.06015011732869,1.02216771689009,1.02240395650346,0.973926754892457,0.942398897029765,0.990992536919372,1.00229499146885
1.01207049995841,1.02558914828497,1.02266366671295,0.97635735864271,1.03093354233608,0.897479135143972,1.00229499146885,1
