"[0,1)","[1,5)","[5,15)","[15,25)","[25,45)","[45,65)","[65,75)","[75,+)"
0.938486340053255,0.985759390602074,0.979052256082029,0.991912550728658,0.962933135405991,0.982700827662325,0.969198489013468,0.859655601356219
0.985759390602074,0.939266798261466,0.966574257791061,0.953002963880501,0.936977752735036,0.968179962560066,0.885791670252933,0.863568066505112
0.97905225608203,0.966574257791061,0.940950021581899,0.935871545551457,0.937023116649683,0.960987002005645,0.876822359439081,0.86086889807393
0.991912550728658,0.953002963880501,0.935871545551457,0.878116367664739,0.876829749524525,0.943940442951348,0.901055142350259,0.877971534932597
0.962933135405991,0.936977752735036,0.937023116649683,0.876829749524525,0.841030379385181,0.90617027088153,0.868485281474526,0.929281485996997
0.982700827662326,0.968179962560066,0.960987002005645,0.943940442951348,0.90617027088153,0.954606438193492,0.894079370489306,0.867117760904161
0.969198489013468,0.885791670252933,0.876822359439081,0.901055142350259,0.868485281474526,0.894079370489306,0.846805410887708,0.881105793502781
0.859655601356219,0.863568066505112,0.86086889807393,0.877971534932597,0.929281485996997,0.867117760904161,0.881105793502781,0.900893371974715
