"[0,1)","[1,5)","[5,15)","[15,25)","[25,45)","[45,65)","[65,75)","[75,+)"
0.0815080093166372,0.621684111916476,0.771169349231465,0.791215493049442,0.757357721762238,0.588707159671531,0.662267977329935,0.507214087231015
0.621684111916476,0.270522605395584,0.698973141498225,0.690669201029867,0.716581968703375,0.610374056403541,0.523345604403225,0.513060248943076
0.771169349231465,0.698973141498225,0.287519228663205,0.651958635532175,0.781059553156194,0.599545270842302,0.616994265848619,0.513870887415487
0.791215493049442,0.690669201029867,0.651958635532175,0.67391508521085,0.739009894055672,0.705754751521286,0.642063092394689,0.550958380881889
0.757357721762238,0.716581968703375,0.781059553156194,0.739009894055672,0.729445750744589,0.656325821037472,0.67995177134483,0.680967257100509
0.588707159671531,0.610374056403541,0.599545270842302,0.705754751521286,0.656325821037472,0.693796504892061,0.584267711145771,0.551565798621587
0.662267977329935,0.523345604403225,0.616994265848619,0.642063092394689,0.67995177134483,0.584267711145771,0.615868822114336,0.584697765973959
0.507214087231015,0.513060248943076,0.513870887415487,0.550958380881889,0.680967257100509,0.551565798621587,0.584697765973959,1
