"[0,1)","[1,5)","[5,15)","[15,25)","[25,45)","[45,65)","[65,75)","[75,+)"
0.211972789213346,0.825729018004052,0.894478808565088,0.893947656908004,0.828257445244179,0.82383830574456,0.808619925414759,0.804683677220419
0.825729018004052,0.715052754311357,0.872455057697271,0.816597910964527,0.840262008704807,0.827547249202305,0.797803565368967,0.804883616012239
0.894478808565088,0.872455057697271,0.707891468236757,0.769047984159381,0.873053307248446,0.816275352425288,0.8386706877832,0.799995805735824
0.893947656908004,0.816597910964527,0.769047984159381,0.565246885801065,0.82606528772752,0.845658587015555,0.838137379689291,0.802198858242171
0.828257445244179,0.840262008704807,0.873053307248446,0.82606528772752,0.820293230383773,0.793788663391141,0.796645815139887,0.794231760160444
0.823838305744561,0.827547249202305,0.816275352425288,0.845658587015555,0.793788663391141,0.857820767398324,0.82234796514277,0.789011207804354
0.808619925414759,0.797803565368967,0.8386706877832,0.838137379689291,0.796645815139887,0.82234796514277,0.858203034402273,0.854897040657909
0.804683677220419,0.804883616012239,0.799995805735824,0.802198858242171,0.794231760160445,0.789011207804354,0.854897040657909,1
