"[0,1)","[1,5)","[5,15)","[15,25)","[25,45)","[45,65)","[65,75)","[75,+)"
0.841029737903991,0.970370006594379,0.989968877868315,0.98288110422827,0.964311262158477,0.978960881290123,0.977925347337733,0.971414424779021
0.970370006594379,0.884111245830834,0.975345561854433,0.925377930438577,0.950470924890665,0.968560684101409,0.96780160780651,0.971732467678859
0.989968877868315,0.975345561854433,0.914426394314105,0.890450131640492,0.966632545293467,0.960406363248889,0.977066101306288,0.969963695717622
0.98288110422827,0.925377930438577,0.890450131640492,0.681577936882611,0.938334789753115,0.955003048917124,0.972840995798248,0.968291741339576
0.964311262158477,0.950470924890665,0.966632545293467,0.938334789753115,0.946345863599664,0.934325717064717,0.943417737499218,0.957941153087963
0.978960881290123,0.968560684101409,0.960406363248889,0.955003048917124,0.934325717064717,0.965285345938179,0.966470521341631,0.949343923889329
0.977925347337733,0.967801607806511,0.977066101306288,0.972840995798248,0.943417737499218,0.966470521341632,0.983713735181014,0.988213375950787
0.971414424779021,0.971732467678859,0.969963695717622,0.968291741339576,0.957941153087963,0.949343923889329,0.988213375950787,1
