"[0,1)","[1,5)","[5,15)","[15,25)","[25,45)","[45,65)","[65,75)","[75,+)"
0.0850600881259494,0.510869785622059,0.663873865970918,0.696135221570796,0.623207594256967,0.438944013058206,0.405185619672158,0.379681209238932
0.510869785622059,0.256648923237265,0.639396713756146,0.564938841258376,0.607286473791907,0.494436643621525,0.377095701193053,0.380673552676031
0.663873865970918,0.639396713756146,0.264724311353965,0.499486800368179,0.677173190671553,0.497551530357701,0.515429513562881,0.385572116292258
0.696135221570796,0.564938841258376,0.499486800368178,0.299522894551895,0.570480514611993,0.59151427642131,0.501743999830004,0.37753245357899
0.623207594256967,0.607286473791907,0.677173190671553,0.570480514611993,0.538993839227179,0.477487045142922,0.453930554094281,0.389970272860846
0.438944013058206,0.494436643621525,0.497551530357701,0.59151427642131,0.477487045142922,0.602506379359718,0.471097438346579,0.40133410782248
0.405185619672158,0.377095701193053,0.515429513562881,0.501743999830004,0.453930554094281,0.471097438346579,0.534107710556707,0.479555337865959
0.379681209238932,0.380673552676031,0.385572116292257,0.37753245357899,0.389970272860846,0.40133410782248,0.479555337865959,1
