"[0,1)","[1,5)","[5,15)","[15,25)","[25,45)","[45,65)","[65,75)","[75,+)"
0.730344594582711,0.831749280933557,0.881380606437492,0.891369629811724,0.880418522030827,0.797958617021211,0.790150820481277,0.77567083554136
0.831749280933557,0.869732821578106,0.898731079014397,0.860426008001641,0.875000080770179,0.822308415950052,0.781637443115495,0.776437682945634
0.881380606437492,0.898731079014397,0.876366851314721,0.868876294977087,0.896464917653046,0.837385947875736,0.820584628225234,0.777224323044268
0.891369629811724,0.860426008001641,0.868876294977087,0.849473458529978,0.830681232951826,0.837404944414058,0.804897585259926,0.767928510591638
0.880418522030827,0.875000080770178,0.896464917653046,0.830681232951826,0.809030415776192,0.780429235137634,0.783902927026787,0.773524511102122
0.797958617021211,0.822308415950051,0.837385947875736,0.837404944414058,0.780429235137634,0.830760891304525,0.773763722887278,0.767529894025963
0.790150820481277,0.781637443115495,0.820584628225234,0.804897585259927,0.783902927026787,0.773763722887278,0.800131581527813,0.774659098439275
0.77567083554136,0.776437682945634,0.777224323044268,0.767928510591638,0.773524511102122,0.767529894025963,0.774659098439275,1
