"[0,1)","[1,5)","[5,15)","[15,25)","[25,45)","[45,65)","[65,75)","[75,+)"
0.721927151449462,0.945374827243542,0.97038719763787,0.964766156751221,0.940134312166081,0.948921912616151,0.946447208818756,0.939922690339025
0.945374827243542,0.895374277118044,0.9607226471637,0.907706034611655,0.934172817200398,0.942844048823469,0.93721604176011,0.94022625508188
0.97038719763787,0.9607226471637,0.9132807986557,0.87362443380622,0.951790031273798,0.936685385447374,0.949013832650197,0.936955015429148
0.964766156751221,0.907706034611655,0.87362443380622,0.661127689042841,0.917091986514803,0.933801947686434,0.946964698791836,0.93691408758017
0.940134312166081,0.934172817200398,0.951790031273798,0.917091986514803,0.921768888512184,0.907312007843706,0.91652223202127,0.928062695378089
0.948921912616151,0.942844048823468,0.936685385447374,0.933801947686434,0.907312007843706,0.94341637235061,0.935784324811596,0.919448386723797
0.946447208818756,0.937216041760111,0.949013832650197,0.946964698791836,0.91652223202127,0.935784324811596,0.956239687126649,0.960140748040387
0.939922690339025,0.94022625508188,0.936955015429148,0.93691408758017,0.928062695378089,0.919448386723797,0.960140748040387,1
