"[0,1)","[1,5)","[5,15)","[15,25)","[25,45)","[45,65)","[65,75)","[75,+)"
0.81163057556768,0.922135752234938,0.95033291393058,0.949097096758937,0.929274723445734,0.912225927341056,0.913815339474933,0.904472827653188
0.922135752234938,0.850939791636752,0.936465529483953,0.91720029626457,0.912139003974023,0.912084991666749,0.902922108343854,0.904929186874906
0.95033291393058,0.936465529483953,0.842463355091893,0.910137776633878,0.930442780464961,0.898568839637014,0.916274667565184,0.901177110869684
0.949097096758937,0.91720029626457,0.910137776633878,0.88987540411514,0.893028358839769,0.90369653695509,0.899509072248625,0.892601395055209
0.929274723445734,0.912139003974023,0.930442780464961,0.893028358839769,0.873597060672963,0.863483644509338,0.879797764568856,0.89445635743303
0.912225927341056,0.912084991666749,0.898568839637014,0.90369653695509,0.863483644509338,0.8950521682695,0.861282648605401,0.879908713750635
0.913815339474933,0.902922108343854,0.916274667565184,0.899509072248626,0.879797764568856,0.861282648605401,0.878381296756776,0.858853109343901
0.904472827653188,0.904929186874907,0.901177110869684,0.892601395055209,0.89445635743303,0.879908713750635,0.858853109343901,1
