"[0,1)","[1,5)","[5,15)","[15,25)","[25,45)","[45,65)","[65,75)","[75,+)"
0.0976078730912807,0.513058318444071,0.647436591831969,0.682020353177763,0.620902251856031,0.416806480244553,0.328800493856937,0.398824180982576
0.513058318444071,0.33651153584458,0.637158692527958,0.599813126495138,0.619436039878607,0.493253372796419,0.38121402483166,0.396099650394327
0.647436591831969,0.637158692527958,0.321718019048709,0.572702516407635,0.682002975967643,0.505410754121217,0.50781766356042,0.392422621619106
0.682020353177763,0.599813126495138,0.572702516407635,0.576144678586354,0.589000146220389,0.595836904413431,0.49472997614766,0.393641581882482
0.620902251856031,0.619436039878607,0.682002975967643,0.589000146220389,0.538918784688781,0.479275252506042,0.46443881053597,0.399595498350906
0.416806480244553,0.493253372796419,0.505410754121217,0.595836904413431,0.479275252506042,0.594258617713454,0.444386955326405,0.407681705871211
0.328800493856937,0.38121402483166,0.50781766356042,0.49472997614766,0.46443881053597,0.444386955326405,0.510728641789755,0.451436168798606
0.398824180982576,0.396099650394327,0.392422621619106,0.393641581882482,0.399595498350907,0.407681705871211,0.451436168798606,1
