"[0,1)","[1,5)","[5,15)","[15,25)","[25,45)","[45,65)","[65,75)","[75,+)"
0.152603068415312,0.855415923779476,0.979384545677625,0.965612218327538,0.831829448396024,0.960039869421239,0.958989659725786,0.950690597032912
0.855415923779476,0.350443234180508,0.840494104453843,0.85632194860446,0.844735169758779,0.909345788978299,0.920740301318941,0.951058210482456
0.979384545677625,0.840494104453843,0.345339059343653,0.728145358717361,0.815076731908486,0.778399961250634,0.878296556268913,0.945928679964592
0.965612218327538,0.85632194860446,0.728145358717361,0.58081021237454,0.849912007039367,0.883712404774928,0.913565781316746,0.947978402991332
0.831829448396024,0.844735169758779,0.815076731908486,0.849912007039367,0.855538050802586,0.878127190814045,0.911555942344989,0.949951973291152
0.960039869421239,0.909345788978299,0.778399961250634,0.883712404774928,0.878127190814045,0.905384746810299,0.931977013885231,0.949777620195213
0.958989659725786,0.920740301318941,0.878296556268913,0.913565781316746,0.911555942344989,0.931977013885231,0.965033772182409,0.964517789893965
0.950690597032912,0.951058210482455,0.945928679964593,0.947978402991332,0.949951973291153,0.949777620195214,0.964517789893966,0.985862890946935
