"[0,1)","[1,5)","[5,15)","[15,25)","[25,45)","[45,65)","[65,75)","[75,+)"
0.975615006129244,0.965613399294739,1.00007966224854,0.963825555880651,0.979823122884107,0.970357392117752,1.21306311295305,0.901662046634263
0.965613399294739,0.903847045841278,0.934941530731339,0.90906206433184,0.931989141489674,0.91015904807183,0.972728010363177,0.912784136304862
1.00007966224854,0.934941530731339,0.899232768960485,0.896818240622869,0.931057528807168,0.896221578162505,0.932224547717314,0.913116909979816
0.963825555880651,0.90906206433184,0.896818240622869,0.82589542111481,0.850944246982871,0.881656578301635,0.917846451086262,0.927217382601852
0.979823122884107,0.931989141489674,0.931057528807168,0.850944246982871,0.848906934568549,0.870540943970353,0.951395901617383,0.998884329173228
0.970357392117752,0.91015904807183,0.896221578162505,0.881656578301635,0.870540943970353,0.884341295833157,0.920571678013867,0.897953155869756
1.21306311295305,0.972728010363176,0.932224547717314,0.917846451086262,0.951395901617382,0.920571678013867,0.95594196310019,1.00084962206993
0.901662046634263,0.912784136304862,0.913116909979816,0.927217382601852,0.998884329173228,0.897953155869756,1.00084962206993,0.962356071952041
