"[0,1)","[1,5)","[5,15)","[15,25)","[25,45)","[45,65)","[65,75)","[75,+)"
0.128465452180282,0.588083488352088,0.759858748407998,0.716825807680476,0.654830696186351,0.496316538739983,0.489235844468576,0.703040410859095
0.588083488352088,0.372538880443701,0.670249107528677,0.648019975220248,0.644155033523553,0.549838629185229,0.635389097919352,0.697137447855524
0.759858748407998,0.670249107528676,0.336491063884895,0.619003962937658,0.648684566644535,0.522860883492977,0.635464395205192,0.674137732919738
0.716825807680476,0.648019975220248,0.619003962937658,0.663889911711598,0.592693913925642,0.591090561586562,0.592242396388166,0.617742642904572
0.654830696186351,0.644155033523553,0.648684566644535,0.592693913925642,0.541156588317786,0.499235674574398,0.602555517966321,0.572075156836304
0.496316538739983,0.549838629185229,0.522860883492977,0.591090561586562,0.499235674574398,0.504095188587659,0.51637128146454,0.496361947810738
0.489235844468576,0.635389097919353,0.635464395205192,0.592242396388166,0.602555517966321,0.51637128146454,0.688858435477956,0.698382646338797
0.703040410859094,0.697137447855524,0.674137732919738,0.617742642904572,0.572075156836304,0.496361947810738,0.698382646338797,0.884844721417661
