"[0,1)","[1,5)","[5,15)","[15,25)","[25,45)","[45,65)","[65,75)","[75,+)"
0.206005429130963,0.587545499682087,0.778717486845003,0.766097061686393,0.682136449391448,0.557920887481641,0.685192172834198,0.493078491111353
0.587545499682088,0.321462857047939,0.649056633162953,0.615312501049036,0.641684981348172,0.541936087817032,0.532683883616202,0.49978736881118
0.778717486845003,0.649056633162953,0.284511950530318,0.512777529721351,0.635530033850816,0.487590910709272,0.544024175666437,0.503015188757672
0.766097061686392,0.615312501049036,0.512777529721351,0.333336253802235,0.578120969855602,0.59556100383488,0.559833681787492,0.480766617920064
0.682136449391448,0.641684981348172,0.635530033850816,0.578120969855602,0.579118456692006,0.550799066669635,0.598554450132784,0.635222784191617
0.557920887481641,0.541936087817032,0.487590910709272,0.59556100383488,0.550799066669635,0.552327800962922,0.529636451275647,0.475957423161249
0.685192172834198,0.532683883616202,0.544024175666437,0.559833681787492,0.598554450132784,0.529636451275647,0.598539485794163,0.633955897238541
0.493078491111353,0.49978736881118,0.503015188757672,0.480766617920064,0.635222784191617,0.475957423161249,0.633955897238541,0.804823027207217
