"[0,1)","[1,5)","[5,15)","[15,25)","[25,45)","[45,65)","[65,75)","[75,+)"
1.15369985289573,0.910558900759285,0.980250964055436,0.944791383238872,1.00134060578886,0.98797584522585,1.2682467433169,1.0479126968358
0.910558900759285,1.01080080719396,0.934087010255194,0.892751539982222,0.942769136221862,0.922403971340308,1.08141576515306,1.05622018570679
0.980250964055436,0.934087010255194,1.02135580943194,0.861916357560526,0.959470364682572,0.921537016901347,1.03311212527112,1.04481496854362
0.944791383238872,0.892751539982222,0.861916357560526,0.611973207324734,0.920840041448454,0.937913706380807,1.07491442579762,1.16859889793014
1.00134060578886,0.942769136221862,0.959470364682573,0.920840041448453,0.945769696481602,0.956221390800126,1.10959292298397,1.21042326590241
0.987975845225849,0.922403971340308,0.921537016901347,0.937913706380806,0.956221390800126,0.972663494188701,1.0661207237047,1.11557146100602
1.2682467433169,1.08141576515306,1.03311212527112,1.07491442579762,1.10959292298397,1.0661207237047,1.18441197840116,1.18038968493552
1.0479126968358,1.05622018570679,1.04481496854362,1.16859889793014,1.21042326590241,1.11557146100602,1.18038968493552,1
