"[0,1)","[1,5)","[5,15)","[15,25)","[25,45)","[45,65)","[65,75)","[75,+)"
0.337699051680546,1.5887949746542,1.42451268874167,1.18810595674106,1.16650552953685,1.47212132087024,1.32431111134317,1.58074041577157
1.5887949746542,0.671856629869053,1.25313206279566,1.09884064309998,1.14159554320362,1.35909541533899,1.51001240971993,1.57144743742601
1.42451268874167,1.25313206279566,0.748630601751892,1.01670119602433,1.16495164549748,1.24191090799809,1.40089921094218,1.53866638059728
1.18810595674106,1.09884064309998,1.01670119602433,0.64547123866688,1.07772631847601,1.01346570482078,1.07663238310088,1.02913315026594
1.16650552953685,1.14159554320362,1.16495164549748,1.07772631847601,1.20025511270248,1.15700902841354,1.36799298823736,1.45189840927789
1.47212132087024,1.35909541533899,1.24191090799809,1.01346570482078,1.15700902841354,1.05763754320208,1.13386607398157,1.1531075703193
1.32431111134317,1.51001240971993,1.40089921094218,1.07663238310088,1.36799298823736,1.13386607398157,1.0466813461693,1.06704844324455
1.58074041577157,1.57144743742601,1.53866638059728,1.02913315026593,1.45189840927789,1.1531075703193,1.06704844324455,1
