"[0,1)","[1,5)","[5,15)","[15,25)","[25,45)","[45,65)","[65,75)","[75,+)"
0.11299419229705,0.636542107283658,0.841829308624739,0.88323046528347,0.731823207044646,0.620185249083758,0.944381780586699,0.490879676528131
0.636542107283658,0.399138546138448,0.695261355741034,0.735681076794178,0.710968622205399,0.602768463189535,0.609662211543758,0.518203823295616
0.841829308624739,0.695261355741034,0.353707154238369,0.630451047870199,0.70134261926695,0.550058250041086,0.610961669225563,0.537919829617295
0.88323046528347,0.735681076794178,0.630451047870199,0.502042474278161,0.69491801934225,0.718246329709641,0.78812358580471,0.733052954956072
0.731823207044646,0.710968622205399,0.70134261926695,0.69491801934225,0.636324614123645,0.639603755225956,0.750388334391982,0.765502007605716
0.620185249083758,0.602768463189535,0.550058250041086,0.718246329709641,0.639603755225956,0.657001023911391,0.677153055700434,0.640358104958949
0.944381780586699,0.609662211543758,0.610961669225563,0.78812358580471,0.750388334391982,0.677153055700434,0.714211348406241,0.752218634895704
0.490879676528131,0.518203823295616,0.537919829617295,0.733052954956072,0.765502007605716,0.640358104958949,0.752218634895704,0.853002040667452
