"[0,1)","[1,5)","[5,15)","[15,25)","[25,45)","[45,65)","[65,75)","[75,+)"
0.841946735853219,1.13449860453985,1.1343505457807,1.11601223397815,1.14047915570163,1.1739434245917,1.55095990327923,1.15709672757517
1.13449860453985,0.908472713178327,1.0477945404257,1.05417725899437,1.04197094026423,1.05848607918599,1.21343625196413,1.17485665056682
1.1343505457807,1.0477945404257,0.925398612321159,1.04605981431252,1.05365673622272,1.02577579863311,1.1469664025699,1.16979188148248
1.11601223397815,1.05417725899437,1.04605981431252,1.02106469582544,1.0372926052945,1.01585278548118,1.15556630513465,1.12437318617134
1.14047915570163,1.04197094026423,1.05365673622272,1.0372926052945,1.10340123668031,1.03706980859406,1.09726346263163,1.17633246196797
1.1739434245917,1.05848607918599,1.02577579863311,1.01585278548118,1.03706980859406,1.00109633013998,1.10034655409978,1.02819560214207
1.55095990327923,1.21343625196413,1.1469664025699,1.15556630513465,1.09726346263163,1.10034655409978,1.15151017706575,1.2026115609772
1.15709672757517,1.17485665056682,1.16979188148248,1.12437318617134,1.17633246196797,1.02819560214207,1.2026115609772,1
