"[0,1)","[1,5)","[5,15)","[15,25)","[25,45)","[45,65)","[65,75)","[75,+)"
0.131528601223087,0.511850014105147,0.658231471831575,0.713615102806182,0.634592541603417,0.397667634093542,0.324714946312629,0.336490793637781
0.511850014105147,0.335690583718913,0.628662409809923,0.615840478648139,0.619603997751869,0.468208066717211,0.331426634373223,0.336057205150071
0.658231471831575,0.628662409809923,0.312168125049419,0.57650270452953,0.686022581424909,0.482044295735989,0.465736773065414,0.333385844939984
0.713615102806182,0.615840478648139,0.57650270452953,0.585201425036418,0.604312287410734,0.598670459694415,0.492905795336699,0.367634469792988
0.634592541603417,0.619603997751869,0.686022581424909,0.604312287410734,0.541002070064975,0.464357814103901,0.429199147119322,0.351586892956931
0.397667634093542,0.468208066717211,0.482044295735989,0.598670459694415,0.464357814103901,0.569445978402906,0.407376710593382,0.343681760526159
0.324714946312629,0.331426634373223,0.465736773065414,0.492905795336699,0.429199147119322,0.407376710593382,0.473712433020992,0.422041029021786
0.336490793637781,0.336057205150071,0.333385844939984,0.367634469792988,0.351586892956931,0.343681760526159,0.422041029021786,1
