"[0,1)","[1,5)","[5,15)","[15,25)","[25,45)","[45,65)","[65,75)","[75,+)"
0.0407002425820944,0.39332833577742,0.650879012303666,0.631571701881509,0.561912201280246,0.330599167822944,0.365456808026449,0.188474694214677
0.39332833577742,0.176360044150054,0.524249360735213,0.461602645468304,0.503070903738701,0.361942646867341,0.243558315964747,0.194999736666869
0.650879012303666,0.524249360735213,0.15618299159597,0.378267710078443,0.515387349288467,0.328847653362728,0.311261956428676,0.208044249285052
0.631571701881509,0.461602645468304,0.378267710078443,0.218299427763296,0.393281910728255,0.434259738024369,0.338466011196623,0.212275126005102
0.561912201280246,0.503070903738701,0.515387349288467,0.393281910728255,0.363540928841807,0.336674104183175,0.337528492558038,0.328741183726903
0.330599167822944,0.361942646867341,0.328847653362728,0.434259738024369,0.336674104183175,0.381396384643981,0.304967729343662,0.251485205614185
0.365456808026449,0.243558315964747,0.311261956428676,0.338466011196623,0.337528492558038,0.304967729343662,0.387859876158472,0.393823063291676
0.188474694214677,0.194999736666869,0.208044249285052,0.212275126005102,0.328741183726903,0.251485205614185,0.393823063291676,0.72389403365212
