"[0,1)","[1,5)","[5,15)","[15,25)","[25,45)","[45,65)","[65,75)","[75,+)"
0.681762559895684,0.89574967973252,0.947206270396197,0.929059659532122,0.904530828079771,0.884145474786824,1.00991639513065,0.816716251207731
0.89574967973252,0.869500137301505,0.909290277022764,0.859667565418527,0.886305054140485,0.863374871282972,0.865935392767947,0.828356834659946
0.947206270396197,0.909290277022764,0.895469885354587,0.8098874182606,0.892813964868846,0.860858020056026,0.856087174988125,0.826660446485421
0.929059659532122,0.859667565418527,0.8098874182606,0.594786014678972,0.797310449014167,0.841290304543094,0.859037289233729,0.888507878360928
0.904530828079771,0.886305054140485,0.892813964868846,0.797310449014167,0.802275927069363,0.826825507505288,0.836864387976966,0.88979278603442
0.884145474786824,0.863374871282972,0.860858020056026,0.841290304543094,0.826825507505288,0.860174649007033,0.861203070126615,0.841505726339018
1.00991639513065,0.865935392767947,0.856087174988126,0.859037289233729,0.836864387976966,0.861203070126615,0.898369867056655,0.925309874967207
0.816716251207731,0.828356834659946,0.826660446485421,0.888507878360928,0.88979278603442,0.841505726339018,0.925309874967207,0.934398566453798
