"[0,1)","[1,5)","[5,15)","[15,25)","[25,45)","[45,65)","[65,75)","[75,+)"
0.949993581927433,0.912189174804437,0.98698491816539,0.949714072863441,0.993842941043331,1.00105723328452,1.28682450060514,1.06364089605165
0.912189174804437,1.02011185523299,0.940570630947437,0.901224336865889,0.951363005546188,0.933779791091489,1.09790756585024,1.07241963300735
0.98698491816539,0.940570630947438,1.03475119224439,0.870822815183578,0.966729610171726,0.932517221005481,1.04613216731009,1.06089405252269
0.949714072863441,0.901224336865889,0.870822815183578,0.621604488325827,0.930581661680635,0.947258659178529,1.08781604921695,1.18587542484008
0.993842941043331,0.951363005546188,0.966729610171726,0.930581661680635,0.95672809019758,0.969402782206549,1.12388084222436,1.22666047011183
1.00105723328452,0.933779791091489,0.932517221005481,0.947258659178529,0.969402782206549,0.98229216440947,1.08030805558183,1.13167274556492
1.28682450060514,1.09790756585024,1.04613216731009,1.08781604921695,1.12388084222436,1.08030805558183,1.19819910840424,1.1937516153638
1.06364089605165,1.07241963300735,1.06089405252269,1.18587542484008,1.22666047011183,1.13167274556492,1.1937516153638,1
