"[0,1)","[1,5)","[5,15)","[15,25)","[25,45)","[45,65)","[65,75)","[75,+)"
1.01141055057736,0.957756806171608,0.998315359008644,0.954268226111309,0.996553334997972,1.02906965399188,1.31438901838699,1.08558469644785
0.957756806171608,1.00080389296986,0.944814116494403,0.899926428648785,0.965981264027058,0.952366476990339,1.1313733736524,1.09345523326618
0.998315359008644,0.944814116494403,1.03120449601988,0.859819703304544,0.962929678207268,0.953550778693931,1.07330237330881,1.08608522369617
0.954268226111309,0.899926428648785,0.859819703304544,0.616583471152512,0.882346286519036,0.936021441116918,1.05690632710254,1.20928471075807
0.996553334997973,0.965981264027058,0.962929678207268,0.882346286519037,0.895274775677553,0.964255393361929,1.14706039542559,1.21743819089182
1.02906965399188,0.952366476990339,0.953550778693932,0.936021441116917,0.964255393361929,1.00356101501565,1.12578805465069,1.14154982809343
1.31438901838699,1.1313733736524,1.07330237330881,1.05690632710254,1.14706039542559,1.12578805465069,1.22898740638506,1.24406464988911
1.08558469644785,1.09345523326618,1.08608522369617,1.20928471075807,1.21743819089182,1.14154982809343,1.24406464988911,1.11500379583526
