"[0,1)","[1,5)","[5,15)","[15,25)","[25,45)","[45,65)","[65,75)","[75,+)"
0.957784683645484,1.36841708461753,1.2704583476282,1.17031257988568,1.171301132479,1.36667513160477,1.55227281773548,1.40347945903827
1.36841708461753,1.01216425141099,1.16544648715375,1.10053145439149,1.10039294034696,1.22199448910979,1.41228583152966,1.40821904800429
1.2704583476282,1.16544648715375,1.03615186126305,1.04455946173968,1.10334564277426,1.15759721632301,1.29897071333401,1.39388237669691
1.17031257988568,1.10053145439149,1.04455946173968,0.757371366271614,1.05370653416474,1.0527442280738,1.17137126772931,1.1590742926384
1.171301132479,1.10039294034696,1.10334564277426,1.05370653416474,1.11708210955891,1.09742141278239,1.1404695193611,1.22919411875806
1.36667513160477,1.22199448910979,1.15759721632301,1.0527442280738,1.09742141278239,1.06346202285272,1.1418285213522,1.12564547152739
1.55227281773548,1.41228583152966,1.29897071333401,1.17137126772931,1.1404695193611,1.1418285213522,1.16982557182806,1.19578341031675
1.40347945903827,1.40821904800429,1.39388237669691,1.1590742926384,1.22919411875806,1.12564547152739,1.19578341031675,1
