"[0,1)","[1,5)","[5,15)","[15,25)","[25,45)","[45,65)","[65,75)","[75,+)"
0.82841275787248,0.930625666098352,1.04673716113747,1.10363425479205,1.03985951703165,0.960482144125117,1.53461421846971,0.805489526963922
0.930625666098352,0.886130480531328,0.947650384420272,1.01783439233285,0.975829714200321,0.886978085986539,0.926213803732287,0.828714698927023
1.04673716113747,0.947650384420272,0.896052694806302,0.975217533512748,0.989986132006001,0.904432619895519,0.905744995003489,0.838319842943654
1.10363425479205,1.01783439233285,0.975217533512748,0.853904336804422,1.09086144195407,1.05892348642201,1.20898130146022,1.19644702850432
1.03985951703165,0.97582971420032,0.989986132006001,1.09086144195406,1.05577413599493,1.00252151842935,1.12243195466461,1.10645905384973
0.960482144125117,0.886978085986539,0.904432619895519,1.05892348642201,1.00252151842935,0.954128905247808,1.03418329082542,0.985204823726435
1.53461421846971,0.926213803732287,0.905744995003489,1.20898130146022,1.12243195466461,1.03418329082542,1.04211264554862,1.10650229637291
0.805489526963922,0.828714698927023,0.838319842943654,1.19644702850432,1.10645905384973,0.985204823726435,1.10650229637291,1
