"[0,1)","[1,5)","[5,15)","[15,25)","[25,45)","[45,65)","[65,75)","[75,+)"
0.301217004505892,1.46799384173912,1.36045381621234,1.19898596461664,1.11234072211353,1.40337181656462,1.46111043672205,1.3305286809633
1.46799384173912,0.557087570444865,1.17845580471086,1.10569350522431,1.07941064651819,1.29058208611932,1.32494310240024,1.33428795167235
1.36045381621234,1.17845580471086,0.63330257093828,1.01459000292592,1.1094570095809,1.1767931270682,1.24836525892153,1.31909317668781
1.19898596461664,1.10569350522431,1.01459000292592,0.744320958518916,1.12837285586645,1.08179555484083,1.1261224543906,1.04566508063004
1.11234072211353,1.07941064651819,1.1094570095809,1.12837285586645,1.17697560971382,1.13515851554626,1.29006358886674,1.2529907965753
1.40337181656462,1.29058208611932,1.1767931270682,1.08179555484083,1.13515851554626,1.05831621082139,1.14903561237972,1.10371123833393
1.46111043672205,1.32494310240024,1.24836525892153,1.1261224543906,1.29006358886674,1.14903561237972,0.993845906619693,1.07169538214076
1.3305286809633,1.33428795167235,1.31909317668781,1.04566508063004,1.2529907965753,1.10371123833393,1.07169538214076,1
