"[0,1)","[1,5)","[5,15)","[15,25)","[25,45)","[45,65)","[65,75)","[75,+)"
0.233038627217936,1.15889456255394,1.20673241722958,1.16651973584765,0.98003963449961,1.2037133129048,1.44179567965417,1.0710631078368
1.15889456255394,0.444630575610544,1.02502231389904,1.02459931402479,0.976587657806806,1.07539040304178,1.12628697116431,1.08323144097555
1.20673241722958,1.02502231389904,0.447458770416821,0.876717865245687,0.921409616074347,0.889286787860687,1.02220602117091,1.08006591216674
1.16651973584765,1.02459931402479,0.876717865245686,0.706790307253361,0.965127397204612,0.977696403634159,1.12061995708895,1.02498929856982
0.98003963449961,0.976587657806806,0.921409616074347,0.965127397204612,0.929850909193554,0.959400526795274,1.19676730471786,1.23351494298288
1.2037133129048,1.07539040304178,0.889286787860687,0.977696403634159,0.959400526795274,0.952918952382013,1.09295935545413,1.03809105951509
1.44179567965417,1.12628697116431,1.02220602117091,1.12061995708895,1.19676730471786,1.09295935545413,0.933596302803977,1.00804822476177
1.0710631078368,1.08323144097555,1.08006591216674,1.02498929856982,1.23351494298288,1.03809105951509,1.00804822476177,0.916792875767843
