"[0,1)","[1,5)","[5,15)","[15,25)","[25,45)","[45,65)","[65,75)","[75,+)"
0.0643360398323411,0.406816964915171,0.654383176885725,0.621052146422525,0.560023444064215,0.344575298927958,0.360874283391915,0.279445166253474
0.406816964915171,0.193598543602769,0.524320093423101,0.477065843956871,0.516098414426216,0.384853567623285,0.303500392563492,0.281693355214058
0.654383176885725,0.524320093423101,0.172231683575805,0.396469710670456,0.527763512917404,0.366156479569838,0.358968119246789,0.283352746828352
0.621052146422525,0.477065843956871,0.396469710670456,0.246786947128353,0.431922061242041,0.477001991391109,0.394676916353169,0.320136833298664
0.560023444064215,0.516098414426216,0.527763512917404,0.431922061242041,0.386549310031574,0.375956942785583,0.401232740277223,0.356204684220844
0.344575298927958,0.384853567623285,0.366156479569838,0.477001991391109,0.375956942785583,0.425688483232269,0.366852805340989,0.311640580511889
0.360874283391915,0.303500392563492,0.358968119246789,0.394676916353169,0.401232740277223,0.366852805340989,0.456260092559145,0.457523127392638
0.279445166253474,0.281693355214058,0.283352746828352,0.320136833298664,0.356204684220845,0.311640580511889,0.457523127392638,0.7607310787723
