"[0,1)","[1,5)","[5,15)","[15,25)","[25,45)","[45,65)","[65,75)","[75,+)"
0.0812190075235941,0.485157970233261,0.657513333989485,0.702219969543112,0.62632794023464,0.361227315554056,0.389575148726228,0.269267755768333
0.485157970233261,0.324059282732583,0.612261056852824,0.599092494406402,0.603985887063699,0.42704805900341,0.28585909313343,0.272731241580731
0.657513333989485,0.612261056852824,0.301352497244578,0.556259222749423,0.672547669146685,0.445053951284721,0.430275610340034,0.274449216985599
0.702219969543112,0.599092494406402,0.556259222749423,0.527387665700755,0.596290562138199,0.583749595577839,0.491627561991713,0.367594888795772
0.62632794023464,0.603985887063699,0.672547669146685,0.596290562138199,0.521510857689561,0.431352960468091,0.403793265851615,0.311178215431104
0.361227315554056,0.42704805900341,0.445053951284721,0.583749595577838,0.431352960468092,0.538144276910738,0.376914997537652,0.295447545265957
0.389575148726228,0.285859093133429,0.430275610340034,0.491627561991713,0.403793265851615,0.376914997537652,0.455434195665747,0.406047634869438
0.269267755768333,0.272731241580731,0.274449216985599,0.367594888795772,0.311178215431104,0.295447545265957,0.406047634869438,1
