"[0,1)","[1,5)","[5,15)","[15,25)","[25,45)","[45,65)","[65,75)","[75,+)"
0.824130994021429,0.714853890074252,0.879398867370465,0.926610383119136,0.899840744776907,0.708830290725585,1.17762404582422,0.699635402956004
0.714853890074252,0.825300055016808,0.783427418525703,0.864327121090638,0.835528068474204,0.650479151238664,0.777448061814214,0.716957674751346
0.879398867370465,0.783427418525703,0.815549391806345,0.819864157705327,0.869464182452597,0.682255016388659,0.779607518995814,0.710589492603225
0.926610383119136,0.864327121090638,0.819864157705327,0.730317847284654,0.962496687185353,0.90269765838419,1.06464904024918,1.19071738865754
0.899840744776907,0.835528068474204,0.869464182452597,0.962496687185353,0.859980404062864,0.784532048643147,0.949149491577088,1.02160318750198
0.708830290725585,0.650479151238664,0.682255016388659,0.90269765838419,0.784532048643147,0.782950224566396,0.835553442834056,0.793298899408419
1.17762404582422,0.777448061814214,0.779607518995814,1.06464904024918,0.949149491577087,0.835553442834056,1.00670836611622,0.998158363762483
0.699635402956004,0.716957674751346,0.710589492603225,1.19071738865754,1.02160318750198,0.793298899408419,0.998158363762483,1
