"[0,1)","[1,5)","[5,15)","[15,25)","[25,45)","[45,65)","[65,75)","[75,+)"
0.402307069621071,0.712756500486865,0.806809128673505,0.826715426152433,0.756825510081493,0.680335308899775,0.658451276444418,0.645387612180524
0.712756500486865,0.481115373743584,0.770373710665435,0.722361850119428,0.742484734132436,0.699018585853873,0.636352157270305,0.646035821898641
0.806809128673505,0.770373710665435,0.452043359803326,0.650181589380324,0.789738557873413,0.68022844496807,0.717284743542578,0.646221558995637
0.826715426152433,0.722361850119428,0.650181589380324,0.448263681875728,0.734930248109908,0.755359550164028,0.714480981083958,0.644084885899642
0.756825510081493,0.742484734132436,0.789738557873412,0.734930248109908,0.720928481179706,0.688331047655173,0.674574191167517,0.648047780721121
0.680335308899775,0.699018585853873,0.68022844496807,0.755359550164028,0.688331047655173,0.769022851985852,0.69903554751756,0.65244222812002
0.658451276444418,0.636352157270305,0.717284743542578,0.714480981083958,0.674574191167517,0.69903554751756,0.740564738570142,0.715970727749844
0.645387612180524,0.646035821898641,0.646221558995637,0.644084885899642,0.648047780721121,0.65244222812002,0.715970727749844,1
