"[0,1)","[1,5)","[5,15)","[15,25)","[25,45)","[45,65)","[65,75)","[75,+)"
0.222195157548509,0.629122808493316,0.803043249574527,0.764534913934709,0.677401942809029,0.586444443211024,0.634154603164118,0.545513628302909
0.629122808493316,0.305891204880244,0.671813242568154,0.614582579412603,0.63967635451077,0.57237234903582,0.553667938025277,0.548679554748024
0.803043249574526,0.671813242568154,0.279659069746285,0.513013897812539,0.635025137372978,0.507212983645354,0.562151253457361,0.544797140388263
0.764534913934709,0.614582579412603,0.513013897812539,0.321509332695107,0.560032032138165,0.589446830817107,0.529121128662259,0.452445572660312
0.677401942809029,0.63967635451077,0.635025137372978,0.560032032138165,0.545590521884975,0.531812175592203,0.547637694783965,0.561443260303881
0.586444443211024,0.57237234903582,0.507212983645354,0.589446830817107,0.531812175592203,0.550384147924337,0.504515506092481,0.454978959175237
0.634154603164118,0.553667938025277,0.562151253457361,0.529121128662259,0.547637694783965,0.504515506092481,0.570338631768359,0.594644983616597
0.545513628302909,0.548679554748024,0.544797140388263,0.452445572660312,0.561443260303881,0.454978959175237,0.594644983616597,0.798666689705338
