"[0,1)","[1,5)","[5,15)","[15,25)","[25,45)","[45,65)","[65,75)","[75,+)"
0.970300942959908,0.754720943758213,0.826185343662506,0.794823953000059,0.841681120259529,0.686747551623373,0.695864232466068,0.65568519512532
0.754720943758213,0.867677154327136,0.803764273817541,0.751673473819755,0.786148738527785,0.705629643898121,0.676921623959803,0.657120241130348
0.826185343662506,0.803764273817541,0.871644042159561,0.780032807579271,0.805982967860868,0.755130555458701,0.707900778546863,0.652512441239391
0.794823953000059,0.751673473819755,0.780032807579271,0.753875768688771,0.694050698221351,0.741916803852801,0.677078191398386,0.671359186234446
0.841681120259528,0.786148738527785,0.805982967860868,0.694050698221351,0.652116003945565,0.682413117582615,0.692416568249498,0.672737105148815
0.686747551623373,0.705629643898121,0.755130555458701,0.741916803852801,0.682413117582615,0.727619294365521,0.671672130173986,0.640725357910536
0.695864232466068,0.676921623959804,0.707900778546863,0.677078191398385,0.692416568249498,0.671672130173986,0.721998608950282,0.716557457925395
0.65568519512532,0.657120241130348,0.652512441239391,0.671359186234446,0.672737105148815,0.640725357910536,0.716557457925395,0.887354240797141
