"[0,1)","[1,5)","[5,15)","[15,25)","[25,45)","[45,65)","[65,75)","[75,+)"
0.298956805740594,0.464337417901216,0.676479670276619,0.661158089006388,0.589981771411597,0.338824498438441,0.387276343933305,0.252256359339111
0.464337417901216,0.343492664663648,0.561957224159387,0.556024863716196,0.543517783198001,0.388742222871644,0.296152917059033,0.255984146763194
0.676479670276619,0.561957224159387,0.29795700463335,0.512940216376848,0.559089804179248,0.397420457286277,0.353621454890153,0.257321925380496
0.661158089006388,0.556024863716196,0.512940216376848,0.490038609961666,0.496613488411027,0.517753678598595,0.421217533864304,0.37273415484424
0.589981771411597,0.543517783198001,0.559089804179248,0.496613488411027,0.42909992649956,0.384525642919899,0.349034864384869,0.291127283088992
0.338824498438441,0.388742222871644,0.397420457286277,0.517753678598595,0.384525642919899,0.408000763925911,0.312610126331304,0.253546594009475
0.387276343933305,0.296152917059033,0.353621454890154,0.421217533864304,0.349034864384869,0.312610126331304,0.405532727451599,0.406534528551109
0.252256359339111,0.255984146763194,0.257321925380496,0.37273415484424,0.291127283088991,0.253546594009476,0.406534528551109,0.738524329697437
