"[0,1)","[1,5)","[5,15)","[15,25)","[25,45)","[45,65)","[65,75)","[75,+)"
0.884855585730043,0.809314168049643,0.87414034563591,0.875824261109873,0.905743118504948,0.799395221795451,0.914269617053596,0.800294568485401
0.809314168049643,0.884462536764,0.868033010083323,0.825905515481067,0.877287686683128,0.809493074620116,0.850225750685447,0.807161727263801
0.87414034563591,0.868033010083323,0.907545453877392,0.788711296455725,0.882354179909921,0.834447158972631,0.86467326350588,0.813397328089179
0.875824261109873,0.825905515481067,0.788711296455725,0.604093997741469,0.817999106548326,0.844968817430652,0.901834160305917,0.909022338357406
0.905743118504948,0.877287686683129,0.882354179909921,0.817999106548326,0.783585745737053,0.821292111070937,0.967414898492729,0.979714295584932
0.799395221795451,0.809493074620115,0.834447158972631,0.844968817430652,0.821292111070937,0.855168496614977,0.907042827254527,0.889259216359613
0.914269617053596,0.850225750685447,0.864673263505881,0.901834160305917,0.967414898492729,0.907042827254527,0.93417225055738,0.951832616826611
0.800294568485401,0.807161727263801,0.813397328089179,0.909022338357406,0.979714295584932,0.889259216359613,0.951832616826611,0.966382969259105
