"[0,1)","[1,5)","[5,15)","[15,25)","[25,45)","[45,65)","[65,75)","[75,+)"
0.056943016782218,0.752375310826588,0.974009739735608,0.951965953945939,0.833772199697514,0.767797518618652,1.33118775694634,0.637495708942434
0.752375310826588,0.369856460917248,0.725842936972208,0.805234400421856,0.739069160473942,0.663854934970872,0.739493920411078,0.664781494696599
0.974009739735608,0.725842936972208,0.389476801980331,0.722298973418442,0.804169197918907,0.631219581439488,0.737783060842946,0.651665624487251
0.951965953945939,0.805234400421856,0.722298973418442,0.615730468255287,0.867673517119264,0.854029427089228,0.997825039747548,1.10688200645587
0.833772199697514,0.739069160473942,0.804169197918907,0.867673517119264,0.745561784081871,0.67504375232341,0.80442805174325,0.870541274919885
0.767797518618652,0.663854934970872,0.631219581439488,0.854029427089228,0.67504375232341,0.735194281381822,0.754342473237652,0.716270711242718
1.33118775694634,0.739493920411079,0.737783060842946,0.997825039747547,0.80442805174325,0.754342473237653,0.922220263341805,0.920729306446199
0.637495708942434,0.664781494696599,0.651665624487251,1.10688200645587,0.870541274919885,0.716270711242719,0.920729306446199,1
