"[0,1)","[1,5)","[5,15)","[15,25)","[25,45)","[45,65)","[65,75)","[75,+)"
0.0979079139427318,0.484370667259313,0.693587826637913,0.67687470367438,0.596715514660988,0.415379822171798,0.33662373408076,0.39908501772516
0.484370667259313,0.308740520282666,0.58971419345764,0.581136935175192,0.573150715086186,0.471667268133173,0.385338297807534,0.397360514583188
0.693587826637913,0.58971419345764,0.274877035634701,0.553897490334522,0.587388668409972,0.456090909357514,0.433129617109788,0.388804480375548
0.67687470367438,0.581136935175192,0.553897490334522,0.601827766414434,0.541016919899039,0.558709996254079,0.460298536184723,0.396170641911339
0.596715514660988,0.573150715086185,0.587388668409972,0.541016919899039,0.496140293167669,0.451339364889499,0.414978901218476,0.351918852591553
0.415379822171798,0.471667268133173,0.456090909357514,0.558709996254079,0.451339364889499,0.471911509614192,0.38551935795597,0.345288234229094
0.33662373408076,0.385338297807534,0.433129617109788,0.460298536184723,0.414978901218476,0.38551935795597,0.472335164988178,0.466663138618121
0.39908501772516,0.397360514583188,0.388804480375548,0.396170641911339,0.351918852591553,0.345288234229094,0.466663138618121,0.779258412239886
