"[0,1)","[1,5)","[5,15)","[15,25)","[25,45)","[45,65)","[65,75)","[75,+)"
0.839350248460182,0.854088928635813,0.875058773195908,0.878696170648131,0.878745342068839,0.769980847542829,0.782954354098859,0.729056952896409
0.854088928635813,0.920602426758269,0.878909701638654,0.825221471426626,0.84046260029884,0.779283866476639,0.74288637295225,0.731041463397745
0.875058773195908,0.878909701638654,0.920954324624651,0.827698861757446,0.872331860420673,0.784797040319066,0.766988480547297,0.721793635162874
0.878696170648131,0.825221471426626,0.827698861757446,0.743685800670092,0.753335195951286,0.761268638845002,0.73766923276183,0.672314896695887
0.878745342068839,0.84046260029884,0.872331860420673,0.753335195951286,0.720908039437628,0.675047922715305,0.681041658567009,0.670175861483186
0.769980847542829,0.779283866476639,0.784797040319066,0.761268638845002,0.675047922715305,0.740925512315745,0.650091279762339,0.652162083604696
0.782954354098859,0.74288637295225,0.766988480547298,0.73766923276183,0.681041658567009,0.650091279762339,0.686185919759358,0.647357069531961
0.729056952896409,0.731041463397745,0.721793635162874,0.672314896695887,0.670175861483187,0.652162083604696,0.647357069531961,1
