"[0,1)","[1,5)","[5,15)","[15,25)","[25,45)","[45,65)","[65,75)","[75,+)"
0.338441210839404,0.479444563849334,0.686542472319337,0.673918461658905,0.600175343303217,0.357660061357413,0.41467093448708,0.27068570989894
0.479444563849334,0.339856774082992,0.568534972173164,0.570435856316388,0.554737493915737,0.401956927506892,0.31673233145685,0.275638592789494
0.686542472319337,0.568534972173164,0.297238858179375,0.524587094167265,0.569744310608542,0.409293660369448,0.366725957026212,0.276141334139994
0.673918461658905,0.570435856316388,0.524587094167265,0.504809356679955,0.520193678360839,0.537745152206207,0.44317183836063,0.399817973129003
0.600175343303217,0.554737493915737,0.569744310608542,0.520193678360839,0.456096180230166,0.412130570525424,0.371738897876451,0.313542675521179
0.357660061357413,0.401956927506892,0.409293660369448,0.537745152206207,0.412130570525424,0.428400632450317,0.330844397730729,0.273938632449804
0.41467093448708,0.31673233145685,0.366725957026212,0.44317183836063,0.371738897876451,0.330844397730728,0.416381329603692,0.416752375513926
0.27068570989894,0.275638592789495,0.276141334139994,0.399817973129003,0.313542675521179,0.273938632449804,0.416752375513926,0.742865391764955
