"[0,1)","[1,5)","[5,15)","[15,25)","[25,45)","[45,65)","[65,75)","[75,+)"
0.682646826965745,0.618911661396805,0.720426053131852,0.701056960917196,0.706780521614083,0.499341553361134,0.407370748316953,0.496526390406237
0.618911661396805,0.770311425250265,0.726933964703043,0.662511220008777,0.682337354261264,0.570543769889093,0.485979042589954,0.492096834483826
0.720426053131852,0.726933964703043,0.72909611822384,0.682711776375245,0.709769616095445,0.613192292206385,0.545013240286515,0.483528243674319
0.701056960917196,0.662511220008777,0.682711776375245,0.669904465801923,0.605868940516919,0.619528953003483,0.517370535718932,0.488676470764429
0.706780521614083,0.682337354261264,0.709769616095445,0.605868940516919,0.576605399719775,0.536802097055768,0.493542112831159,0.432547822242762
0.499341553361134,0.570543769889093,0.613192292206385,0.619528953003483,0.536802097055768,0.55415325895976,0.464615319054985,0.429149083884416
0.407370748316953,0.485979042589954,0.545013240286515,0.517370535718932,0.493542112831159,0.464615319054985,0.516656918775184,0.504183092224673
0.496526390406237,0.492096834483826,0.483528243674319,0.488676470764429,0.432547822242762,0.429149083884416,0.504183092224673,0.799895289701665
