"[0,1)","[1,5)","[5,15)","[15,25)","[25,45)","[45,65)","[65,75)","[75,+)"
0.778548280816967,0.823517962294459,0.871518508376059,0.883265278112295,0.874835504475784,0.785051747556382,0.7783798628204,0.762712027385941
0.823517962294459,0.842508717755031,0.884061913261303,0.851809503933371,0.865398654223989,0.810143171874539,0.768296537858786,0.763507863403527
0.871518508376059,0.884061913261303,0.847985969551689,0.855953343494008,0.887836625646194,0.822438047390495,0.807724840019168,0.763052107571281
0.883265278112295,0.851809503933371,0.855953343494008,0.839525785768447,0.826319668685712,0.831635659044649,0.794806429351019,0.755526727370145
0.874835504475784,0.865398654223989,0.887836625646194,0.826319668685712,0.803101517326167,0.777399820097415,0.779446629658564,0.764634717812045
0.785051747556382,0.810143171874539,0.822438047390495,0.831635659044649,0.777399820097415,0.824568462328511,0.76237208154768,0.760235805799511
0.7783798628204,0.768296537858785,0.807724840019168,0.794806429351019,0.779446629658564,0.76237208154768,0.787135024446523,0.76073114233531
0.762712027385941,0.763507863403527,0.763052107571281,0.755526727370144,0.764634717812045,0.760235805799511,0.76073114233531,1
