"[0,1)","[1,5)","[5,15)","[15,25)","[25,45)","[45,65)","[65,75)","[75,+)"
0.145061280670281,0.622439890894678,0.729885343042234,0.753815723679398,0.695040910176452,0.55213768717092,0.452586619590385,0.5563688657165
0.622439890894678,0.463805386836306,0.722695594157087,0.688213508370626,0.703726332415959,0.612138347655858,0.530270852420738,0.551097323913638
0.729885343042234,0.722695594157087,0.476408598810273,0.669615158736227,0.754896918714712,0.621575635348793,0.624365548507235,0.545464697838072
0.753815723679398,0.688213508370626,0.669615158736227,0.666557020774788,0.674765881674443,0.681503111879387,0.600429712120908,0.544097757876285
0.695040910176452,0.703726332415959,0.754896918714712,0.674765881674443,0.631518854919737,0.584739715177694,0.58021217377715,0.543702117808152
0.55213768717092,0.612138347655858,0.621575635348793,0.681503111879387,0.584739715177694,0.674970122871468,0.550624114775189,0.54344847867404
0.452586619590385,0.530270852420738,0.624365548507235,0.600429712120908,0.58021217377715,0.550624114775189,0.602882347433553,0.543852586932716
0.5563688657165,0.551097323913638,0.545464697838072,0.544097757876285,0.543702117808152,0.54344847867404,0.543852586932716,1
