"[0,1)","[1,5)","[5,15)","[15,25)","[25,45)","[45,65)","[65,75)","[75,+)"
0.214309387025842,0.589754232740022,0.75797766338166,0.733863798067538,0.65097917279472,0.565678123942104,0.544681896768426,0.523110904392341
0.589754232740022,0.372408673428381,0.665528215016328,0.616887438637428,0.635718992687165,0.581959646388727,0.521321389165441,0.524111721979644
0.75797766338166,0.665528215016328,0.334596887440839,0.529191556162684,0.637729341388417,0.530079035462496,0.540228248119439,0.521605717642132
0.733863798067538,0.616887438637428,0.529191556162684,0.354967985090638,0.571980485262783,0.608216972606644,0.541585727403707,0.518779025852867
0.65097917279472,0.635718992687165,0.637729341388417,0.571980485262783,0.566010352238735,0.550753952902727,0.538534448212698,0.516222574192704
0.565678123942104,0.581959646388727,0.530079035462496,0.608216972606644,0.550753952902727,0.578183983943831,0.524506762929835,0.493558565585448
0.544681896768426,0.521321389165441,0.540228248119439,0.541585727403708,0.538534448212698,0.524506762929835,0.574277603057204,0.57935112585965
0.523110904392341,0.524111721979644,0.521605717642132,0.518779025852867,0.516222574192704,0.493558565585448,0.579351125859649,0.80959160700977
