"[0,1)","[1,5)","[5,15)","[15,25)","[25,45)","[45,65)","[65,75)","[75,+)"
0.177997913724306,0.898603924290408,1.00433750009674,0.988810173829032,0.860322396683562,1.00178927416553,1.00076043401028,0.996779999638211
0.898603924290408,0.477535510238277,0.886296659252265,0.882022115141521,0.8739341259656,0.947819147789255,0.966717175236913,0.996977761173358
1.00433750009674,0.886296659252265,0.467016584644048,0.766642984470829,0.84655523465261,0.815771388545623,0.924500953884921,0.990140026561831
0.988810173829032,0.882022115141521,0.766642984470829,0.600990653894736,0.846529642342116,0.885371176874867,0.942376689357055,0.989530529557237
0.860322396683562,0.8739341259656,0.84655523465261,0.846529642342116,0.839117824305654,0.864313615335699,0.929684188671683,0.985858227082121
1.00178927416553,0.947819147789255,0.815771388545623,0.885371176874866,0.864313615335699,0.904319324654709,0.956772356606569,0.983532090333876
1.00076043401028,0.966717175236913,0.924500953884921,0.942376689357055,0.929684188671683,0.956772356606569,0.998661727217587,0.999309114082668
0.996779999638211,0.996977761173358,0.990140026561832,0.989530529557237,0.985858227082121,0.983532090333876,0.999309114082668,1.00287066247518
