"[0,1)","[1,5)","[5,15)","[15,25)","[25,45)","[45,65)","[65,75)","[75,+)"
0.0507370710959364,0.386987805109729,0.641793082981476,0.64194151712863,0.56410643143246,0.321558505231931,0.377342096186365,0.225675747148003
0.386987805109729,0.18843775232211,0.528894540727603,0.485435296090576,0.504529111408206,0.355783821565008,0.275942978757734,0.234813860386563
0.641793082981476,0.528894540727603,0.166347688032914,0.393723841636625,0.522973972188845,0.328141875138102,0.339924861617704,0.253014968237885
0.64194151712863,0.485435296090576,0.393723841636625,0.240502629309204,0.406452632111338,0.448370129119158,0.379077852938733,0.258170407969976
0.56410643143246,0.504529111408206,0.522973972188845,0.406452632111337,0.341133312209431,0.321253882627524,0.355468557871967,0.359706262252364
0.321558505231932,0.355783821565008,0.328141875138102,0.448370129119158,0.321253882627524,0.371706897141085,0.329672094587943,0.275656159350121
0.377342096186365,0.275942978757734,0.339924861617704,0.379077852938733,0.355468557871967,0.329672094587943,0.429918382302471,0.444316045547577
0.225675747148003,0.234813860386563,0.253014968237885,0.258170407969976,0.359706262252364,0.275656159350121,0.444316045547577,0.737338137506523
