"[0,1)","[1,5)","[5,15)","[15,25)","[25,45)","[45,65)","[65,75)","[75,+)"
1.12203817762342,0.644244391310856,0.700493874730269,0.757314881423584,0.789640558548723,0.518930928755317,0.505609380719837,0.525484039212024
0.644244391310856,0.922251217202408,0.788977555754891,0.767263196542583,0.776187497437812,0.609323904092242,0.548668482032253,0.524734683826983
0.700493874730269,0.788977555754891,0.910263884103717,0.800303927949981,0.809662678500292,0.662300655808329,0.617876856657364,0.525954924265466
0.757314881423584,0.767263196542583,0.800303927949981,0.884607123864648,0.737582296515498,0.713886357386124,0.660212166010314,0.593384185201804
0.789640558548723,0.776187497437812,0.809662678500292,0.737582296515498,0.653757388043317,0.600234060836008,0.707266212589415,0.622486271441611
0.518930928755317,0.609323904092242,0.662300655808329,0.713886357386124,0.600234060836008,0.672631999412761,0.598613076243261,0.601371058973941
0.505609380719837,0.548668482032253,0.617876856657363,0.660212166010314,0.707266212589415,0.598613076243261,0.62081742843961,0.586814191728865
0.525484039212024,0.524734683826983,0.525954924265466,0.593384185201804,0.622486271441611,0.601371058973941,0.586814191728865,1
