"[0,1)","[1,5)","[5,15)","[15,25)","[25,45)","[45,65)","[65,75)","[75,+)"
1.01040034766999,0.75897097091429,0.865732955910641,0.887858375489948,0.903805138397861,0.679480565423188,1.09200465278087,0.560616135607312
0.75897097091429,0.867284151163258,0.775468508012704,0.831610951073142,0.846059925877497,0.646876593546302,0.711654854626578,0.579595360077535
0.865732955910641,0.775468508012704,0.866728130901828,0.814420450188351,0.853157142380302,0.713411890583116,0.704763838493274,0.59028666386225
0.887858375489948,0.831610951073142,0.814420450188351,0.773492766982595,0.870795043509481,0.851524206772181,0.880749391061054,0.957064395800022
0.903805138397861,0.846059925877497,0.853157142380302,0.870795043509481,0.785703394632292,0.781729975716787,0.867266846680112,0.87977521661937
0.679480565423188,0.646876593546302,0.713411890583116,0.851524206772181,0.781729975716787,0.763188969186102,0.757995509801633,0.720285612175601
1.09200465278087,0.711654854626578,0.704763838493274,0.880749391061053,0.867266846680112,0.757995509801633,0.838660497175408,0.854202274304564
0.560616135607312,0.579595360077535,0.59028666386225,0.957064395800022,0.879775216619371,0.720285612175601,0.854202274304564,0.926529253239379
