"[0,1)","[1,5)","[5,15)","[15,25)","[25,45)","[45,65)","[65,75)","[75,+)"
0.845170920849228,0.657586563343952,0.701836890043789,0.740509757135478,0.756667472732139,0.489119471731289,0.549392975528131,0.641257378791542
0.657586563343952,0.876813273677958,0.777656692704077,0.742139023201272,0.760222509358576,0.580100842959448,0.63567791684657,0.637928219855679
0.70183689004379,0.777656692704077,0.825819980966987,0.762518739992006,0.796108777085358,0.618471915503273,0.684848636230575,0.626012061989165
0.740509757135478,0.742139023201272,0.762518739992006,0.82419975715248,0.711611411923187,0.662421088839241,0.672274409398527,0.632168739483768
0.756667472732139,0.760222509358576,0.796108777085358,0.711611411923187,0.639773831728648,0.553434275516625,0.69230762737795,0.671121290616718
0.489119471731289,0.580100842959448,0.618471915503273,0.662421088839241,0.553434275516625,0.615910573886418,0.57406147805292,0.568247876475625
0.549392975528131,0.63567791684657,0.684848636230575,0.672274409398527,0.69230762737795,0.57406147805292,0.690182850051652,0.665154276301718
0.641257378791542,0.637928219855679,0.626012061989165,0.632168739483768,0.671121290616718,0.568247876475625,0.665154276301718,1
