"[0,1)","[1,5)","[5,15)","[15,25)","[25,45)","[45,65)","[65,75)","[75,+)"
0.855849667318499,0.572732429496246,0.732433425489617,0.744781643655494,0.793921400097281,0.518206991198601,0.635663075495407,0.424334988215913
0.572732429496246,0.821073079172316,0.7294028952044,0.704581379731974,0.753105136088675,0.554920393114649,0.467271281019941,0.430418835717371
0.732433425489617,0.7294028952044,0.801438629774895,0.728145670922956,0.790576936574412,0.61128878341518,0.556008236367946,0.432253412755237
0.744781643655494,0.704581379731974,0.728145670922956,0.755284909282349,0.706937532025644,0.682254300015426,0.608953531542632,0.551768534274612
0.793921400097281,0.753105136088675,0.790576936574412,0.706937532025644,0.668221568720355,0.618427071104999,0.655432857903879,0.638033820267632
0.518206991198601,0.554920393114649,0.61128878341518,0.682254300015426,0.618427071104999,0.67129192804597,0.551397998501555,0.56394834571508
0.635663075495407,0.467271281019941,0.556008236367946,0.608953531542632,0.655432857903879,0.551397998501555,0.629641995501395,0.561318049669099
0.424334988215913,0.430418835717371,0.432253412755237,0.551768534274612,0.638033820267632,0.56394834571508,0.561318049669098,1
