"[0,1)","[1,5)","[5,15)","[15,25)","[25,45)","[45,65)","[65,75)","[75,+)"
0.0941339760892477,0.492806099771119,0.685932761117865,0.659658619312335,0.588528436575129,0.438673529927275,0.350038219024101,0.424820328117875
0.492806099771119,0.301063868020766,0.595400254015988,0.577414170928674,0.575202262221344,0.48662640584749,0.40064050091304,0.421219503172892
0.685932761117865,0.595400254015988,0.268436219542696,0.549876743418604,0.589422980772325,0.465416236139827,0.441648250502071,0.41021531157732
0.659658619312335,0.577414170928674,0.549876743418604,0.58742346948873,0.54031491531858,0.56146801840099,0.454545472035681,0.419234140159063
0.588528436575129,0.575202262221344,0.589422980772325,0.54031491531858,0.504977643484587,0.471405300302961,0.424714311668445,0.370363219749625
0.438673529927275,0.48662640584749,0.465416236139827,0.56146801840099,0.471405300302961,0.497243781676878,0.404958776419955,0.371384548966704
0.350038219024101,0.40064050091304,0.441648250502071,0.454545472035681,0.424714311668445,0.404958776419955,0.471096047801282,0.455650488644799
0.424820328117875,0.421219503172893,0.41021531157732,0.419234140159063,0.370363219749625,0.371384548966704,0.455650488644799,0.779564521319841
