"[0,1)","[1,5)","[5,15)","[15,25)","[25,45)","[45,65)","[65,75)","[75,+)"
0.767874325848481,0.905385121367919,0.946726158873827,0.936318646793657,0.909809688943528,0.902135453483505,0.895067416684716,0.88928510305903
0.905385121367919,0.873970651364842,0.931038061865057,0.876770632854081,0.907239031186472,0.901458016243901,0.889548813153474,0.889574761866093
0.946726158873827,0.931038061865057,0.884503073657538,0.82519541812267,0.908505058351282,0.881367139350154,0.894285415110534,0.888837573695898
0.936318646793657,0.876770632854081,0.82519541812267,0.624446718196131,0.850343981772639,0.871558355958942,0.880166652633616,0.887559951497315
0.909809688943528,0.907239031186472,0.908505058351282,0.850343981772639,0.859760995809689,0.860322222205689,0.878941082750712,0.89155921226164
0.902135453483505,0.901458016243901,0.881367139350154,0.871558355958942,0.860322222205689,0.881168059855387,0.888058674964689,0.890629751297114
0.895067416684716,0.889548813153474,0.894285415110534,0.880166652633616,0.878941082750712,0.888058674964689,0.914401768079796,0.911481732699273
0.88928510305903,0.889574761866093,0.888837573695898,0.887559951497315,0.89155921226164,0.890629751297114,0.911481732699273,0.964720999104632
