"[0,1)","[1,5)","[5,15)","[15,25)","[25,45)","[45,65)","[65,75)","[75,+)"
0.771167873503038,0.912729675336337,0.942161269330666,0.941419700907692,0.921263314708758,0.90376777797123,0.898450658261205,0.891156973646224
0.912729675336337,0.877457485848822,0.937237245331674,0.883394914583564,0.913267147801956,0.905447247375463,0.889573951777738,0.891496325201667
0.942161269330666,0.937237245331674,0.890987664056635,0.848066705339313,0.932623490593657,0.903523624415471,0.90998288470327,0.88853802260511
0.941419700907692,0.883394914583564,0.848066705339313,0.636441680129324,0.893251399234468,0.907924037057476,0.909680490255043,0.889303034342494
0.921263314708758,0.913267147801956,0.932623490593657,0.893251399234468,0.895564900158289,0.87858078150585,0.882982234116732,0.884188984032956
0.90376777797123,0.905447247375463,0.903523624415471,0.907924037057476,0.87858078150585,0.917774515267869,0.898367097422499,0.879058828351001
0.898450658261205,0.889573951777739,0.909982884703271,0.909680490255043,0.882982234116732,0.898367097422498,0.920134344906169,0.920422224384208
0.891156973646224,0.891496325201667,0.88853802260511,0.889303034342494,0.884188984032956,0.879058828351002,0.920422224384208,1
