"[0,1)","[1,5)","[5,15)","[15,25)","[25,45)","[45,65)","[65,75)","[75,+)"
0.0640953952832557,0.441093811414756,0.657863716407217,0.633422900100346,0.548422588041061,0.387453857537178,0.349736338233628,0.325321475942398
0.441093811414756,0.213826984657659,0.554371006627631,0.498832764439627,0.522232299755569,0.425615824110503,0.332905971656841,0.32647123944305
0.657863716407217,0.554371006627631,0.193640677397476,0.414253157851922,0.535202664538777,0.390565910482576,0.380081765993941,0.326986676586621
0.633422900100346,0.498832764439626,0.414253157851922,0.258357633775523,0.442891400565023,0.482559756589226,0.386874837770836,0.325609710097543
0.548422588041061,0.522232299755569,0.535202664538777,0.442891400565023,0.42332296512103,0.395296322712839,0.368437261284757,0.335355269851706
0.387453857537178,0.425615824110503,0.390565910482576,0.482559756589226,0.395296322712839,0.437236879419956,0.364466989306105,0.324296269180416
0.349736338233628,0.332905971656841,0.380081765993941,0.386874837770836,0.368437261284757,0.364466989306105,0.442987587290081,0.435947424361324
0.325321475942398,0.32647123944305,0.326986676586621,0.325609710097543,0.335355269851706,0.324296269180416,0.435947424361324,0.755015396993413
