"[0,1)","[1,5)","[5,15)","[15,25)","[25,45)","[45,65)","[65,75)","[75,+)"
0.821525381310115,0.964295364636663,0.990386894328397,0.981455185389514,0.952975477201903,0.978034220279406,0.976243449870147,0.970822092341531
0.964295364636663,0.897717621518258,0.972682478102525,0.922047929084166,0.947291829975726,0.964900171569558,0.967432096941782,0.971077399086088
0.990386894328397,0.972682478102525,0.919310404375394,0.868217089201511,0.944472134681597,0.930681014975963,0.962221083512233,0.970164664921866
0.981455185389514,0.922047929084166,0.868217089201511,0.66337746919981,0.887256178145361,0.912483355997266,0.944171673121669,0.967033215973483
0.952975477201903,0.947291829975726,0.944472134681597,0.887256178145361,0.8920180476961,0.899739005038662,0.941201829239437,0.96989271046448
0.978034220279407,0.964900171569558,0.930681014975963,0.912483355997266,0.899739005038662,0.924889378860794,0.954566244316223,0.966565339795637
0.976243449870147,0.967432096941782,0.962221083512233,0.944171673121669,0.941201829239437,0.954566244316223,0.980379782098616,0.979819357057218
0.970822092341531,0.971077399086088,0.970164664921866,0.967033215973483,0.96989271046448,0.966565339795637,0.979819357057218,0.993502681826813
