"[0,1)","[1,5)","[5,15)","[15,25)","[25,45)","[45,65)","[65,75)","[75,+)"
0.0560549089802149,0.364088166803772,0.601015947267849,0.57671844242424,0.505865518467961,0.29113040257008,0.238753167430792,0.21547251094117
0.364088166803772,0.17382870927502,0.50073334554747,0.425857519882474,0.456730688447976,0.332804493864841,0.232070634806153,0.217346945864153
0.601015947267849,0.50073334554747,0.154270114643878,0.350614856800172,0.484089378427435,0.304231450241119,0.288626600471319,0.216895018018959
0.57671844242424,0.425857519882474,0.350614856800172,0.195258233669521,0.342083598053577,0.388378129918091,0.293960183158957,0.21519899661359
0.505865518467961,0.456730688447976,0.484089378427435,0.342083598053577,0.304859286171726,0.271051325751074,0.250826417054568,0.230943934668777
0.29113040257008,0.33280449386484,0.304231450241119,0.388378129918091,0.271051325751074,0.330127226560587,0.262489150789168,0.224689638497472
0.238753167430792,0.232070634806153,0.288626600471319,0.293960183158957,0.250826417054568,0.262489150789168,0.364669595110717,0.35057035829779
0.21547251094117,0.217346945864153,0.216895018018959,0.21519899661359,0.230943934668777,0.224689638497472,0.35057035829779,0.724434033236115
