"[0,1)","[1,5)","[5,15)","[15,25)","[25,45)","[45,65)","[65,75)","[75,+)"
0.970562574708391,0.875927951332491,0.891170283307278,0.911598726870367,0.914810895061064,0.87474570668744,0.999171143975169,0.897622000663963
0.875927951332491,1.01321034549778,0.94434298298219,0.909922076770973,0.922721542179495,0.899780618347249,0.946473908656372,0.901365952280419
0.891170283307278,0.94434298298219,1.03679520453085,0.873202636498068,0.927341443482893,0.91927806816359,0.97436934057675,0.909887000867437
0.911598726870367,0.909922076770973,0.873202636498069,0.692278214808918,0.891527685428505,0.926264087746363,1.03104263285943,1.02282334856234
0.914810895061064,0.922721542179495,0.927341443482893,0.891527685428505,0.831753083100588,0.879984643652611,1.08531913054336,1.07776435180068
0.87474570668744,0.89978061834725,0.91927806816359,0.926264087746363,0.879984643652611,0.929224941443007,1.06027609403813,1.02948757037059
0.999171143975169,0.946473908656372,0.97436934057675,1.03104263285943,1.08531913054336,1.06027609403813,1.02841719506068,1.08188137795425
0.897622000663963,0.901365952280419,0.909887000867437,1.02282334856234,1.07776435180068,1.02948757037059,1.08188137795425,0.984939669675613
