"[0,1)","[1,5)","[5,15)","[15,25)","[25,45)","[45,65)","[65,75)","[75,+)"
0.127984266745536,0.538028587670032,0.672175632730515,0.711951035603249,0.643226909541735,0.463643525930413,0.364412918751766,0.442843254677378
0.538028587670032,0.343881987809094,0.657586410790428,0.618118237122468,0.630747174640068,0.518426997266266,0.414370339619959,0.435931439193386
0.672175632730515,0.657586410790428,0.331850071240237,0.588803249414156,0.696967804775707,0.528953197886827,0.524054977101405,0.427765901616327
0.711951035603249,0.618118237122468,0.588803249414156,0.590585323476496,0.595811425643408,0.610340324738562,0.507600509463535,0.430532334538726
0.643226909541735,0.630747174640068,0.696967804775707,0.595811425643408,0.548831174131528,0.486408510863613,0.461658580770774,0.426858662508629
0.463643525930413,0.518426997266266,0.528953197886827,0.610340324738562,0.486408510863613,0.607671497091533,0.472044681837064,0.432209869187311
0.364412918751766,0.414370339619959,0.524054977101405,0.507600509463535,0.461658580770774,0.472044681837064,0.537043286714397,0.481652097153573
0.442843254677378,0.435931439193386,0.427765901616327,0.430532334538726,0.426858662508629,0.432209869187311,0.481652097153573,1
