"[0,1)","[1,5)","[5,15)","[15,25)","[25,45)","[45,65)","[65,75)","[75,+)"
0.791783680879055,0.772141190591643,0.843486538244198,0.833259381780137,0.835660060414,0.719767806053655,0.696773045047888,0.687421730185756
0.772141190591643,0.804272295076532,0.833258920511976,0.795463425854095,0.805604465617784,0.746412624816552,0.707368236962787,0.688174648436202
0.843486538244198,0.833258920511976,0.799337866208462,0.806851139072061,0.821389525986982,0.760543477692851,0.73398823283269,0.688969523082951
0.833259381780137,0.795463425854095,0.806851139072061,0.809373000228665,0.741001563852089,0.760391743176453,0.728407964894833,0.6867967181426
0.835660060414,0.805604465617784,0.821389525986982,0.741001563852089,0.71155640922032,0.692730803935147,0.696200947874419,0.695728827535141
0.719767806053655,0.746412624816552,0.760543477692851,0.760391743176453,0.692730803935147,0.725374068976746,0.708558859257377,0.695547376293563
0.696773045047888,0.707368236962787,0.73398823283269,0.728407964894833,0.696200947874419,0.708558859257377,0.756171904784769,0.74745459134932
0.687421730185756,0.688174648436202,0.688969523082951,0.6867967181426,0.695728827535141,0.695547376293563,0.74745459134932,0.896821385350071
