"[0,1)","[1,5)","[5,15)","[15,25)","[25,45)","[45,65)","[65,75)","[75,+)"
0.794681468211675,0.919985665043833,0.918731922674529,0.938270509170336,0.918027889367287,0.876181633663579,0.855151045635133,0.755481931269744
0.919985665043833,0.887839723185508,0.915705100534004,0.894140730626619,0.885021695822418,0.881666986255963,0.774880316561083,0.7620686120885
0.918731922674529,0.915705100534004,0.894814588018855,0.891808754228444,0.913311985876971,0.889753788268129,0.804850624114412,0.754082224712879
0.938270509170336,0.894140730626619,0.891808754228444,0.834283637443222,0.860834545449991,0.891793432878904,0.828476710082028,0.771587636824841
0.918027889367287,0.885021695822418,0.913311985876971,0.860834545449991,0.818308034527986,0.810145484664275,0.7000560323257,0.71229333098333
0.876181633663579,0.881666986255963,0.889753788268129,0.891793432878903,0.810145484664275,0.872577141886942,0.787019274823744,0.718013528295788
0.855151045635133,0.774880316561083,0.804850624114412,0.828476710082028,0.7000560323257,0.787019274823744,0.772614733358339,0.795874064525926
0.755481931269744,0.7620686120885,0.754082224712879,0.771587636824841,0.71229333098333,0.718013528295788,0.795874064525926,1
