"[0,1)","[1,5)","[5,15)","[15,25)","[25,45)","[45,65)","[65,75)","[75,+)"
0.74526985608668,0.822678847506529,0.872467133350468,0.885462030223287,0.876484106336751,0.788284705590313,0.77245442392175,0.763986367386914
0.822678847506529,0.855188933396316,0.888189044532513,0.85917599465366,0.876146791846684,0.814956990098377,0.768532448264855,0.764416496004078
0.872467133350468,0.888189044532512,0.860345563665125,0.866825583085379,0.896052423002591,0.836596851034878,0.813209942874067,0.764857975742227
0.885462030223287,0.85917599465366,0.866825583085379,0.864438270090921,0.848593903068742,0.851210397207636,0.814082673121299,0.765663938336668
0.876484106336751,0.876146791846684,0.896052423002591,0.848593903068742,0.835132079648803,0.803456555232423,0.794456859499173,0.767617773711352
0.788284705590313,0.814956990098377,0.836596851034878,0.851210397207636,0.803456555232423,0.854079017483106,0.806836809980854,0.771899791646388
0.77245442392175,0.768532448264855,0.813209942874067,0.814082673121299,0.794456859499173,0.806836809980854,0.833824236395349,0.824360302169185
0.763986367386914,0.764416496004078,0.764857975742227,0.765663938336668,0.767617773711352,0.771899791646388,0.824360302169185,1
