"[0,1)","[1,5)","[5,15)","[15,25)","[25,45)","[45,65)","[65,75)","[75,+)"
0.736433045428936,0.633080942810317,0.707684426516134,0.739872425307366,0.739337679573125,0.519875975052991,0.423922176561828,0.523349786840992
0.633080942810317,0.732741084886336,0.754009182332241,0.695946873645817,0.732490398663913,0.602021279174669,0.509441184990359,0.518492987330314
0.707684426516134,0.754009182332241,0.723685914384218,0.704693922204836,0.772215889632146,0.639544204970556,0.599929264886533,0.51454975698923
0.739872425307366,0.695946873645817,0.704693922204836,0.686433433571898,0.665796203359765,0.666810981572501,0.575942325537335,0.512048944970673
0.739337679573125,0.732490398663913,0.772215889632146,0.665796203359765,0.621207385524205,0.568371920047689,0.563872415885759,0.515825468063288
0.519875975052991,0.602021279174669,0.639544204970556,0.666810981572501,0.568371920047689,0.657369331530496,0.522758855729919,0.517513184193313
0.423922176561828,0.509441184990359,0.599929264886533,0.575942325537335,0.563872415885759,0.522758855729919,0.575856791021614,0.515754120668804
0.523349786840992,0.518492987330314,0.51454975698923,0.512048944970673,0.515825468063288,0.517513184193312,0.515754120668803,1
