"[0,1)","[1,5)","[5,15)","[15,25)","[25,45)","[45,65)","[65,75)","[75,+)"
0.0746289516465969,0.445362624381596,0.664541474542205,0.639982097620037,0.560700192598652,0.397606865936606,0.355006351088562,0.32816649677719
0.445362624381596,0.218934343943395,0.563336167395502,0.502114329813059,0.526823323035281,0.426889503854639,0.338544099176455,0.330327499422087
0.664541474542205,0.563336167395502,0.199279324527519,0.418523209455473,0.545496985862872,0.385312389109524,0.386226429722096,0.332346103999732
0.639982097620036,0.502114329813059,0.418523209455473,0.257842294800756,0.432375341606508,0.472320155495621,0.390396461322789,0.327536735744306
0.560700192598652,0.526823323035281,0.545496985862872,0.432375341606508,0.405601367539467,0.379645722821676,0.359691949369351,0.344332507613232
0.397606865936606,0.426889503854639,0.385312389109524,0.472320155495621,0.379645722821676,0.429055596939479,0.368693711657901,0.336257993825505
0.355006351088562,0.338544099176455,0.386226429722096,0.390396461322789,0.359691949369351,0.368693711657901,0.451165911264337,0.442642861271128
0.32816649677719,0.330327499422087,0.332346103999732,0.327536735744306,0.344332507613232,0.336257993825505,0.442642861271128,0.759586560885095
