"[0,1)","[1,5)","[5,15)","[15,25)","[25,45)","[45,65)","[65,75)","[75,+)"
0.137953814186203,0.466783943131721,0.662252705714482,0.63430211558225,0.56859585375554,0.393630660813604,0.306572801862177,0.372522106021687
0.466783943131721,0.306618385932352,0.578158744129865,0.534152180705066,0.546291180800512,0.448950561228873,0.353927133866168,0.369600830198828
0.662252705714482,0.578158744129865,0.271691948748373,0.490131747408218,0.561404917969157,0.429010536886309,0.402948953886414,0.361264641980221
0.63430211558225,0.534152180705066,0.490131747408218,0.443253665665579,0.483336848780119,0.512141847354705,0.406630804178168,0.368191979480925
0.56859585375554,0.546291180800512,0.561404917969157,0.483336848780119,0.452109323723529,0.41744927646781,0.376173925829351,0.325160703079127
0.393630660813604,0.448950561228873,0.429010536886309,0.512141847354705,0.41744927646781,0.452173662991125,0.36296510690291,0.328262359889232
0.306572801862177,0.353927133866168,0.402948953886414,0.406630804178168,0.376173925829351,0.36296510690291,0.440846205301067,0.425815495621163
0.372522106021687,0.369600830198827,0.361264641980221,0.368191979480925,0.325160703079127,0.328262359889232,0.425815495621163,0.766069638813269
