"[0,1)","[1,5)","[5,15)","[15,25)","[25,45)","[45,65)","[65,75)","[75,+)"
0.18241372041289,0.533423320388896,0.670822067195064,0.71923046194494,0.648209601397529,0.431948994813321,0.346978120159372,0.413356697435016
0.533423320388896,0.351551644176918,0.641866493764851,0.621403245184669,0.627877663637513,0.500222648602868,0.39782418651775,0.410768663469846
0.670822067195064,0.641866493764851,0.32890088932326,0.589197471347819,0.694527888370057,0.508323416025008,0.515269011872813,0.403287696099056
0.71923046194494,0.621403245184669,0.589197471347819,0.60439347859555,0.607978834777296,0.609626681393004,0.52080556559281,0.405586596765578
0.648209601397529,0.627877663637513,0.694527888370058,0.607978834777296,0.549446469121637,0.481870097726992,0.47506155456897,0.415109416169373
0.431948994813321,0.500222648602868,0.508323416025008,0.609626681393004,0.481870097726992,0.590217926392258,0.449661181343554,0.414319243553122
0.346978120159372,0.39782418651775,0.515269011872813,0.52080556559281,0.47506155456897,0.449661181343554,0.527177255505686,0.474545194586635
0.413356697435016,0.410768663469846,0.403287696099056,0.405586596765578,0.415109416169373,0.414319243553122,0.474545194586635,1
