"[0,1)","[1,5)","[5,15)","[15,25)","[25,45)","[45,65)","[65,75)","[75,+)"
0.663216372573588,0.707239163126867,0.837413195972108,0.869583525346506,0.879456551792185,0.648289993409946,0.977515122320766,0.585828735740526
0.707239163126867,0.79541959739162,0.825536152873065,0.781718466204102,0.817886597704689,0.639899594950836,0.655966449206233,0.601100193999641
0.837413195972108,0.825536152873065,0.805010533235534,0.794382266726672,0.85389242626742,0.683394647260789,0.711358851887165,0.61128962535192
0.869583525346506,0.781718466204102,0.794382266726672,0.741304542920081,0.756587119219058,0.727436540914331,0.761253626865333,0.626606028129879
0.879456551792185,0.817886597704689,0.85389242626742,0.756587119219058,0.764412705781172,0.653711145975671,0.707844200286223,0.691961253885761
0.648289993409946,0.639899594950836,0.683394647260789,0.727436540914331,0.653711145975671,0.701488335884381,0.692388106788603,0.585420578326597
0.977515122320766,0.655966449206233,0.711358851887165,0.761253626865333,0.707844200286223,0.692388106788603,0.795866434310859,0.797977750163165
0.585828735740526,0.601100193999641,0.61128962535192,0.626606028129879,0.691961253885761,0.585420578326598,0.797977750163165,1
