"[0,1)","[1,5)","[5,15)","[15,25)","[25,45)","[45,65)","[65,75)","[75,+)"
0.0844691650752372,0.610709124534954,0.741465203438949,0.763291975859751,0.682828675199704,0.574162115196596,0.54458154353811,0.525849001004999
0.610709124534954,0.285561387757064,0.690708991818659,0.630558655350671,0.659477746342609,0.597669435122882,0.516664648745645,0.526832477319535
0.741465203438949,0.690708991818658,0.31217163670219,0.564228867856763,0.726693842710778,0.588146947722637,0.616557901959946,0.522225861316185
0.763291975859751,0.630558655350671,0.564228867856763,0.373657330473931,0.646579468237093,0.67184769086447,0.619796826938837,0.525557560837997
0.682828675199704,0.659477746342609,0.726693842710778,0.646579468237093,0.6232296915472,0.568026710571842,0.554186198462498,0.523495997215878
0.574162115196596,0.597669435122882,0.588146947722637,0.67184769086447,0.568026710571842,0.687149601726159,0.597337440884557,0.525624641148909
0.54458154353811,0.516664648745645,0.616557901959946,0.619796826938837,0.554186198462498,0.597337440884557,0.662393919174501,0.642968817064098
0.525849001004999,0.526832477319536,0.522225861316185,0.525557560837997,0.523495997215878,0.525624641148909,0.642968817064098,1
