"[0,1)","[1,5)","[5,15)","[15,25)","[25,45)","[45,65)","[65,75)","[75,+)"
0.298278780418637,0.584813626371582,0.71418188725388,0.747387242976758,0.680188003694335,0.528768432292943,0.497949081961809,0.475144270668359
0.584813626371582,0.387151942116495,0.691072164036914,0.620633626521313,0.653084983185726,0.562373401110956,0.46827776664026,0.47715398599021
0.71418188725388,0.691072164036914,0.371208753872362,0.553004607455261,0.716966269483853,0.559338037175654,0.56885814415433,0.474425171477149
0.747387242976758,0.620633626521313,0.553004607455261,0.342952444162592,0.612851899067571,0.635968850394299,0.554292647943187,0.466280663393519
0.680188003694335,0.653084983185726,0.716966269483852,0.612851899067571,0.585250512665227,0.53207879172891,0.503553695680782,0.482180008803577
0.528768432292943,0.562373401110955,0.559338037175654,0.635968850394299,0.53207879172891,0.645528264523437,0.530007501306887,0.481636415325603
0.497949081961809,0.46827776664026,0.56885814415433,0.554292647943187,0.503553695680782,0.530007501306887,0.580603655949019,0.536478961725146
0.475144270668359,0.47715398599021,0.474425171477149,0.466280663393519,0.482180008803577,0.481636415325603,0.536478961725146,1
