"[0,1)","[1,5)","[5,15)","[15,25)","[25,45)","[45,65)","[65,75)","[75,+)"
0.503385083534836,0.777878633837748,0.862632185713723,0.849839441374083,0.826725576963775,0.752136491254501,0.734172741458429,0.724404904533114
0.777878633837748,0.815232998614486,0.851497914021818,0.823588580868153,0.834571483670109,0.779257038713182,0.737991640643697,0.724894213860578
0.862632185713723,0.851497914021818,0.820041281624932,0.8343144849625,0.848091673795622,0.795346674451121,0.769145717586352,0.72625982858362
0.849839441374083,0.823588580868153,0.8343144849625,0.839223161536048,0.793258857766101,0.803418725727813,0.767297372695232,0.726077356854725
0.826725576963775,0.834571483670109,0.848091673795622,0.793258857766101,0.772370143399613,0.755699873370606,0.748686902268389,0.737388127552615
0.752136491254501,0.779257038713182,0.795346674451121,0.803418725727813,0.755699873370606,0.776956924455706,0.752431439042712,0.738913470151227
0.734172741458429,0.737991640643697,0.769145717586352,0.767297372695233,0.748686902268389,0.752431439042712,0.786950758384426,0.778324173709665
0.724404904533114,0.724894213860578,0.72625982858362,0.726077356854725,0.737388127552615,0.738913470151227,0.778324173709665,0.909240436865976
