"[0,1)","[1,5)","[5,15)","[15,25)","[25,45)","[45,65)","[65,75)","[75,+)"
0.278781899666262,0.698386485139631,0.800216325987646,0.817167968373273,0.745038041009782,0.66927283645383,0.6481501736061,0.632690135995989
0.698386485139631,0.445167835776036,0.761415227547265,0.713223212825528,0.736582166967568,0.690089156732813,0.624184724973241,0.633445321631941
0.800216325987646,0.761415227547265,0.430848877467253,0.641855650867443,0.785541926983825,0.672005197503185,0.709716265408601,0.635090189389407
0.817167968373273,0.713223212825528,0.641855650867443,0.443315183286871,0.73140695736528,0.75116718797243,0.704400826703667,0.631972847972102
0.745038041009782,0.736582166967568,0.785541926983825,0.73140695736528,0.717621467103715,0.685129985965719,0.668610508368921,0.63801600494178
0.66927283645383,0.690089156732813,0.672005197503185,0.75116718797243,0.685129985965719,0.765078743060132,0.693328178055182,0.644715961126331
0.6481501736061,0.624184724973242,0.709716265408601,0.704400826703668,0.668610508368921,0.693328178055183,0.734168249199057,0.707140922704489
0.632690135995989,0.633445321631941,0.635090189389407,0.631972847972102,0.63801600494178,0.644715961126331,0.707140922704489,1
