"[0,1)","[1,5)","[5,15)","[15,25)","[25,45)","[45,65)","[65,75)","[75,+)"
0.20555139861587,0.513034756449405,0.660911508387797,0.703537737372061,0.632428088262323,0.444178332037408,0.405892100375041,0.381388752302323
0.513034756449405,0.311365945516969,0.641759502766499,0.568855217397579,0.607439422656482,0.489029352096025,0.376274308472075,0.383548154255915
0.660911508387797,0.641759502766499,0.302450305751374,0.500331429397947,0.678618952976068,0.494713971440923,0.494215500820655,0.382468329325243
0.703537737372061,0.568855217397579,0.500331429397947,0.297448611413411,0.564005806641251,0.586047350810533,0.48517551292149,0.376969609392251
0.632428088262323,0.607439422656482,0.678618952976068,0.564005806641251,0.532770466086158,0.470795614162094,0.434138418128553,0.398322715838923
0.444178332037408,0.489029352096025,0.494713971440923,0.586047350810533,0.470795614162095,0.597032702886725,0.465130184427383,0.402582729311412
0.405892100375041,0.376274308472075,0.494215500820655,0.48517551292149,0.434138418128553,0.465130184427383,0.523423787761493,0.476343031441998
0.381388752302323,0.383548154255915,0.382468329325243,0.376969609392251,0.398322715838923,0.402582729311412,0.476343031441998,1
