"[0,1)","[1,5)","[5,15)","[15,25)","[25,45)","[45,65)","[65,75)","[75,+)"
0.75386365149154,0.637421946159056,0.73109458821947,0.711936262541878,0.734250560494653,0.516774518502238,0.42256200624974,0.518190720544388
0.637421946159056,0.773437925036622,0.742219080081448,0.680604288110688,0.706656177051281,0.592260423056096,0.507211137872206,0.513586113051211
0.73109458821947,0.742219080081448,0.777182224857143,0.710631744149044,0.740209951985795,0.65192478003997,0.572839949012391,0.506120332978586
0.711936262541878,0.680604288110688,0.710631744149044,0.70214248303733,0.638981507051368,0.646760494468109,0.540150212365847,0.510578661660156
0.734250560494653,0.706656177051281,0.740209951985795,0.638981507051369,0.614625006159381,0.571134127282194,0.519669305596649,0.45106373713025
0.516774518502238,0.592260423056096,0.65192478003997,0.646760494468109,0.571134127282194,0.582714560582862,0.487558025605475,0.449559246464414
0.42256200624974,0.507211137872206,0.572839949012391,0.540150212365847,0.519669305596649,0.487558025605475,0.53239064619938,0.518586750271384
0.518190720544388,0.513586113051211,0.506120332978586,0.510578661660156,0.45106373713025,0.449559246464414,0.518586750271384,0.806530878389169
