"[0,1)","[1,5)","[5,15)","[15,25)","[25,45)","[45,65)","[65,75)","[75,+)"
0.0695791760333238,0.405969756261928,0.575369438910047,0.622226023884177,0.551866751189085,0.304191627861412,0.25743268358207,0.234193170326641
0.405969756261928,0.209731747990007,0.562809846089392,0.475887609138981,0.529274058263361,0.37455536320138,0.233610635975133,0.235423914729378
0.575369438910047,0.562809846089392,0.209592798955103,0.415180428645224,0.610548871984018,0.392799949070814,0.386122905381117,0.235608493449091
0.622226023884177,0.475887609138981,0.415180428645224,0.221556150650641,0.474663659795751,0.496281757653603,0.382154646018913,0.233390918663201
0.551866751189085,0.529274058263361,0.610548871984018,0.474663659795751,0.431755557582263,0.351640733175099,0.323202952577154,0.248504479174265
0.304191627861412,0.37455536320138,0.392799949070814,0.496281757653603,0.351640733175099,0.507665215551809,0.345951010321846,0.260902244674509
0.25743268358207,0.233610635975133,0.386122905381117,0.382154646018913,0.323202952577154,0.345951010321846,0.428540108257669,0.37633646321155
0.234193170326641,0.235423914729378,0.235608493449091,0.233390918663201,0.248504479174265,0.260902244674509,0.37633646321155,1
