"[0,1)","[1,5)","[5,15)","[15,25)","[25,45)","[45,65)","[65,75)","[75,+)"
0.55014918223461,0.875194346611196,0.955009289178276,1.03904933782244,1.03184990379237,0.945406589043096,1.27266816992913,0.803579303242607
0.875194346611196,0.777968911074613,0.928078018275028,0.945881234387703,0.960063239143661,0.885409887653614,0.881883365073546,0.822030514198395
0.955009289178276,0.928078018275028,0.794436854751446,0.897922682909098,0.983641492388333,0.883397628415738,0.900930385698997,0.841858540509213
1.03904933782244,0.945881234387703,0.897922682909099,0.745693047108979,1.02075971873228,0.984677024202067,1.04029186141426,0.932455004892158
1.03184990379237,0.960063239143661,0.983641492388334,1.02075971873228,1.07596158604883,1.00552401836238,1.0208893037995,1.0317284259131
0.945406589043096,0.885409887653614,0.883397628415738,0.984677024202067,1.00552401836238,0.949037335060774,0.974299560029215,0.884171533002772
1.27266816992913,0.881883365073546,0.900930385698996,1.04029186141426,1.0208893037995,0.974299560029215,0.943691553929788,0.9776614002361
0.803579303242607,0.822030514198395,0.841858540509213,0.932455004892158,1.0317284259131,0.884171533002772,0.9776614002361,1
