"[0,1)","[1,5)","[5,15)","[15,25)","[25,45)","[45,65)","[65,75)","[75,+)"
0.0712469883344874,0.465922069231144,0.676904809786378,0.648558385779483,0.567390772979022,0.420277983295844,0.386759758598969,0.361280152609137
0.465922069231144,0.227607768982086,0.57299885802177,0.517739847121514,0.543672229156499,0.455571374516097,0.367265240653646,0.362462316013935
0.676904809786378,0.57299885802177,0.20731800571487,0.435190455516474,0.55454096936254,0.417528408105049,0.410035511844851,0.36342731805335
0.648558385779483,0.517739847121514,0.435190455516474,0.27684007176391,0.468537766743364,0.507450126758267,0.417075709364402,0.361147885807626
0.567390772979022,0.543672229156499,0.55454096936254,0.468537766743364,0.453334173997435,0.427788441842353,0.401859541719853,0.370427343352429
0.420277983295844,0.455571374516097,0.417528408105049,0.507450126758267,0.427788441842353,0.466574173664194,0.396661976529703,0.358214257365586
0.386759758598969,0.367265240653646,0.410035511844851,0.417075709364402,0.401859541719853,0.396661976529703,0.469435647972773,0.462143566641
0.361280152609137,0.362462316013935,0.36342731805335,0.361147885807626,0.370427343352429,0.358214257365586,0.462143566641,0.765342043996585
