"[0,1)","[1,5)","[5,15)","[15,25)","[25,45)","[45,65)","[65,75)","[75,+)"
0.624942683607537,0.703209338627604,0.874793613322477,0.924310869177874,0.880228430373649,0.700408263339154,1.16749361711181,0.694617663592603
0.703209338627604,0.808169494741621,0.777491355474571,0.855546958527227,0.826759236242472,0.64660294576071,0.773700672037072,0.713054621407138
0.874793613322477,0.777491355474571,0.790116663386305,0.808684420229835,0.862531033906829,0.674440132235344,0.775688640972961,0.705310033384801
0.924310869177875,0.855546958527227,0.808684420229835,0.715548302239402,0.952073386652496,0.893803868675554,1.05586322807526,1.17897812433724
0.88022843037365,0.826759236242472,0.86253103390683,0.952073386652496,0.849819641853509,0.772820231503946,0.933561481212934,1.00772864704923
0.700408263339154,0.646602945760709,0.674440132235344,0.893803868675554,0.772820231503946,0.776297476052263,0.828403579404319,0.784731516290817
1.16749361711181,0.773700672037072,0.775688640972962,1.05586322807526,0.933561481212934,0.828403579404319,1.001490316838,0.993166232173873
0.694617663592602,0.713054621407138,0.705310033384801,1.17897812433724,1.00772864704923,0.784731516290817,0.993166232173873,1
