"[0,1)","[1,5)","[5,15)","[15,25)","[25,45)","[45,65)","[65,75)","[75,+)"
0.315315061738283,1.40072214961537,1.36031811850547,1.19015657881172,1.09812298215456,1.42705188263228,1.42084976680954,1.41269305819484
1.40072214961537,0.548696728997243,1.20474268145238,1.08003678140209,1.11808059049823,1.28757772307207,1.3575566616621,1.41298438553582
1.36031811850547,1.20474268145238,0.557708492927585,0.926627747724057,1.04752001560762,1.04998704816382,1.2348914899408,1.39051482614255
1.19015657881172,1.08003678140209,0.926627747724057,0.639087155887953,0.995863733016405,0.968907798191982,1.1030432011798,0.996961269544944
1.09812298215456,1.11808059049823,1.04752001560762,0.995863733016405,1.04954922771821,1.06284290709319,1.40153321062941,1.37902564850575
1.42705188263228,1.28757772307207,1.04998704816382,0.968907798191982,1.06284290709319,1.02037042500067,1.21090645433059,1.16546587712902
1.42084976680954,1.3575566616621,1.2348914899408,1.1030432011798,1.40153321062941,1.21090645433059,0.999545546158737,1.05578541407712
1.41269305819484,1.41298438553582,1.39051482614255,0.996961269544944,1.37902564850575,1.16546587712902,1.05578541407712,0.958747690483134
