"[0,1)","[1,5)","[5,15)","[15,25)","[25,45)","[45,65)","[65,75)","[75,+)"
0.894248468951779,1.10757985955813,1.12094557762342,1.13783300041328,1.09734891241741,1.23061913538934,1.69428074613782,1.05806082209221
1.10757985955813,0.955127621232636,1.05351154416653,1.0498497627234,1.06032736960421,1.10220151366495,1.20732075326736,1.07562631537038
1.12094557762342,1.05351154416653,0.961685247760272,0.975795372122828,1.02891686743308,1.03073618708395,1.12330105019198,1.0922000767464
1.13783300041328,1.0498497627234,0.975795372122828,0.763244255532549,1.00507344196847,1.05569183209577,1.21496455513107,1.15765828202636
1.09734891241741,1.06032736960421,1.02891686743308,1.00507344196847,0.976079443960525,1.05097511323531,1.29687672211897,1.48862713548604
1.23061913538934,1.10220151366495,1.03073618708395,1.05569183209577,1.05097511323531,1.07010547199547,1.22198903089729,1.19399655241872
1.69428074613782,1.20732075326736,1.12330105019198,1.21496455513107,1.29687672211897,1.22198903089729,1.1557111352678,1.27506307434328
1.05806082209221,1.07562631537038,1.0922000767464,1.15765828202636,1.48862713548604,1.19399655241872,1.27506307434328,1.00497448075274
