"[0,1)","[1,5)","[5,15)","[15,25)","[25,45)","[45,65)","[65,75)","[75,+)"
0.810280950504348,0.972361641381694,0.969665524373345,0.929908158642089,0.952517591018599,0.88052554584325,1.09058696497954,1.29957063582794
0.972361641381694,0.995617085108306,0.993116876445437,0.912742128960173,0.973325940833173,0.887747214785666,1.22373970240524,1.29380077366739
0.969665524373345,0.993116876445437,1.01548012199918,0.868525050112801,0.970032797465335,0.886999609232507,1.15742052305377,1.26767089208178
0.929908158642089,0.912742128960172,0.868525050112801,0.642651258174592,0.899377861848894,0.849444170339227,1.07109729722119,1.24585488092792
0.952517591018599,0.973325940833172,0.970032797465335,0.899377861848894,0.903207174397234,0.860700643047525,1.16394093938705,1.23381241885656
0.88052554584325,0.887747214785666,0.886999609232507,0.849444170339227,0.860700643047525,0.819479912277573,1.0421726064991,1.06031196837136
1.09058696497954,1.22373970240524,1.15742052305377,1.07109729722119,1.16394093938705,1.0421726064991,1.2855430238022,1.32012904368367
1.29957063582794,1.29380077366739,1.26767089208178,1.24585488092792,1.23381241885656,1.06031196837136,1.32012904368367,1.13828912231157
