"[0,1)","[1,5)","[5,15)","[15,25)","[25,45)","[45,65)","[65,75)","[75,+)"
0.549225827360697,0.755656645046624,0.860307462616381,0.948250105196571,0.945778420375151,0.768506282384283,1.02114140318726,0.637602453792943
0.755656645046624,0.7371703806717,0.862126024166109,0.882470176550386,0.880069011848532,0.754934391644357,0.70868949164937,0.652556251670778
0.860307462616381,0.862126024166109,0.745411135222274,0.885618371195205,0.911885345160259,0.775385068869359,0.766559343215273,0.676765090567603
0.948250105196571,0.882470176550386,0.885618371195205,0.949874330329316,0.900582541560606,0.864592061300741,0.860991329691185,0.734144003586407
0.945778420375151,0.880069011848533,0.911885345160259,0.900582541560606,0.911962643106289,0.831696595251803,0.841375257866578,0.826909984799671
0.768506282384283,0.754934391644356,0.775385068869358,0.864592061300741,0.831696595251803,0.81777969394691,0.783479790458427,0.708341220038472
1.02114140318726,0.70868949164937,0.766559343215273,0.860991329691185,0.841375257866578,0.783479790458427,0.775625484856487,0.767108679915927
0.637602453792943,0.652556251670778,0.676765090567603,0.734144003586407,0.826909984799671,0.708341220038472,0.767108679915927,1
