"[0,1)","[1,5)","[5,15)","[15,25)","[25,45)","[45,65)","[65,75)","[75,+)"
0.279304051605178,1.05573143689008,1.09191744862731,1.02149779879053,0.951586108151189,1.09062632750238,1.02249224241987,1.00310161649872
1.05573143689008,0.741618070729977,1.01635007183036,0.916920379287724,0.967941296316039,1.02538604174891,1.00160523900803,1.00379417764764
1.09191744862731,1.01635007183036,0.728025048698619,0.826698990200619,0.938205187859126,0.921564442077903,0.976311043094124,0.99322067168849
1.02149779879053,0.916920379287724,0.826698990200619,0.563930588555155,0.829746511566541,0.865039873229411,0.898018449121546,0.782487234856716
0.951586108151189,0.967941296316039,0.938205187859126,0.829746511566541,0.859089440055824,0.904154896836443,1.04085125093225,1.04712124572538
1.09062632750238,1.02538604174891,0.921564442077903,0.865039873229411,0.904154896836443,0.920740941714223,0.946662358509988,0.910908725724158
1.02249224241987,1.00160523900803,0.976311043094124,0.898018449121546,1.04085125093225,0.946662358509988,0.832482066398657,0.858330516466241
1.00310161649872,1.00379417764764,0.99322067168849,0.782487234856716,1.04712124572538,0.910908725724158,0.858330516466241,0.90576723758237
