"[0,1)","[1,5)","[5,15)","[15,25)","[25,45)","[45,65)","[65,75)","[75,+)"
0.531586368117592,1.17582241647092,1.1635994598477,1.12100242524097,1.05446604811386,1.21526064713889,1.38352240755383,1.24638178097061
1.17582241647092,0.929679051407163,1.0956040442889,1.06134867916762,1.0498795689902,1.10625431077315,1.24440253253699,1.25148027862471
1.1635994598477,1.0956040442889,0.915322035523718,1.03306419865333,1.02352115745254,1.01641397911504,1.15199386620142,1.23327408910024
1.12100242524097,1.06134867916762,1.03306419865333,0.995276540673805,0.974471440764521,0.983972148674934,1.05983590644191,1.02841329278367
1.05446604811386,1.0498795689902,1.02352115745254,0.974471440764521,0.9383240253768,0.965887996098677,1.11747893126093,1.237801877502
1.21526064713889,1.10625431077315,1.01641397911504,0.983972148674933,0.965887996098677,0.958871055954143,1.03433158807119,1.01352080249445
1.38352240755383,1.24440253253699,1.15199386620142,1.05983590644191,1.11747893126093,1.03433158807119,1.03303168114205,1.10250772342131
1.24638178097061,1.25148027862471,1.23327408910024,1.02841329278367,1.237801877502,1.01352080249445,1.10250772342131,0.989589809388666
