"[0,1)","[1,5)","[5,15)","[15,25)","[25,45)","[45,65)","[65,75)","[75,+)"
0.128465452180282,0.588070332316208,0.759858748407998,0.716825905509316,0.654836506103068,0.496316538739983,0.489235844468576,0.703040410859095
0.588070332316208,0.372402888584733,0.670235359710391,0.648009482012401,0.644145961954937,0.54983444878019,0.635386160782828,0.697137447855524
0.759858748407998,0.670235359710391,0.336502552093991,0.619009144825512,0.64869174023041,0.522868067944118,0.635467272397077,0.674137822128933
0.716825905509316,0.648009482012401,0.619009144825512,0.66389939007594,0.592697947341036,0.591093059200072,0.592243916072242,0.617742642904572
0.654836506103068,0.644145961954937,0.64869174023041,0.592697947341036,0.541160707452695,0.499237963389161,0.602557491028914,0.572075464689168
0.496316538739983,0.54983444878019,0.522868067944118,0.591093059200072,0.499237963389161,0.504096702078816,0.516372186936708,0.496361963355706
0.489235844468576,0.635386160782829,0.635467272397077,0.592243916072242,0.602557491028914,0.516372186936708,0.688858512258014,0.698382699120786
0.703040410859094,0.697137447855524,0.674137822128933,0.617742642904572,0.572075464689168,0.496361963355705,0.698382699120786,0.884844721417661
