"[0,1)","[1,5)","[5,15)","[15,25)","[25,45)","[45,65)","[65,75)","[75,+)"
0.625340428512635,0.635321580569523,0.764693893201099,0.788587943220815,0.792949914486009,0.555579904448008,0.733836279094444,0.457289169787497
0.635321580569523,0.746948874807631,0.749673456907077,0.748589070159173,0.744244828204798,0.590713377440212,0.556371889943698,0.466946580534836
0.764693893201099,0.749673456907077,0.74012274748576,0.779311655778987,0.756754058689533,0.640907259091863,0.620261202867699,0.488513379204992
0.788587943220814,0.748589070159173,0.779311655778986,0.873828179301198,0.692903543622798,0.704934223091952,0.686104063762402,0.516108701325593
0.792949914486009,0.744244828204798,0.756754058689533,0.692903543622798,0.598041777127354,0.593185567472284,0.700720403128866,0.748203377505631
0.555579904448008,0.590713377440212,0.640907259091863,0.704934223091952,0.593185567472284,0.615474089443972,0.622075693615497,0.55930805761106
0.733836279094444,0.556371889943698,0.620261202867699,0.686104063762402,0.700720403128866,0.622075693615497,0.667302876764556,0.70648775973015
0.457289169787497,0.466946580534836,0.488513379204992,0.516108701325593,0.748203377505631,0.55930805761106,0.70648775973015,0.826396630136571
