"[0,1)","[1,5)","[5,15)","[15,25)","[25,45)","[45,65)","[65,75)","[75,+)"
0.099838348180604,0.686041864862402,0.809034913512138,0.811321881732345,0.737800473624856,0.612364765307664,0.623253028836215,0.68744125225963
0.686041864862402,0.286731037979939,0.725031168747076,0.724053293547014,0.714764245335714,0.628257119632538,0.660359276668442,0.68454690220283
0.809034913512138,0.725031168747076,0.307555297592096,0.687159835762332,0.775566404180353,0.621226538203565,0.729285035534638,0.670529090952306
0.811321881732345,0.724053293547013,0.687159835762332,0.742193982970011,0.731104660736238,0.711543350414923,0.71227453936291,0.652569670670822
0.737800473624856,0.714764245335714,0.775566404180353,0.731104660736238,0.700699626684716,0.627331416799439,0.690466223701971,0.681395857624403
0.612364765307664,0.628257119632538,0.621226538203565,0.711543350414923,0.627331416799439,0.700103312505027,0.664830214640664,0.610137881991004
0.623253028836215,0.660359276668442,0.729285035534638,0.71227453936291,0.690466223701971,0.664830214640664,0.780845979896054,0.756807298997569
0.68744125225963,0.68454690220283,0.670529090952306,0.652569670670822,0.681395857624403,0.610137881991004,0.756807298997569,1
