"[0,1)","[1,5)","[5,15)","[15,25)","[25,45)","[45,65)","[65,75)","[75,+)"
0.126573964296182,0.618344832208345,0.755899053476454,0.763104477955175,0.714881401761825,0.525044301952391,0.525922493321139,0.573185130175997
0.618344832208345,0.294635453463766,0.690174354984661,0.674426128236678,0.67870982540647,0.560900792199782,0.557197419158596,0.571679649863546
0.755899053476454,0.690174354984661,0.309494235376017,0.649718099165798,0.743776684210333,0.567842318794674,0.648452793690785,0.563578580397761
0.763104477955175,0.674426128236678,0.649718099165798,0.704349898269834,0.677398493411547,0.659952809989612,0.63732596681182,0.545493860372653
0.714881401761825,0.67870982540647,0.743776684210333,0.677398493411547,0.640489137708948,0.557004336980184,0.606529926092371,0.574165803810487
0.525044301952391,0.560900792199782,0.567842318794674,0.659952809989612,0.557004336980184,0.648642851228619,0.586860323393484,0.516870637723112
0.525922493321139,0.557197419158596,0.648452793690785,0.63732596681182,0.606529926092371,0.586860323393484,0.703266018669739,0.674795159566958
0.573185130175997,0.571679649863546,0.563578580397761,0.545493860372653,0.574165803810486,0.516870637723112,0.674795159566958,1
