"[0,1)","[1,5)","[5,15)","[15,25)","[25,45)","[45,65)","[65,75)","[75,+)"
0.0751884807835833,0.610264270206943,0.77560533525481,0.799521351948887,0.767998448583537,0.593512572966599,0.729597520505998,0.467888456247054
0.610264270206943,0.272915637109491,0.703985496389092,0.700904801342576,0.725344297663411,0.603770266616778,0.500774900893349,0.475787365904898
0.77560533525481,0.703985496389092,0.291404125752956,0.666617255789579,0.786769211000962,0.603523210108512,0.608425227437709,0.483673800357464
0.799521351948887,0.700904801342576,0.666617255789579,0.704716376787809,0.759211537096333,0.725261095385536,0.662917969833668,0.524156486685554
0.767998448583537,0.725344297663411,0.786769211000962,0.759211537096333,0.759695271304429,0.681306129935619,0.683509568673562,0.652599430889831
0.593512572966599,0.603770266616778,0.603523210108512,0.725261095385536,0.681306129935619,0.722103149075202,0.634786335221506,0.543833418765518
0.729597520505998,0.500774900893349,0.608425227437709,0.662917969833668,0.683509568673561,0.634786335221506,0.662509329116675,0.661416249157278
0.467888456247054,0.475787365904898,0.483673800357464,0.524156486685554,0.652599430889831,0.543833418765518,0.661416249157278,1
