"[0,1)","[1,5)","[5,15)","[15,25)","[25,45)","[45,65)","[65,75)","[75,+)"
0.773433929896194,1.46317815876949,1.34757906661275,1.18468394424219,1.19317626877483,1.4076887174601,1.26666476280289,1.50917107826421
1.46317815876949,0.900823221683498,1.28549116897126,1.10166887320563,1.19062655983409,1.31684756524129,1.43759269508899,1.50070241951344
1.34757906661275,1.28549116897126,0.922874275010555,1.00726264571523,1.14295764615142,1.16300008724978,1.37672680137595,1.46917343734264
1.18468394424219,1.10166887320563,1.00726264571523,0.661783398171084,0.982010983302811,0.961648934047619,1.09787568214496,0.992695170600009
1.19317626877483,1.19062655983409,1.14295764615142,0.982010983302812,1.04963053508767,1.05901391670889,1.35317378992066,1.33877265919058
1.4076887174601,1.31684756524129,1.16300008724978,0.961648934047619,1.05901391670889,1.02464313322306,1.16188829094797,1.12729410450002
1.26666476280289,1.43759269508899,1.37672680137595,1.09787568214496,1.35317378992066,1.16188829094797,1.02815047775466,1.05568754904575
1.50917107826421,1.50070241951344,1.46917343734264,0.992695170600009,1.33877265919058,1.12729410450002,1.05568754904575,0.992506217375836
