"[0,1)","[1,5)","[5,15)","[15,25)","[25,45)","[45,65)","[65,75)","[75,+)"
0.682220082883393,0.617823469185607,0.762712779557138,0.726235990831555,0.77406651598194,0.537578997790998,0.661294372488357,0.443156255655013
0.617823469185607,0.821266642372209,0.714189701380106,0.694845726621837,0.734227030762038,0.567449520085364,0.523977926568957,0.450773942924245
0.762712779557138,0.714189701380106,0.817165473116073,0.734533780174032,0.764031197215006,0.657434958304094,0.569839928537345,0.452755477967714
0.726235990831555,0.694845726621837,0.734533780174032,0.771602864093817,0.672006364754529,0.68569369870711,0.578004213725533,0.575289061105917
0.774066515981939,0.734227030762038,0.764031197215006,0.672006364754529,0.638006962410064,0.627697094949704,0.608954665153426,0.533593700458667
0.537578997790998,0.567449520085364,0.657434958304094,0.68569369870711,0.627697094949704,0.636505206309413,0.540533554083062,0.493311766927625
0.661294372488357,0.523977926568957,0.569839928537345,0.578004213725533,0.608954665153426,0.540533554083062,0.598789870723905,0.596278079280669
0.443156255655013,0.450773942924246,0.452755477967714,0.575289061105917,0.533593700458667,0.493311766927625,0.596278079280669,0.840018197763308
