"[0,1)","[1,5)","[5,15)","[15,25)","[25,45)","[45,65)","[65,75)","[75,+)"
0.827096912730355,0.879982112010247,0.947676738472363,0.924080079249194,0.94181232091867,0.878605567506636,1.07834993682155,0.804406039727413
0.879982112010247,0.894067861212766,0.905895421999927,0.878421546293585,0.907409244806895,0.841853745721656,0.845641865421245,0.812292511021082
0.947676738472363,0.905895421999927,0.89949853616678,0.881581319973645,0.926812610970208,0.856182322548938,0.862575202891904,0.813256262206246
0.924080079249194,0.878421546293585,0.881581319973645,0.82534239335842,0.876151986830875,0.871669774189306,0.890525683242109,0.838154825433013
0.94181232091867,0.907409244806895,0.926812610970208,0.876151986830876,0.882041571060971,0.848796915952266,0.863319241853365,0.863810478003666
0.878605567506637,0.841853745721656,0.856182322548938,0.871669774189306,0.848796915952266,0.876296142064171,0.872680149859595,0.819849917499815
1.07834993682155,0.845641865421245,0.862575202891905,0.890525683242109,0.863319241853365,0.872680149859595,0.936919428001394,0.944457152339018
0.804406039727413,0.812292511021082,0.813256262206246,0.838154825433013,0.863810478003666,0.819849917499815,0.944457152339018,1
