"[0,1)","[1,5)","[5,15)","[15,25)","[25,45)","[45,65)","[65,75)","[75,+)"
0.852117604847261,0.910334801018697,1.01343743566098,1.05156630684725,1.02406998151684,0.935477990590691,1.54343896609016,0.807907501328668
0.910334801018697,0.895210264612222,0.867117812906447,0.971038338082137,0.979726097699143,0.818171696475227,0.993286075134829,0.832049410018732
1.01343743566098,0.867117812906447,0.914337469607327,0.914433015018686,0.968146382820128,0.838097692165505,0.917604618696201,0.839632138521602
1.05156630684725,0.971038338082137,0.914433015018685,0.826508517822767,1.03620348636521,1.00838179549518,1.16108240780692,1.36679445492716
1.02406998151684,0.979726097699143,0.968146382820128,1.03620348636521,0.947030625932942,0.957796975193153,1.16108900362944,1.23508946742704
0.935477990590691,0.818171696475227,0.838097692165505,1.00838179549518,0.957796975193153,0.922506901507614,1.00934563559844,0.997531883401604
1.54343896609016,0.993286075134829,0.917604618696201,1.16108240780692,1.16108900362944,1.00934563559844,1.09075487084089,1.12517285236935
0.807907501328668,0.832049410018732,0.839632138521602,1.36679445492716,1.23508946742704,0.997531883401604,1.12517285236935,1.03646630863569
