"[0,1)","[1,5)","[5,15)","[15,25)","[25,45)","[45,65)","[65,75)","[75,+)"
0.735730332874988,1.60367348490809,1.44000963562492,1.20472507634758,1.24076675293892,1.48878181619295,1.47743516867987,1.47245596930019
1.60367348490809,0.899448022353774,1.30558693092785,1.14327525204291,1.19885082247194,1.37202863791506,1.48102394659217,1.47260625162297
1.44000963562492,1.30558693092785,0.968932355262468,1.09475290411845,1.20636572679792,1.28886926779414,1.34573635716418,1.45123655826613
1.20472507634758,1.14327525204291,1.09475290411845,0.760608760898759,1.12210671401222,1.04181851112102,1.0873069622208,1.02074764908938
1.24076675293892,1.19885082247194,1.20636572679792,1.12210671401222,1.23138651985023,1.15437431008597,1.38391066552375,1.38821175352866
1.48878181619295,1.37202863791506,1.28886926779414,1.04181851112102,1.15437431008597,1.05744007849729,1.14647847705226,1.12865179495588
1.47743516867987,1.48102394659217,1.34573635716418,1.0873069622208,1.38391066552375,1.14647847705226,1.00251550971804,1.06065429687684
1.47245596930019,1.47260625162297,1.45123655826613,1.02074764908938,1.38821175352866,1.12865179495588,1.06065429687684,1
