"[0,1)","[1,5)","[5,15)","[15,25)","[25,45)","[45,65)","[65,75)","[75,+)"
0.44508114707045,0.756272529178389,0.862319950669001,0.949110379837622,0.940096773246427,0.77418161188156,1.02981533430633,0.643398583877239
0.756272529178389,0.738103595230471,0.861473864328815,0.884731866383782,0.882051472219504,0.758523819111564,0.714410992777697,0.658597957568156
0.862319950669001,0.861473864328815,0.745195308529329,0.886941980282147,0.913340937680701,0.77753909630327,0.76903535500625,0.681381386575607
0.949110379837622,0.884731866383782,0.886941980282147,0.953143886143411,0.905006558496892,0.868612161846771,0.866292491717062,0.740999158087063
0.940096773246427,0.882051472219504,0.913340937680701,0.905006558496892,0.916317366142186,0.837366725866378,0.847312835315887,0.833002050405608
0.77418161188156,0.758523819111564,0.77753909630327,0.868612161846771,0.837366725866378,0.821361503660258,0.787336114353651,0.715783279953908
1.02981533430633,0.714410992777697,0.76903535500625,0.866292491717062,0.847312835315886,0.787336114353651,0.777845401933449,0.770587912730338
0.643398583877239,0.658597957568156,0.681381386575607,0.740999158087063,0.833002050405608,0.715783279953908,0.770587912730338,1
