"[0,1)","[1,5)","[5,15)","[15,25)","[25,45)","[45,65)","[65,75)","[75,+)"
0.994925942488005,0.890160455428247,0.89927918028618,0.919734554102603,0.92542848265808,0.893058743136715,1.02218061909106,0.91928281102734
0.890160455428247,1.02432817062779,0.954533362103976,0.92064618057089,0.933509878212747,0.915915210938488,0.967244337898351,0.92287614599281
0.89927918028618,0.954533362103976,1.05407577470807,0.884531685311107,0.937944835616675,0.934614517673537,0.993540910476232,0.930608172139607
0.919734554102603,0.92064618057089,0.884531685311107,0.703979256544698,0.904381476576562,0.940090035298842,1.04800199161644,1.04402077665716
0.92542848265808,0.933509878212747,0.937944835616675,0.904381476576562,0.844021347805675,0.894898856853493,1.10514040012333,1.10112238725952
0.893058743136716,0.915915210938488,0.934614517673537,0.940090035298842,0.894898856853493,0.94384769478651,1.08039728194975,1.0500056482604
1.02218061909106,0.967244337898352,0.993540910476232,1.04800199161644,1.10514040012333,1.08039728194975,1.04568108108494,1.10111167709606
0.91928281102734,0.92287614599281,0.930608172139607,1.04402077665716,1.10112238725952,1.0500056482604,1.10111167709606,0.991917391040318
