"[0,1)","[1,5)","[5,15)","[15,25)","[25,45)","[45,65)","[65,75)","[75,+)"
0.901499078150243,0.662240884344906,0.767454874110014,0.795928825486635,0.831498650933215,0.589324241721294,0.753461348859265,0.463165044749662
0.662240884344906,0.870695665573348,0.79252751513261,0.739948183561542,0.771452036477841,0.616361499936783,0.519042615589975,0.471926775210397
0.767454874110014,0.79252751513261,0.854555560065415,0.766188718474505,0.811179832011175,0.667258230564212,0.601703880832459,0.478461402267926
0.795928825486635,0.739948183561542,0.766188718474505,0.746097805729585,0.702326082834038,0.704161516853961,0.654272532779646,0.509013859733276
0.831498650933215,0.77145203647784,0.811179832011175,0.702326082834038,0.673489020502819,0.594567964691389,0.579607633674143,0.506360957508021
0.589324241721294,0.616361499936783,0.667258230564212,0.704161516853961,0.594567964691389,0.689341813123324,0.606461880784638,0.517695551347201
0.753461348859265,0.519042615589975,0.601703880832459,0.654272532779646,0.579607633674143,0.606461880784638,0.650587481632935,0.642698891937372
0.463165044749662,0.471926775210397,0.478461402267926,0.509013859733276,0.506360957508021,0.517695551347201,0.642698891937372,1
