"[0,1)","[1,5)","[5,15)","[15,25)","[25,45)","[45,65)","[65,75)","[75,+)"
0.910040556704312,0.64177646869863,0.73475870386517,0.719294733341874,0.780126814783023,0.489039896735734,0.460576682944007,0.434018329868397
0.64177646869863,0.864404422402713,0.747451805195297,0.684398104204792,0.726077242244292,0.565304008069018,0.468585203417792,0.434785586048026
0.73475870386517,0.747451805195297,0.855944358109188,0.732427745152751,0.762183823062813,0.639526611812891,0.555107772489962,0.439194454362505
0.719294733341874,0.684398104204792,0.732427745152751,0.734668407048154,0.636478185554661,0.636321583843018,0.548402123277286,0.439335575517603
0.780126814783023,0.726077242244292,0.762183823062813,0.636478185554661,0.600240769772168,0.547407742758434,0.516359522806809,0.467331993062253
0.489039896735734,0.565304008069018,0.639526611812891,0.636321583843018,0.547407742758434,0.569886143721918,0.503922167447714,0.463477810985413
0.460576682944007,0.468585203417792,0.555107772489962,0.548402123277286,0.516359522806809,0.503922167447714,0.571792708090595,0.560724451017575
0.434018329868397,0.434785586048026,0.439194454362505,0.439335575517603,0.467331993062253,0.463477810985413,0.560724451017575,0.816124571585563
