"[0,1)","[1,5)","[5,15)","[15,25)","[25,45)","[45,65)","[65,75)","[75,+)"
0.118298024299953,0.477974917511027,0.673271201847354,0.647360583216794,0.579047388014012,0.415289686883734,0.32647259974633,0.396364650526038
0.477974917511027,0.301954617515544,0.586139418284924,0.554594622447562,0.559624760998705,0.465359255647731,0.3753144843391,0.392892175422885
0.673271201847354,0.586139418284924,0.268587195690384,0.518432663274355,0.57591146668175,0.444700971662302,0.420753197235431,0.383255552517815
0.647360583216794,0.554594622447562,0.518432663274355,0.513585387374501,0.50785290299603,0.533531924347039,0.428598756057137,0.391093983558806
0.579047388014012,0.559624760998705,0.57591146668175,0.50785290299603,0.473437850196284,0.439883934324625,0.397714053232526,0.347043322732583
0.415289686883734,0.465359255647731,0.444700971662302,0.533531924347039,0.439883934324625,0.47091102543899,0.381883913721969,0.348491458723996
0.32647259974633,0.3753144843391,0.420753197235431,0.428598756057137,0.397714053232526,0.381883913721969,0.455080087215396,0.438609246942912
0.396364650526038,0.392892175422885,0.383255552517815,0.391093983558806,0.347043322732583,0.348491458723996,0.438609246942913,0.772364425132572
