"[0,1)","[1,5)","[5,15)","[15,25)","[25,45)","[45,65)","[65,75)","[75,+)"
0.890320819951776,0.868834117808574,1.007770904914,0.918947531502634,0.990565245289661,0.973618221021758,1.44155201115837,0.911100866768788
0.868834117808574,0.913793251673905,0.899997721742927,0.846776802374604,0.925472855672321,0.874765383803714,0.99630764454949,0.930324375599728
1.007770904914,0.899997721742927,0.93692692526234,0.814692463255957,0.944215353526566,0.882689193410826,0.949051124891271,0.922474483914872
0.918947531502634,0.846776802374604,0.814692463255957,0.561352543796801,0.888013958048277,0.901344881024495,0.99686802472836,1.03316365907785
0.990565245289661,0.925472855672321,0.944215353526566,0.888013958048277,0.939592676584373,0.959499709911853,1.08630675944289,1.15979930952844
0.973618221021759,0.874765383803714,0.882689193410826,0.901344881024495,0.959499709911853,0.966693698135214,1.03570689345847,1.06764235421675
1.44155201115837,0.99630764454949,0.949051124891271,0.99686802472836,1.08630675944289,1.03570689345847,1.12246131163059,1.125913141406
0.911100866768788,0.930324375599728,0.922474483914872,1.03316365907785,1.15979930952844,1.06764235421675,1.125913141406,1
