"[0,1)","[1,5)","[5,15)","[15,25)","[25,45)","[45,65)","[65,75)","[75,+)"
0.870817469318932,0.879072280501673,0.920615136402743,0.905762046183002,0.91790311077929,0.836610225531843,0.944212890956115,0.765495608764268
0.879072280501673,0.902849902991052,0.893824782225432,0.871087166217649,0.887057023016617,0.829564823321344,0.81602887796819,0.771361539067346
0.920615136402743,0.893824782225432,0.913679161001265,0.868979549180742,0.898963138705125,0.858006460923083,0.8175159861598,0.77275993017049
0.905762046183002,0.87108716621765,0.868979549180742,0.814181426972543,0.819500206395201,0.849693891226725,0.83560986070201,0.837710430944784
0.91790311077929,0.887057023016617,0.898963138705125,0.819500206395201,0.816104885221778,0.827349895693118,0.823366260402153,0.857135395555083
0.836610225531843,0.829564823321345,0.858006460923083,0.849693891226725,0.827349895693118,0.847651948537657,0.825469384886892,0.795466762869319
0.944212890956115,0.81602887796819,0.8175159861598,0.83560986070201,0.823366260402153,0.825469384886892,0.856402289716976,0.879254874940583
0.765495608764268,0.771361539067346,0.77275993017049,0.837710430944784,0.857135395555083,0.795466762869319,0.879254874940583,0.91755426027848
