"[0,1)","[1,5)","[5,15)","[15,25)","[25,45)","[45,65)","[65,75)","[75,+)"
0.829512479647232,0.836677587480793,0.897428692831007,0.897486274309759,0.918648436667082,0.845147061431914,0.971093953452151,0.850585213424259
0.836677587480794,0.914935546392773,0.890290751332932,0.854573904447825,0.905439085041718,0.846111730418933,0.893072077982807,0.855028174510024
0.897428692831008,0.890290751332932,0.928396596580351,0.814531481511151,0.904970774265985,0.864873348716078,0.906343770605395,0.859175347510369
0.897486274309759,0.854573904447825,0.814531481511151,0.629270530312729,0.853434627896075,0.882152774237787,0.945673398606656,0.966201756323468
0.918648436667083,0.905439085041718,0.904970774265985,0.853434627896075,0.824483982953433,0.871071036085067,1.02834852629777,1.04499162423408
0.845147061431914,0.846111730418933,0.864873348716078,0.882152774237787,0.871071036085067,0.899349837201663,0.957452265922994,0.940424261941858
0.971093953452151,0.893072077982807,0.906343770605395,0.945673398606656,1.02834852629777,0.957452265922994,0.976683892824114,0.997606492921459
0.850585213424259,0.855028174510025,0.859175347510369,0.966201756323468,1.04499162423408,0.940424261941858,0.997606492921459,0.984878271380102
