"[0,1)","[1,5)","[5,15)","[15,25)","[25,45)","[45,65)","[65,75)","[75,+)"
0.25593298449036,0.591920707930814,0.747214172070776,0.715219771296454,0.666790217719008,0.485119085669595,0.507277028271692,0.734361040649089
0.591920707930813,0.43140728018091,0.675691745576108,0.664804438785645,0.658982214607798,0.534767910027673,0.658296468699714,0.725918704244207
0.747214172070776,0.675691745576108,0.384707303484628,0.644746369034265,0.665278496366033,0.516909302909173,0.65470847887708,0.694477939104496
0.715219771296454,0.664804438785645,0.644746369034265,0.720516795536645,0.626593315650958,0.600593317603792,0.627310855865805,0.690606988479609
0.666790217719008,0.658982214607798,0.665278496366033,0.626593315650958,0.57000521618126,0.508156756338565,0.63689932077756,0.614563187634931
0.485119085669595,0.534767910027673,0.516909302909173,0.600593317603792,0.508156756338565,0.491310473893301,0.529677591148507,0.508586832660294
0.507277028271692,0.658296468699714,0.65470847887708,0.627310855865805,0.63689932077756,0.529677591148507,0.721324901573423,0.742262752193159
0.734361040649089,0.725918704244207,0.694477939104496,0.690606988479609,0.61456318763493,0.508586832660294,0.742262752193159,0.895902405893663
