"[0,1)","[1,5)","[5,15)","[15,25)","[25,45)","[45,65)","[65,75)","[75,+)"
0.677645778746713,0.953119742172461,1.05609490291139,0.986576199657661,0.931679323256881,0.858368758278821,1.55210209374736,0.584760995782934
0.953119742172461,0.903218738053015,0.907415811317869,0.893633912202131,0.894133499300279,0.760518297108232,0.836280138150555,0.611468464241243
1.05609490291139,0.907415811317869,0.920287786459806,0.842232760252386,0.893270414683313,0.772085320205639,0.783198374510342,0.634507745139259
0.986576199657661,0.893633912202131,0.842232760252386,0.643581597971286,0.823302169909386,0.812167053659934,0.862122858612582,0.859386755998036
0.931679323256881,0.894133499300278,0.893270414683313,0.823302169909386,0.768718827023878,0.73264436933956,0.822911678170598,0.86792077859647
0.858368758278821,0.760518297108232,0.772085320205639,0.812167053659934,0.73264436933956,0.71445214379023,0.743515264184202,0.697336929365756
1.55210209374736,0.836280138150555,0.783198374510342,0.862122858612582,0.822911678170598,0.743515264184202,0.786912270560302,0.849662989270508
0.584760995782934,0.611468464241243,0.634507745139259,0.859386755998036,0.86792077859647,0.697336929365756,0.849662989270508,0.872912966973649
