"[0,1)","[1,5)","[5,15)","[15,25)","[25,45)","[45,65)","[65,75)","[75,+)"
0.102531904382909,0.43833456897275,0.599509775386774,0.641639389827719,0.572798253692933,0.344058693491655,0.302275977511415,0.278015104929664
0.43833456897275,0.223705854758401,0.581061053147089,0.502284054010208,0.552095565601922,0.408869155988064,0.276671604523899,0.279247417861427
0.599509775386774,0.581061053147089,0.223820566708827,0.438277098921951,0.629137560528316,0.420903619034832,0.420888145269976,0.279404221495299
0.641639389827719,0.502284054010208,0.438277098921951,0.244523690420839,0.505932292683843,0.525916111623771,0.416021590624502,0.276805680325854
0.572798253692933,0.552095565601922,0.629137560528316,0.505932292683843,0.465595386131493,0.394197359442832,0.366616889249995,0.294052199009179
0.344058693491655,0.408869155988064,0.420903619034832,0.525916111623771,0.394197359442832,0.536453933989202,0.381025737147867,0.306347954035559
0.302275977511415,0.276671604523899,0.420888145269976,0.416021590624502,0.366616889249995,0.381025737147867,0.455193393033118,0.402789240701778
0.278015104929664,0.279247417861427,0.279404221495299,0.276805680325854,0.294052199009179,0.306347954035559,0.402789240701778,1
