"[0,1)","[1,5)","[5,15)","[15,25)","[25,45)","[45,65)","[65,75)","[75,+)"
0.0997754049998302,0.445491111032299,0.677521944125187,0.672518164549701,0.581466404912119,0.354679594983837,0.375728127329087,0.258035119837789
0.445491111032299,0.269935114346927,0.554983036791469,0.549685160858212,0.537673474931754,0.391529390134025,0.301123472951998,0.26512629092921
0.677521944125187,0.554983036791469,0.235800129044395,0.502954868865072,0.560322676276971,0.379523342983891,0.349693381982919,0.265862107200347
0.672518164549701,0.549685160858212,0.502954868865072,0.506364471831557,0.47431917627044,0.497899302828299,0.408201341350461,0.348651585276807
0.581466404912119,0.537673474931754,0.560322676276971,0.47431917627044,0.413129738130556,0.365410920933617,0.333482856270163,0.295853906470219
0.354679594983837,0.391529390134025,0.379523342983891,0.497899302828299,0.365410920933617,0.390205984574372,0.30596240995529,0.25962983588301
0.375728127329086,0.301123472951998,0.349693381982919,0.408201341350461,0.333482856270163,0.30596240995529,0.399952924541372,0.398083195230286
0.258035119837789,0.26512629092921,0.265862107200347,0.348651585276807,0.295853906470219,0.25962983588301,0.398083195230286,0.737879973836619
