"[0,1)","[1,5)","[5,15)","[15,25)","[25,45)","[45,65)","[65,75)","[75,+)"
0.776460853618034,0.67827439898775,0.811765872469886,0.795650761939586,0.846359641888013,0.6029636956058,0.889226552259622,0.470669020867365
0.67827439898775,0.77039998830989,0.734829627683157,0.748270665754993,0.787776602053306,0.60810585959731,0.612422386406724,0.495887707431433
0.811765872469886,0.734829627683157,0.768128885171455,0.77591078543422,0.806487661234061,0.679466853384784,0.625347010397715,0.510171890826734
0.795650761939586,0.748270665754993,0.77591078543422,0.846417558606323,0.748589917980875,0.746341980607057,0.693878016332598,0.658886230159121
0.846359641888013,0.787776602053307,0.806487661234061,0.748589917980875,0.712056998757214,0.700746891911165,0.729812772208636,0.715607492966371
0.6029636956058,0.60810585959731,0.679466853384784,0.746341980607057,0.700746891911165,0.699183800039916,0.65612155029218,0.612855432561871
0.889226552259622,0.612422386406724,0.625347010397715,0.693878016332598,0.729812772208636,0.65612155029218,0.712979644739648,0.721988060564136
0.470669020867365,0.495887707431433,0.510171890826734,0.658886230159121,0.715607492966371,0.612855432561871,0.721988060564136,0.870811506852923
