"[0,1)","[1,5)","[5,15)","[15,25)","[25,45)","[45,65)","[65,75)","[75,+)"
0.858925158964259,0.942097377359825,0.98338662117821,0.950577514972917,0.960268951393751,0.994502226297285,1.1460214889175,0.950179165831263
0.942097377359825,0.950000658607381,0.942119221963843,0.878410905103847,0.936130979376601,0.943094072678055,0.995633555574631,0.957460025265171
0.98338662117821,0.942119221963843,0.970772075061746,0.832659321458977,0.932060805495746,0.934351007175466,0.976407319046169,0.961588456661205
0.950577514972917,0.878410905103847,0.832659321458977,0.584140001769489,0.833583221152017,0.904092479278997,0.947645043448867,0.982142540258268
0.960268951393751,0.9361309793766,0.932060805495746,0.833583221152017,0.83164200564942,0.912125360336203,1.01291738705738,1.07796727952178
0.994502226297286,0.943094072678056,0.934351007175466,0.904092479278997,0.912125360336203,0.969878100175341,1.01859112930963,1.01502633353744
1.1460214889175,0.995633555574631,0.976407319046169,0.947645043448867,1.01291738705738,1.01859112930963,1.06331496975495,1.07023784377919
0.950179165831263,0.957460025265171,0.961588456661205,0.982142540258268,1.07796727952178,1.01502633353744,1.07023784377919,1.02245995365413
