"[0,1)","[1,5)","[5,15)","[15,25)","[25,45)","[45,65)","[65,75)","[75,+)"
0.14491380445729,0.476392924924134,0.684586184618764,0.671581702025196,0.594521804404125,0.388640240569405,0.318862112713488,0.329003231789876
0.476392924924134,0.327593343565592,0.584338710243319,0.576666306759817,0.566940331696688,0.444385863718615,0.33364787584129,0.328670375912886
0.684586184618764,0.584338710243319,0.288897312195769,0.54610155628271,0.581561231191381,0.437408359311416,0.390719114289183,0.32428270296532
0.671581702025196,0.576666306759817,0.54610155628271,0.580163098028881,0.521569420617502,0.540515522167828,0.425603333675749,0.361431065088468
0.594521804404125,0.566940331696688,0.581561231191381,0.521569420617502,0.47425304541122,0.4287308356149,0.375297097872791,0.317750185889261
0.388640240569405,0.444385863718615,0.437408359311416,0.540515522167828,0.4287308356149,0.449470014974435,0.345173877289696,0.297008837251243
0.318862112713487,0.33364787584129,0.390719114289183,0.425603333675749,0.375297097872791,0.345173877289696,0.421499599324723,0.418301897252843
0.329003231789876,0.328670375912886,0.32428270296532,0.361431065088468,0.317750185889261,0.297008837251243,0.418301897252843,0.750467246528904
