"[0,1)","[1,5)","[5,15)","[15,25)","[25,45)","[45,65)","[65,75)","[75,+)"
0.396714973972585,0.566678168084217,0.765609884076892,0.717177650553706,0.649139432283009,0.442376925571288,0.690326839872974,0.34496881539128
0.566678168084217,0.457733567297748,0.619819713420739,0.591549383345393,0.594279652737388,0.443685403052899,0.437275294639904,0.354503857958042
0.765609884076892,0.619819713420739,0.410171712685442,0.53047164738632,0.603259569845293,0.439808869699039,0.45460308554517,0.358393559839308
0.717177650553706,0.591549383345393,0.53047164738632,0.402885313194808,0.520767358496978,0.542366439669921,0.508575324234253,0.517609587198311
0.649139432283009,0.594279652737387,0.603259569845293,0.520767358496978,0.449331817509823,0.412229905135579,0.436092814221102,0.408208309068998
0.442376925571288,0.443685403052899,0.439808869699039,0.542366439669921,0.412229905135579,0.434177620490411,0.392709943260021,0.351996648758942
0.690326839872974,0.437275294639904,0.45460308554517,0.508575324234253,0.436092814221102,0.392709943260021,0.543933169923931,0.543009403660325
0.34496881539128,0.354503857958042,0.358393559839308,0.517609587198311,0.408208309068998,0.351996648758942,0.543009403660325,0.804022619785338
