"[0,1)","[1,5)","[5,15)","[15,25)","[25,45)","[45,65)","[65,75)","[75,+)"
0.776026837567099,0.710263872302576,0.842491368378038,0.811937201577394,0.86968660863506,0.657176567998877,0.96007398869275,0.509246768255297
0.710263872302576,0.812737111136709,0.758469802813326,0.782135006612019,0.825629839155302,0.636730128901325,0.641417930512828,0.521693725998865
0.842491368378038,0.758469802813326,0.813598027003969,0.811880530525179,0.840704172143305,0.715598876930326,0.665105567263996,0.534022077850237
0.811937201577394,0.782135006612019,0.811880530525179,0.882357372498577,0.812909658416989,0.796960078658014,0.739330652856982,0.718059805032437
0.86968660863506,0.825629839155302,0.840704172143305,0.812909658416989,0.784171620090627,0.776633599503876,0.800350898579354,0.771215788407627
0.657176567998877,0.636730128901325,0.715598876930326,0.796960078658014,0.776633599503876,0.763236173698499,0.709668010157732,0.657431390905004
0.96007398869275,0.641417930512828,0.665105567263996,0.739330652856982,0.800350898579354,0.709668010157732,0.751767345083368,0.763854801950949
0.509246768255297,0.521693725998866,0.534022077850237,0.718059805032437,0.771215788407626,0.657431390905004,0.76385480195095,0.886537355857051
