"[0,1)","[1,5)","[5,15)","[15,25)","[25,45)","[45,65)","[65,75)","[75,+)"
0.055134333554668,0.408436638352386,0.633054405206283,0.607242695401922,0.526201909363349,0.343616276305969,0.301228428373101,0.278075006247614
0.408436638352386,0.195143440827154,0.530164957224537,0.467550234779088,0.493957931256403,0.387429141354801,0.287926404996082,0.279165365036352
0.633054405206283,0.530164957224537,0.175509330591207,0.387118202531284,0.510114866874265,0.356787155818662,0.341141644630068,0.279371541162195
0.607242695401922,0.467550234779088,0.387118202531284,0.232537341583277,0.403719210878794,0.446016266654093,0.346988763327088,0.278510936869469
0.52620190936335,0.493957931256403,0.510114866874265,0.403719210878794,0.378601651470258,0.347474182457318,0.322656083256802,0.289055736440651
0.343616276305969,0.387429141354801,0.356787155818662,0.446016266654093,0.347474182457318,0.395179579563206,0.321026834264444,0.280031742387994
0.301228428373101,0.287926404996081,0.341141644630068,0.346988763327088,0.322656083256802,0.321026834264444,0.408814329849252,0.39881555253703
0.278075006247614,0.279165365036352,0.279371541162195,0.278510936869469,0.289055736440651,0.280031742387994,0.39881555253703,0.74156416992598
