"[0,1)","[1,5)","[5,15)","[15,25)","[25,45)","[45,65)","[65,75)","[75,+)"
0.226037292518609,0.581566838302612,0.700450722129826,0.735395887345836,0.687253967453133,0.505450490332721,0.403082258905089,0.489732729770463
0.581566838302612,0.537519710355469,0.720111907396824,0.662299306467822,0.686385767662059,0.566670665523292,0.468756767795277,0.48209649999847
0.700450722129826,0.720111907396824,0.541562845213427,0.656510550299293,0.742287506955808,0.597225691313894,0.56688133986102,0.47911135273196
0.735395887345836,0.662299306467821,0.656510550299293,0.646794379630381,0.62889778341649,0.640826771048186,0.543147219635555,0.476005395216598
0.687253967453132,0.686385767662059,0.742287506955808,0.62889778341649,0.587493797434941,0.522152478257281,0.500105423346236,0.467254043273923
0.505450490332721,0.566670665523292,0.597225691313894,0.640826771048186,0.522152478257281,0.636443676081681,0.509341827062105,0.472326100295974
0.403082258905089,0.468756767795277,0.566881339861021,0.543147219635555,0.500105423346236,0.509341827062105,0.57083229307146,0.515250168983504
0.489732729770463,0.482096499998471,0.47911135273196,0.476005395216598,0.467254043273923,0.472326100295974,0.515250168983504,1
