"[0,1)","[1,5)","[5,15)","[15,25)","[25,45)","[45,65)","[65,75)","[75,+)"
0.361104025713785,0.637282477837591,0.745848910719824,0.769880843175955,0.705984909605456,0.582526567616969,0.560069399244083,0.540943085593208
0.637282477837591,0.42266835394296,0.715256001819465,0.659720972644331,0.688795741719953,0.615537493370908,0.535133735511137,0.541914592432853
0.745848910719824,0.715256001819465,0.395286479947521,0.587058446177823,0.743044945782384,0.60135216272791,0.629287371377025,0.541352807122952
0.769880843175955,0.659720972644331,0.587058446177823,0.380990861440422,0.666268018369278,0.685260377124476,0.618449807476353,0.535319612493704
0.705984909605456,0.688795741719953,0.743044945782384,0.666268018369278,0.641338356796011,0.604478802843911,0.588492287963407,0.550944538916275
0.582526567616969,0.615537493370908,0.60135216272791,0.685260377124476,0.604478802843911,0.693467099058756,0.587444182914639,0.555305298263695
0.560069399244083,0.535133735511137,0.629287371377025,0.618449807476353,0.588492287963407,0.58744418291464,0.629847053820339,0.58574359462931
0.540943085593208,0.541914592432853,0.541352807122952,0.535319612493704,0.550944538916275,0.555305298263695,0.58574359462931,1
