"[0,1)","[1,5)","[5,15)","[15,25)","[25,45)","[45,65)","[65,75)","[75,+)"
0.190149713592677,0.509614099067505,0.641489719352565,0.679145853037045,0.614217056317132,0.411621904333501,0.320713834350156,0.390150371192448
0.509614099067505,0.354345410305146,0.635361711865978,0.575402313558972,0.609875609801081,0.48253355152549,0.36981080472942,0.38647307261374
0.641489719352565,0.635361711865978,0.333816222963301,0.52405887663546,0.674496227049318,0.493011465002521,0.494750515860147,0.381353596663961
0.679145853037045,0.575402313558972,0.52405887663546,0.399590123410866,0.572728777904886,0.584581308913753,0.48276998947075,0.383984446400703
0.614217056317133,0.60987560980108,0.674496227049318,0.572728777904886,0.528895075359069,0.47062158130048,0.452284580177179,0.391435401453936
0.411621904333501,0.48253355152549,0.493011465002521,0.584581308913753,0.47062158130048,0.587604769553609,0.437265060226495,0.399951596071621
0.320713834350156,0.36981080472942,0.494750515860147,0.48276998947075,0.452284580177179,0.437265060226495,0.503072952600733,0.444541740408448
0.390150371192448,0.38647307261374,0.381353596663961,0.383984446400703,0.391435401453936,0.399951596071621,0.444541740408448,1
