"[0,1)","[1,5)","[5,15)","[15,25)","[25,45)","[45,65)","[65,75)","[75,+)"
0.214351968488797,0.619273616390709,0.737048111792628,0.758799695653911,0.689430865966281,0.566170127780884,0.544681896768426,0.523110904392341
0.619273616390709,0.39489787313575,0.705147285753345,0.645060901642955,0.675908656020398,0.600775391934365,0.518094341690277,0.524164595463894
0.737048111792628,0.705147285753345,0.379449422643505,0.574425621859109,0.733574902613441,0.587269494028108,0.61490839142467,0.523299876760643
0.758799695653912,0.645060901642955,0.574425621859109,0.365864907719686,0.648372027001362,0.668574168136532,0.600226006400715,0.515259184338845
0.689430865966281,0.675908656020398,0.73357490261344,0.648372027001362,0.620768945966184,0.581093751157556,0.56764649140683,0.531525488373563
0.566170127780884,0.600775391934364,0.587269494028108,0.668574168136532,0.581093751157556,0.675397603729632,0.562362774485721,0.53368695998956
0.544681896768426,0.518094341690277,0.61490839142467,0.600226006400715,0.56764649140683,0.562362774485721,0.606322189560945,0.557631199833232
0.523110904392341,0.524164595463894,0.523299876760643,0.515259184338845,0.531525488373563,0.53368695998956,0.557631199833232,1
