"[0,1)","[1,5)","[5,15)","[15,25)","[25,45)","[45,65)","[65,75)","[75,+)"
0.0826641556858459,0.460869761450064,0.548676595667867,0.538523026861856,0.455670073639867,0.461250272680447,0.285335916162262,0.522235507412511
0.460869761450064,0.209853333808555,0.509923642511199,0.462988232564243,0.466193899310371,0.488280580410097,0.472477029967909,0.569750129421861
0.548676595667867,0.509923642511199,0.195325089034312,0.387784093306391,0.466516269132613,0.405809644571349,0.440626849909308,0.505377604963448
0.538523026861856,0.462988232564243,0.387784093306391,0.259310303615717,0.418091047742135,0.433232206476131,0.415667098068844,0.535049791225043
0.455670073639867,0.466193899310371,0.466516269132613,0.418091047742135,0.396131336858838,0.37497095333218,0.392859152329968,0.35332016512462
0.461250272680447,0.488280580410098,0.405809644571349,0.433232206476131,0.37497095333218,0.366998503049945,0.330260657366302,0.322275571812451
0.285335916162262,0.472477029967909,0.440626849909308,0.415667098068843,0.392859152329968,0.330260657366302,0.323376038508662,0.320804244524578
0.522235507412511,0.569750129421861,0.505377604963448,0.535049791225043,0.35332016512462,0.322275571812451,0.320804244524578,0.36365932914948
