"[0,1)","[1,5)","[5,15)","[15,25)","[25,45)","[45,65)","[65,75)","[75,+)"
1.11422477801749,1.17482340952471,1.10757312980831,1.03716953369418,1.09578768925681,1.10453726194988,1.30420525575145,1.54957145056414
1.17482340952471,1.10043693242484,1.11572099472317,1.05945634735172,1.0913991126903,1.08701280685518,1.45039033022622,1.54052519835818
1.10757312980831,1.11572099472317,1.10660259241276,1.06698894942078,1.076699843738,1.06341507672377,1.35780584307858,1.50121241158695
1.03716953369418,1.05945634735172,1.06698894942078,1.04547676569157,1.01612483426895,0.979217844136681,1.21435025904174,1.36830731382259
1.09578768925681,1.0913991126903,1.076699843738,1.01612483426895,1.00802780114877,1.00023036851562,1.31835796750166,1.40436150355678
1.10453726194988,1.08701280685518,1.06341507672377,0.979217844136681,1.00023036851562,0.975664659705271,1.20988980513912,1.25142201891265
1.30420525575145,1.45039033022622,1.35780584307858,1.21435025904174,1.31835796750166,1.20988980513912,1.43116789312877,1.45309527245063
1.54957145056414,1.54052519835818,1.50121241158695,1.36830731382259,1.40436150355678,1.25142201891265,1.45309527245063,1.21460474423703
