"[0,1)","[1,5)","[5,15)","[15,25)","[25,45)","[45,65)","[65,75)","[75,+)"
0.640816022037513,0.778143979292684,0.880675362909743,0.953235961434903,0.94254153890557,0.792563827961677,1.04912149945516,0.655714767346172
0.778143979292684,0.734950905950625,0.845366200748477,0.898512989319703,0.896425293353267,0.772139986440538,0.769401978471834,0.669765794862738
0.880675362909743,0.845366200748477,0.733895096997962,0.886565808246744,0.88918571441307,0.789671025079753,0.797419979898898,0.698498559530713
0.953235961434903,0.898512989319703,0.886565808246744,0.959007503078509,0.912437358429956,0.902951696031307,0.922970889778493,0.765942614076619
0.94254153890557,0.896425293353267,0.88918571441307,0.912437358429955,0.857960351662659,0.867398929327993,1.01049891772002,1.09490906392952
0.792563827961676,0.772139986440538,0.789671025079753,0.902951696031307,0.867398929327993,0.834440185696184,0.849442542641063,0.772618638267578
1.04912149945515,0.769401978471834,0.797419979898899,0.922970889778493,1.01049891772002,0.849442542641063,0.803943883555132,0.879457268750908
0.655714767346172,0.669765794862738,0.698498559530713,0.765942614076619,1.09490906392952,0.772618638267578,0.879457268750908,0.866883909948361
