"[0,1)","[1,5)","[5,15)","[15,25)","[25,45)","[45,65)","[65,75)","[75,+)"
0.0845177274528625,0.545343415932782,0.746676289391119,0.716648600529849,0.628246939600199,0.475826008738369,0.414628211172818,0.582370921228117
0.545343415932782,0.219713802497538,0.616620562785098,0.624035975884518,0.602789397222311,0.512074601277954,0.526232602456947,0.576379774553897
0.746676289391119,0.616620562785098,0.20770299877282,0.587335148857418,0.609943071011949,0.475616965853757,0.541718183282877,0.553019699019387
0.716648600529849,0.624035975884517,0.587335148857418,0.672241735158396,0.584666197482536,0.592073625648371,0.54687598203125,0.542576991887316
0.628246939600199,0.602789397222311,0.609943071011948,0.584666197482536,0.521612088623622,0.484297600170074,0.516963056715734,0.468968388755358
0.475826008738369,0.512074601277954,0.475616965853756,0.592073625648371,0.484297600170074,0.496064121352176,0.453991704163488,0.427761613143269
0.414628211172818,0.526232602456947,0.541718183282877,0.54687598203125,0.516963056715734,0.453991704163488,0.584805634103012,0.575032068448122
0.582370921228117,0.576379774553897,0.553019699019387,0.542576991887316,0.468968388755358,0.427761613143269,0.575032068448122,0.840995698071494
