"[0,1)","[1,5)","[5,15)","[15,25)","[25,45)","[45,65)","[65,75)","[75,+)"
0.972962127832704,1.0632691311975,1.01108983845756,1.05537642277402,1.01347571842114,1.11146481443233,1.08965091708553,0.929619012187931
1.0632691311975,0.970525456513308,1.01101664541861,1.00907361525991,0.98674383644727,1.07490510382261,0.953762134529707,0.935418556160206
1.01108983845756,1.01101664541861,0.992077817663356,0.967472990876177,1.00286161105136,1.05172179061876,0.956779478490336,0.936974903587687
1.05537642277402,1.00907361525991,0.967472990876177,0.763886583736467,1.01634567902573,1.07503365820343,1.03437465006912,0.992321870874538
1.01347571842114,0.98674383644727,1.00286161105136,1.01634567902573,0.984152859338383,1.04794338566661,0.927449405259846,0.930154273026148
1.11146481443233,1.07490510382261,1.05172179061876,1.07503365820343,1.04794338566661,1.06873430543157,1.01401532940465,0.950068098864341
1.08965091708553,0.953762134529707,0.956779478490336,1.03437465006912,0.927449405259846,1.01401532940465,0.909522945327622,0.962355879466313
0.929619012187931,0.935418556160206,0.936974903587688,0.992321870874538,0.930154273026148,0.950068098864341,0.962355879466313,1
