"[0,1)","[1,5)","[5,15)","[15,25)","[25,45)","[45,65)","[65,75)","[75,+)"
0.0556128157050916,0.436980260633646,0.601258104978267,0.648538816789113,0.569872540516448,0.344665140070065,0.301228428373101,0.278075006247614
0.436980260633646,0.222394173164129,0.583663219573439,0.503848350533307,0.550617600650849,0.408932433726707,0.276421853049933,0.27922386256589
0.601258104978267,0.58366321957344,0.224291415081719,0.437743907863982,0.628593422667513,0.422170145085999,0.422207338652245,0.279749635838383
0.648538816789113,0.503848350533307,0.437743907863982,0.243724531406991,0.500866273553061,0.522653734881135,0.419594303812007,0.276612747603363
0.569872540516448,0.550617600650849,0.628593422667513,0.500866273553061,0.461278314001617,0.386590732055182,0.360829895853608,0.290429330653933
0.344665140070065,0.408932433726707,0.422170145085999,0.522653734881135,0.386590732055182,0.534089029891452,0.380417990735226,0.301364701888581
0.301228428373101,0.276421853049933,0.422207338652245,0.419594303812007,0.360829895853608,0.380417990735226,0.457688456113822,0.406014581010392
0.278075006247614,0.27922386256589,0.279749635838383,0.276612747603363,0.290429330653933,0.301364701888581,0.406014581010392,1
