"[0,1)","[1,5)","[5,15)","[15,25)","[25,45)","[45,65)","[65,75)","[75,+)"
0.705770188396592,0.92252311319477,0.95298397057297,0.95073264814626,0.925348823601402,0.92120934760446,0.917133889052767,0.909366603655809
0.92252311319477,0.870873757901174,0.944451167931935,0.890428299057029,0.918572409534628,0.919149755892655,0.906995111358836,0.909774393532845
0.95298397057297,0.944451167931935,0.888927487274238,0.85526956006702,0.93838450607337,0.914796413771705,0.925226678701448,0.906945038733679
0.95073264814626,0.890428299057029,0.85526956006702,0.644295925029166,0.899691342494124,0.915868191295607,0.922627170672979,0.906482130761507
0.925348823601402,0.918572409534628,0.93838450607337,0.899691342494124,0.902355509140687,0.885095739632499,0.890219353817576,0.898121240623345
0.921209347604461,0.919149755892655,0.914796413771705,0.915868191295607,0.8850957396325,0.925679513704632,0.911782172425792,0.891572489673949
0.917133889052767,0.906995111358836,0.925226678701448,0.922627170672978,0.890219353817576,0.911782172425792,0.934690023526052,0.935832251385479
0.909366603655809,0.909774393532845,0.906945038733679,0.906482130761507,0.898121240623345,0.891572489673949,0.935832251385479,1
