"[0,1)","[1,5)","[5,15)","[15,25)","[25,45)","[45,65)","[65,75)","[75,+)"
0.334442118951864,1.44497642111044,1.38463598808762,1.20951314980005,1.12062469337313,1.45941673122601,1.31220041465715,1.56662607420093
1.44497642111044,0.576104362037625,1.24482891497959,1.08846924319789,1.13784570079568,1.32798743788923,1.43602144204625,1.55724581427695
1.38463598808762,1.24482891497959,0.585764047719237,0.938585669314219,1.0646417627026,1.07830543405807,1.3161150063427,1.52170803906468
1.20951314980005,1.08846924319789,0.938585669314219,0.604901621449753,0.947441342442956,0.940330547278985,1.0707389064416,1.02277617732958
1.12062469337313,1.13784570079568,1.0646417627026,0.947441342442956,1.002816834048,1.03170417089155,1.32084031350459,1.37183920974885
1.45941673122601,1.32798743788923,1.07830543405807,0.940330547278985,1.03170417089155,1.01352698460425,1.15916492422381,1.1563940799086
1.31220041465715,1.43602144204625,1.3161150063427,1.0707389064416,1.32084031350459,1.15916492422381,1.06111914594191,1.0897259962409
1.56662607420093,1.55724581427695,1.52170803906468,1.02277617732958,1.37183920974885,1.1563940799086,1.0897259962409,1.00662859319757
