"[0,1)","[1,5)","[5,15)","[15,25)","[25,45)","[45,65)","[65,75)","[75,+)"
0.841114355106207,0.848426869411848,0.915898073337549,0.905930559784051,0.917372011255934,0.869011394134873,0.999119884274267,0.825184116688961
0.848426869411848,0.911872441752511,0.895166888861426,0.815415216740879,0.860533349737651,0.846310888785241,0.859017113786656,0.836678744601976
0.915898073337549,0.895166888861426,0.895553060434878,0.784133375398939,0.894595248770106,0.845694949675647,0.874256712853375,0.835676602757632
0.905930559784051,0.815415216740879,0.784133375398939,0.521782528469972,0.805533291621782,0.840796699224066,0.870047759333621,0.849094364264315
0.917372011255933,0.860533349737651,0.894595248770106,0.805533291621782,0.816615666357103,0.804956579522636,0.825890251302585,0.882007220567034
0.869011394134873,0.846310888785241,0.845694949675647,0.840796699224065,0.804956579522636,0.878978964555684,0.887664391052503,0.857245302700963
0.999119884274267,0.859017113786656,0.874256712853375,0.870047759333621,0.825890251302585,0.887664391052503,0.960601704702008,0.955474512139156
0.825184116688961,0.836678744601976,0.835676602757633,0.849094364264315,0.882007220567034,0.857245302700963,0.955474512139156,1
