"[0,1)","[1,5)","[5,15)","[15,25)","[25,45)","[45,65)","[65,75)","[75,+)"
0.321592607824114,1.42561364179674,1.37821030770202,1.26723093169982,1.10880477413295,1.48699060636106,1.55635128824482,1.421557662556
1.42561364179674,0.555759078107242,1.21866548918349,1.13916412321705,1.11906131540009,1.33905500728179,1.39258279356272,1.42725741938297
1.37821030770202,1.21866548918349,0.56546214452365,0.984654945458423,1.04566662914716,1.07217339751834,1.27069572588406,1.40579935277987
1.26723093169982,1.13916412321705,0.984654945458423,0.736549816164288,1.02586994869961,1.03267974437601,1.20308870023777,1.1214157480698
1.10880477413295,1.11906131540009,1.04566662914716,1.02586994869961,1.00962886591909,1.04613978610266,1.35790999751069,1.42634495783165
1.48699060636106,1.33905500728179,1.07217339751834,1.03267974437601,1.04613978610266,1.04135217889431,1.23591217228657,1.21732210574534
1.55635128824482,1.39258279356272,1.27069572588406,1.20308870023777,1.35790999751069,1.23591217228657,1.07290335982206,1.14533875011011
1.421557662556,1.42725741938297,1.40579935277987,1.1214157480698,1.42634495783165,1.21732210574534,1.14533875011011,0.976716885070189
