"[0,1)","[1,5)","[5,15)","[15,25)","[25,45)","[45,65)","[65,75)","[75,+)"
0.995307155187408,0.993685888684948,1.07279554349984,1.12013991613465,1.09701537291769,1.04589850205922,1.71347708724162,0.903419623583275
0.993685888684947,0.994641632736091,0.924606041581899,1.04162744813718,1.03930113206116,0.884127757439086,1.10534823523978,0.928060548096653
1.07279554349984,0.924606041581899,0.996164864392752,0.982008356381787,1.02058716067603,0.891809890979209,1.01520169391359,0.941774995319967
1.12013991613465,1.04162744813718,0.982008356381787,0.89734126719067,1.0898529380627,1.06227745930313,1.2760348890552,1.52717699064787
1.09701537291769,1.03930113206116,1.02058716067603,1.0898529380627,0.98693657300865,0.999590639966634,1.26817082397604,1.37013163645527
1.04589850205922,0.884127757439086,0.891809890979209,1.06227745930313,0.999590639966634,0.964228404939134,1.10892457159108,1.10590315211881
1.71347708724162,1.10534823523978,1.01520169391359,1.2760348890552,1.26817082397604,1.10892457159108,1.21328507567192,1.24843386830659
0.903419623583275,0.928060548096653,0.941774995319967,1.52717699064787,1.37013163645527,1.10590315211881,1.2484338683066,1.08478988937931
