"[0,1)","[1,5)","[5,15)","[15,25)","[25,45)","[45,65)","[65,75)","[75,+)"
0.6716530424789,0.620461182410005,0.724065346524662,0.704760884143393,0.715159984973578,0.505809762751661,0.411201144984174,0.507507406821562
0.620461182410005,0.737210325794908,0.726315653671335,0.665215544127891,0.688045451407685,0.577864457206727,0.49449808421324,0.502683047798111
0.724065346524662,0.726315653671335,0.729238107083282,0.68948461860446,0.719745742403813,0.626628126288927,0.555624603406479,0.493406909090879
0.704760884143393,0.665215544127891,0.68948461860446,0.684011618667756,0.616100800603584,0.627911849493627,0.525493108115044,0.498734586864765
0.715159984973578,0.688045451407685,0.719745742403813,0.616100800603584,0.587003314446512,0.544973993867051,0.501544455847899,0.437411704520735
0.505809762751661,0.577864457206727,0.626628126288927,0.627911849493627,0.544973993867051,0.560940366161415,0.470596629335746,0.434858581220114
0.411201144984174,0.494498084213239,0.555624603406479,0.525493108115044,0.501544455847899,0.470596629335746,0.521376107774122,0.506948350068159
0.507507406821562,0.502683047798111,0.493406909090879,0.498734586864765,0.437411704520735,0.434858581220114,0.506948350068158,0.802440010239406
