"[0,1)","[1,5)","[5,15)","[15,25)","[25,45)","[45,65)","[65,75)","[75,+)"
0.474670983729078,0.901179815758892,0.942433710112008,0.940149217933751,0.902358508622698,0.898542095195867,0.898750648992268,0.888586781636745
0.901179815758892,0.880687478110764,0.936645541960303,0.912173455425502,0.910493203855043,0.902209593870124,0.888689504914614,0.889125051208938
0.942433710112008,0.936645541960303,0.863191527223046,0.908342521456674,0.927820007183278,0.893893158500924,0.904473563403299,0.885688858575117
0.940149217933751,0.912173455425502,0.908342521456674,0.886660296650886,0.88393478781253,0.894463311125968,0.88749052738953,0.876950445373927
0.902358508622698,0.910493203855042,0.927820007183279,0.88393478781253,0.864414835258811,0.850453636494257,0.865495602568755,0.877994740302971
0.898542095195867,0.902209593870124,0.893893158500924,0.894463311125968,0.850453636494257,0.886153998885901,0.849931019120741,0.863956481710489
0.898750648992268,0.888689504914614,0.904473563403299,0.88749052738953,0.865495602568755,0.849931019120741,0.869054671269813,0.849600935631608
0.888586781636745,0.889125051208938,0.885688858575117,0.876950445373927,0.877994740302971,0.863956481710489,0.849600935631608,1
