"[0,1)","[1,5)","[5,15)","[15,25)","[25,45)","[45,65)","[65,75)","[75,+)"
0.721897087318891,0.936152872875316,0.972729455507261,0.962329749970547,0.928098715548106,0.948875629425872,0.946447208818756,0.939922690339025
0.936152872875316,0.89267208518285,0.95509288824738,0.901042784925913,0.928865204238372,0.939052029591865,0.937838036672464,0.940211698969723
0.972729455507261,0.95509288824738,0.905208176146842,0.848421973767571,0.927350336105113,0.908023983089737,0.933883992434226,0.938192994455633
0.962329749970547,0.901042784925913,0.848421973767571,0.644762057634951,0.867649215072835,0.892771142943005,0.917634513654013,0.936383018527603
0.928098715548106,0.928865204238372,0.927350336105113,0.867649215072835,0.873266672302594,0.878878016777193,0.915195716574047,0.939275911293392
0.948875629425872,0.939052029591865,0.908023983089737,0.892771142943005,0.878878016777193,0.903004887977159,0.92569544739952,0.934815902803171
0.946447208818756,0.937838036672465,0.933883992434226,0.917634513654013,0.915195716574047,0.92569544739952,0.952461407051947,0.952525049530333
0.939922690339025,0.940211698969723,0.938192994455633,0.936383018527603,0.939275911293393,0.934815902803172,0.952525049530334,0.98163451153704
