"[0,1)","[1,5)","[5,15)","[15,25)","[25,45)","[45,65)","[65,75)","[75,+)"
0.533765654587745,0.757833930188316,0.871920274831415,0.916206782790374,0.889288442765274,0.767966404159995,1.0669741579387,0.674668028478362
0.757833930188316,0.70177188895189,0.824522164754848,0.869938159220296,0.845732391315045,0.749660087155799,0.781962006389977,0.689131716892133
0.871920274831415,0.824522164754848,0.704299454144306,0.870038210786985,0.840562109579474,0.750444678033361,0.790982205312483,0.709305814750646
0.916206782790374,0.869938159220296,0.870038210786985,0.975133071152438,0.843682068024754,0.852791197515213,0.891292789138526,0.754577317131699
0.889288442765274,0.845732391315045,0.840562109579474,0.843682068024754,0.747183656091281,0.76662183620667,0.949330053289226,1.04802469866261
0.767966404159995,0.749660087155799,0.750444678033361,0.852791197515213,0.76662183620667,0.765269230164621,0.82025448192531,0.758737608051489
1.0669741579387,0.781962006389977,0.790982205312483,0.891292789138526,0.949330053289226,0.82025448192531,0.822099127028555,0.904962815452544
0.674668028478362,0.689131716892133,0.709305814750646,0.754577317131698,1.04802469866261,0.758737608051489,0.904962815452545,0.87855881683789
