"[0,1)","[1,5)","[5,15)","[15,25)","[25,45)","[45,65)","[65,75)","[75,+)"
0.97242585344477,1.47928566224457,1.35145955922884,1.29518964278892,1.2290593571934,1.49536581331795,1.57774269066036,1.51909313320784
1.47928566224457,1.03017487199507,1.27871801338978,1.22901475945251,1.20116385721841,1.35308657479671,1.48556583415523,1.52157313338426
1.35145955922884,1.27871801338978,1.0461482076442,1.18650023373639,1.15729019746451,1.21231307786956,1.36733851861931,1.48789791890072
1.29518964278892,1.22901475945251,1.18650023373639,1.08955053465933,1.09344856264316,1.11378436342211,1.24038080151227,1.21866329685518
1.2290593571934,1.20116385721841,1.15729019746451,1.09344856264316,1.04583405883152,1.10217061905344,1.28604912043281,1.44399183674074
1.49536581331795,1.35308657479671,1.21231307786956,1.11378436342211,1.10217061905344,1.10187953619784,1.20194170139362,1.19750432628074
1.57774269066036,1.48556583415523,1.3673385186193,1.24038080151227,1.28604912043281,1.20194170139362,1.15311764998983,1.2151672997318
1.51909313320784,1.52157313338426,1.48789791890072,1.21866329685518,1.44399183674074,1.19750432628074,1.2151672997318,1.03364056616504
