"[0,1)","[1,5)","[5,15)","[15,25)","[25,45)","[45,65)","[65,75)","[75,+)"
0.0668861344259913,0.772564144771794,0.986696017334752,1.02757404744528,0.905608588323407,0.865516348336423,1.49225788307969,0.900650012819796
0.772564144771794,0.286368657063544,0.729200557148751,0.956308377310025,0.821864382657345,0.732499875310355,0.978632935965545,0.92392040440759
0.986696017334752,0.729200557148751,0.310707043221967,0.897700787397462,0.873179063715426,0.68142403813953,0.922278586376237,0.903520384094427
1.02757404744528,0.956308377310025,0.897700787397462,1.16519072953367,1.07609179103122,0.999546650915547,1.25996442198718,1.5077014752701
0.905608588323407,0.821864382657346,0.873179063715426,1.07609179103122,0.923292194857201,0.862103618861394,1.11930612039553,1.2854078423504
0.865516348336423,0.732499875310355,0.68142403813953,0.999546650915547,0.862103618861394,0.816104937570107,0.913957644130981,0.96610120215978
1.49225788307969,0.978632935965545,0.922278586376237,1.25996442198718,1.11930612039553,0.913957644130981,1.10959333094672,1.07241723621685
0.900650012819796,0.92392040440759,0.903520384094427,1.5077014752701,1.2854078423504,0.96610120215978,1.07241723621685,1
