"[0,1)","[1,5)","[5,15)","[15,25)","[25,45)","[45,65)","[65,75)","[75,+)"
0.0510728209281757,0.422725623325849,0.618666608874371,0.659849742442667,0.609815870602054,0.327112205760328,0.363158358337863,0.217449589805936
0.422725623325849,0.211554797824058,0.579344949253481,0.501637682701386,0.563503875363431,0.385221202168164,0.236450623527106,0.22273006441372
0.618666608874371,0.579344949253481,0.212662926336291,0.439757334515251,0.648182134175817,0.403166314675003,0.396540460942072,0.228783735216142
0.659849742442667,0.501637682701386,0.439757334515251,0.241741194042727,0.528302122465849,0.524907195788322,0.421294397045177,0.242207806860818
0.609815870602054,0.563503875363431,0.648182134175817,0.528302122465849,0.496480279743915,0.399071087287236,0.385199556873443,0.312856107837992
0.327112205760328,0.385221202168164,0.403166314675003,0.524907195788322,0.399071087287236,0.524678987874424,0.373699135000022,0.271983022874663
0.363158358337863,0.236450623527106,0.396540460942072,0.421294397045177,0.385199556873443,0.373699135000022,0.450034065992957,0.409095072793585
0.217449589805936,0.22273006441372,0.228783735216142,0.242207806860818,0.312856107837992,0.271983022874663,0.409095072793585,1
