"[0,1)","[1,5)","[5,15)","[15,25)","[25,45)","[45,65)","[65,75)","[75,+)"
1.00684534361744,0.97180151924895,1.01297899551769,0.97749262067012,1.01911608337887,1.04360571515934,1.20843740007338,0.997868577610763
0.97180151924895,1.00241195582817,0.972706568777985,0.950242126604913,0.966415915608391,0.981565235016675,1.02978392503046,1.00422397118531
1.01297899551769,0.972706568777985,1.00041579999551,0.959104893612098,0.981253780055091,0.980209608212154,1.01064433766909,1.00531027616737
0.97749262067012,0.950242126604913,0.959104893612098,0.926815208896286,0.937001489364752,0.964790735506616,1.01974834155176,1.0326908061305
1.01911608337887,0.966415915608391,0.981253780055091,0.937001489364752,0.955521849181132,0.973153363933891,1.03298456305825,1.09409428094778
1.04360571515934,0.981565235016675,0.980209608212154,0.964790735506616,0.973153363933891,1.00283549744131,1.04929822174892,1.04837680956258
1.20843740007338,1.02978392503046,1.01064433766909,1.01974834155176,1.03298456305825,1.04929822174892,1.10024231476952,1.10424904669068
0.997868577610763,1.00422397118531,1.00531027616737,1.0326908061305,1.09409428094778,1.04837680956258,1.10424904669068,1
