"[0,1)","[1,5)","[5,15)","[15,25)","[25,45)","[45,65)","[65,75)","[75,+)"
0.0403945959710485,0.395466750725051,0.649215625137255,0.643035147254293,0.566193375631857,0.327294687249116,0.36503474521722,0.202662697026127
0.395466750725051,0.179566465727995,0.530130663007075,0.478940774409996,0.513379640449868,0.362785789952837,0.252579074855446,0.208332955403435
0.649215625137255,0.530130663007075,0.159105126019623,0.388023254641347,0.522884143722818,0.333705247161223,0.323038084275051,0.222504622210708
0.643035147254293,0.478940774409996,0.388023254641347,0.230043307123869,0.415044538389303,0.448725836524739,0.358866812323342,0.222057621878899
0.566193375631857,0.513379640449868,0.522884143722818,0.415044538389303,0.38547685697742,0.356089328399363,0.371834212770862,0.362971832662412
0.327294687249116,0.362785789952837,0.333705247161223,0.448725836524739,0.356089328399363,0.389844297407474,0.319012148210428,0.258356510692931
0.36503474521722,0.252579074855446,0.323038084275051,0.358866812323342,0.371834212770862,0.319012148210428,0.397556877549586,0.40799980107133
0.202662697026127,0.208332955403435,0.222504622210708,0.222057621878899,0.362971832662412,0.258356510692931,0.40799980107133,0.724873349817056
