"[0,1)","[1,5)","[5,15)","[15,25)","[25,45)","[45,65)","[65,75)","[75,+)"
0.0782763363798718,0.435375036792658,0.624450985493209,0.667188907239874,0.61097484941165,0.352594891449943,0.369976018936168,0.28631558796541
0.435375036792658,0.219630458863723,0.578652946615521,0.519633797690051,0.5693780616886,0.406160171273293,0.294166906482304,0.289577424024264
0.624450985493209,0.578652946615521,0.219506971264992,0.448795139043068,0.651808925583943,0.419779476382245,0.436367398933249,0.289744864309518
0.667188907239874,0.519633797690051,0.448795139043068,0.257783081591111,0.544005380956374,0.547892525519107,0.468913022979628,0.325158589079177
0.61097484941165,0.5693780616886,0.651808925583943,0.544005380956374,0.498613670745355,0.419066357474181,0.442442409614144,0.379050856900824
0.352594891449943,0.406160171273293,0.419779476382245,0.547892525519107,0.419066357474181,0.546336922437831,0.4202475993896,0.350111214660285
0.369976018936168,0.294166906482304,0.436367398933249,0.468913022979628,0.442442409614144,0.4202475993896,0.502746266914299,0.452115570988745
0.28631558796541,0.289577424024264,0.289744864309518,0.325158589079177,0.379050856900823,0.350111214660285,0.452115570988745,1
