"[0,1)","[1,5)","[5,15)","[15,25)","[25,45)","[45,65)","[65,75)","[75,+)"
0.246737142160428,1.07174581064433,1.12264937281381,1.04951939548206,0.951707955834627,1.13691452367329,1.06464923971896,1.04799868570157
1.07174581064433,0.549470023872271,1.00256396881361,0.930822306989685,0.958981301228739,1.04884103430489,1.02736901810713,1.04858014626979
1.12264937281381,1.00256396881361,0.546774125160673,0.814523660031805,0.917161662404544,0.898937889714718,0.979236866257921,1.03771708870601
1.04951939548206,0.930822306989685,0.814523660031805,0.570554731380658,0.843233401900589,0.881788794598073,0.920261526148278,0.816373673079221
0.951707955834627,0.958981301228739,0.917161662404544,0.843233401900589,0.864840043753366,0.918593487353004,1.06080271332045,1.09061381124858
1.13691452367329,1.04884103430489,0.898937889714718,0.881788794598073,0.918593487353004,0.938924641259975,0.974483556204529,0.949682651196267
1.06464923971896,1.02736901810713,0.979236866257922,0.920261526148277,1.06080271332045,0.974483556204529,0.863749646554181,0.889989799623183
1.04799868570157,1.04858014626979,1.03771708870601,0.81637367307922,1.09061381124858,0.949682651196267,0.889989799623183,0.918641299937984
