"[0,1)","[1,5)","[5,15)","[15,25)","[25,45)","[45,65)","[65,75)","[75,+)"
0.900733797573514,1.20791674631551,1.10851416893452,1.10305695392985,1.0615217385815,1.19053864378051,1.08126443264605,1.1018309846506
1.20791674631551,0.938335705099193,1.08405534264246,1.0350477627342,1.03781952840582,1.14973466464896,1.09343782145647,1.10108565438171
1.10851416893452,1.08405534264246,0.977728786399021,0.991186109541107,1.05381845258365,1.11248332618507,1.06869129732309,1.093544339479
1.10305695392985,1.0350477627342,0.991186109541107,0.735360035394386,1.0240240394507,1.04878577248645,1.01921506798079,0.932482256225284
1.0615217385815,1.03781952840582,1.05381845258365,1.0240240394507,1.03685170825795,1.073581562305,1.01839862570304,1.05822227789155
1.19053864378051,1.14973466464896,1.11248332618507,1.04878577248645,1.073581562305,1.05737299598813,1.00941447332828,0.969374112605231
1.08126443264605,1.09343782145647,1.06869129732309,1.01921506798079,1.01839862570304,1.00941447332828,0.913354722778315,0.948301428942432
1.1018309846506,1.10108565438171,1.093544339479,0.932482256225284,1.05822227789155,0.96937411260523,0.948301428942432,1
