"[0,1)","[1,5)","[5,15)","[15,25)","[25,45)","[45,65)","[65,75)","[75,+)"
0.440082019672213,0.695198358037411,0.829705657721592,0.891574468316419,0.870648593225834,0.68436797120012,0.896102884901811,0.556393160030286
0.695198358037412,0.698969937878775,0.801252745467029,0.83272930849341,0.829030378448027,0.693634737767059,0.673947031989118,0.576861154109389
0.829705657721591,0.801252745467029,0.697380735185966,0.826440210217963,0.831830188899912,0.720804695309391,0.713017108647225,0.615586796441505
0.891574468316419,0.83272930849341,0.826440210217963,0.890381845593394,0.803631917713212,0.807641957967016,0.804932588519984,0.654759213917114
0.870648593225833,0.829030378448027,0.831830188899912,0.803631917713212,0.745061840592416,0.739305368170735,0.851981704613425,0.90905086820825
0.68436797120012,0.693634737767059,0.720804695309391,0.807641957967016,0.739305368170735,0.728827960402712,0.731686029708407,0.667898722187612
0.896102884901811,0.673947031989118,0.713017108647225,0.804932588519984,0.851981704613425,0.731686029708407,0.724103010296208,0.783104478897978
0.556393160030286,0.576861154109389,0.615586796441505,0.654759213917114,0.909050868208249,0.667898722187612,0.783104478897978,0.838814962679395
