"[0,1)","[1,5)","[5,15)","[15,25)","[25,45)","[45,65)","[65,75)","[75,+)"
0.0537472129047986,0.400062533826945,0.625997074594013,0.600692298115439,0.520491432751408,0.332850396727543,0.290429698010787,0.26709897046354
0.400062533826945,0.192321317136244,0.522967843165632,0.460619440971883,0.487870004077017,0.37810207770759,0.277297656511819,0.26819767905577
0.625997074594013,0.522967843165632,0.172249519171044,0.380728938209166,0.505098442627501,0.350078359456481,0.331030927482815,0.267787394662634
0.600692298115439,0.460619440971883,0.380728938209166,0.227578708892444,0.399849506365444,0.441337815521791,0.338463207129406,0.267908711665988
0.520491432751408,0.487870004077017,0.505098442627501,0.399849506365444,0.375696410873147,0.343425855260459,0.314840063494041,0.278100415398844
0.332850396727543,0.37810207770759,0.350078359456481,0.441337815521791,0.343425855260459,0.389697687567914,0.311668911486536,0.26902856714866
0.290429698010787,0.277297656511819,0.331030927482815,0.338463207129406,0.314840063494041,0.311668911486536,0.398980499595224,0.389067477192857
0.26709897046354,0.26819767905577,0.267787394662634,0.267908711665988,0.278100415398844,0.26902856714866,0.389067477192857,0.737404539200809
