"[0,1)","[1,5)","[5,15)","[15,25)","[25,45)","[45,65)","[65,75)","[75,+)"
0.0711053832838699,0.816246554381019,1.0425604763308,1.00427745813911,0.818719418204897,0.855415807520802,1.50993712506,0.693047234468189
0.816246554381019,0.264385540151741,0.727642349923575,0.840422325986586,0.778619402601529,0.717791455036886,0.872605464141154,0.727589474184547
1.0425604763308,0.727642349923575,0.25936234006827,0.703350357498083,0.750202512024046,0.618211469160249,0.777139505846962,0.734495062116704
1.00427745813911,0.840422325986586,0.703350357498083,0.626632389796791,0.820399745511664,0.838068023295095,0.961841060666754,1.12249829585356
0.818719418204896,0.778619402601529,0.750202512024047,0.820399745511664,0.710131909052952,0.720502683561682,0.84096287420678,0.898701933013938
0.855415807520802,0.717791455036886,0.618211469160249,0.838068023295095,0.720502683561682,0.731584670199778,0.788812829126227,0.7897003997713
1.50993712506,0.872605464141154,0.777139505846962,0.961841060666754,0.84096287420678,0.788812829126227,0.939803083783619,0.947697147232312
0.693047234468189,0.727589474184548,0.734495062116704,1.12249829585356,0.898701933013938,0.7897003997713,0.947697147232312,0.980286527338416
