"[0,1)","[1,5)","[5,15)","[15,25)","[25,45)","[45,65)","[65,75)","[75,+)"
0.688094347356994,0.908429142409675,0.914069785686045,0.959580906698926,0.919508880086805,0.960364933671784,1.14678121132322,0.805116717166647
0.908429142409675,0.839714349262728,0.892995436439523,0.920992853663593,0.925485706577239,0.908798191540506,0.913523046900057,0.832963089048588
0.914069785686045,0.892995436439523,0.839925662676236,0.922732117120234,0.905125377646777,0.881996664251168,0.875956878361437,0.844327968442902
0.959580906698926,0.920992853663593,0.922732117120234,0.965434856527212,0.945323417514322,0.923066572506484,0.924184604765897,0.83192687849972
0.919508880086805,0.925485706577239,0.905125377646778,0.945323417514322,0.935761760919539,0.94816436203077,0.994061311414864,1.10372486127687
0.960364933671784,0.908798191540507,0.881996664251168,0.923066572506484,0.94816436203077,0.907307482236821,0.92935264366487,0.863986115905062
1.14678121132322,0.913523046900058,0.875956878361437,0.924184604765897,0.994061311414864,0.92935264366487,0.875820986892757,0.926072299618021
0.805116717166647,0.832963089048588,0.844327968442902,0.83192687849972,1.10372486127687,0.863986115905062,0.926072299618021,0.768944039287823
