"[0,1)","[1,5)","[5,15)","[15,25)","[25,45)","[45,65)","[65,75)","[75,+)"
0.0994473871096101,0.420083498527583,0.63966316824098,0.610735122092646,0.536860284549802,0.355507875265735,0.315519081139552,0.289731875009375
0.420083498527583,0.205659308886356,0.538165250036688,0.473658005682081,0.503241508448842,0.398456673073672,0.299949801522192,0.290973551878618
0.63966316824098,0.538165250036688,0.184552624319776,0.396678246892573,0.518514187613996,0.367327569275231,0.352762288469079,0.2922802808363
0.610735122092646,0.473658005682081,0.396678246892573,0.239915534747971,0.414796828824536,0.456180096255089,0.358922073985379,0.290425581011465
0.536860284549802,0.503241508448842,0.518514187613996,0.414796828824536,0.392553058335353,0.362416184470583,0.336196453733992,0.302658581385428
0.355507875265735,0.398456673073672,0.367327569275231,0.456180096255089,0.362416184470583,0.408134076375581,0.334260136631924,0.29305205220917
0.315519081139552,0.299949801522192,0.352762288469079,0.358922073985379,0.336196453733992,0.334260136631924,0.419350686492633,0.408607525910252
0.289731875009375,0.290973551878618,0.2922802808363,0.290425581011465,0.302658581385428,0.29305205220917,0.408607525910252,0.744938209960173
