"[0,1)","[1,5)","[5,15)","[15,25)","[25,45)","[45,65)","[65,75)","[75,+)"
0.560615714605468,0.76044615790616,0.867276267291354,0.8883293645137,0.875485000842865,0.767873112515086,1.1177957603408,0.681754763326178
0.76044615790616,0.796334305481605,0.829294671800636,0.83769903396106,0.831103471634611,0.752973946695362,0.808276414038261,0.708026853560029
0.867276267291354,0.829294671800636,0.80408214628253,0.853429406136296,0.835352232577483,0.761632033376818,0.799506077804454,0.722744528217843
0.8883293645137,0.83769903396106,0.853429406136296,0.905093923715222,0.781190851997189,0.815102594170483,0.867690955268309,0.783581164427445
0.875485000842865,0.831103471634611,0.835352232577483,0.781190851997189,0.701057277307288,0.722045596692003,0.892812988532294,0.982385073173909
0.767873112515086,0.752973946695362,0.761632033376818,0.815102594170483,0.722045596692003,0.74874081423922,0.823298221729438,0.777742700772309
1.1177957603408,0.808276414038261,0.799506077804454,0.867690955268309,0.892812988532294,0.823298221729438,0.846698023099149,0.9413910317797
0.681754763326178,0.708026853560029,0.722744528217843,0.783581164427445,0.982385073173909,0.777742700772309,0.9413910317797,0.887999666227907
