"[0,1)","[1,5)","[5,15)","[15,25)","[25,45)","[45,65)","[65,75)","[75,+)"
0.651102087501636,1.21297548353747,1.16679706990626,1.11904883340106,1.0828084394638,1.26021217196394,1.51015186602829,1.18852173648269
1.21297548353747,1.0232742243171,1.08579563321928,1.07861510048695,1.03858881326379,1.1537032405778,1.2348826966592,1.20117278363267
1.16679706990626,1.08579563321928,1.04044941133876,1.06554143837854,1.04920017967864,1.09213754282208,1.14098837288126,1.18565905454614
1.11904883340106,1.07861510048695,1.06554143837854,0.981620023246895,1.00205844268524,1.03020259054484,1.116359129913,1.10457693259457
1.0828084394638,1.03858881326379,1.04920017967864,1.00205844268524,0.995882940416439,1.00373247734644,1.03500119143683,1.10859231620041
1.26021217196394,1.1537032405778,1.09213754282208,1.03020259054484,1.00373247734644,1.00708949260202,1.03396537118506,1.06305644026187
1.51015186602829,1.2348826966592,1.14098837288126,1.116359129913,1.03500119143683,1.03396537118506,1.01271327038811,1.03230289245541
1.18852173648269,1.20117278363267,1.18565905454614,1.10457693259457,1.10859231620041,1.06305644026187,1.03230289245541,1
