"[0,1)","[1,5)","[5,15)","[15,25)","[25,45)","[45,65)","[65,75)","[75,+)"
0.79724194484561,0.995178335139626,1.11943127038606,1.16632179145551,1.09561435658718,1.05154077943839,1.69646154822676,0.891915742640082
0.995178335139625,0.905743565483213,1.00485690254954,1.09071316729003,1.01204110723264,0.958830147083838,1.02310934105597,0.915077519440027
1.11943127038606,1.00485690254954,0.933831008804329,1.08977403501229,1.02736039182584,0.972196895091371,0.977188050235288,0.92394017698084
1.16632179145551,1.09071316729003,1.08977403501229,1.12611592192545,1.11275501016496,1.08989319525836,1.2721857496957,1.30300322519028
1.09561435658718,1.01204110723264,1.02736039182584,1.11275501016496,1.05662909847203,0.995891163238787,1.1380739604287,1.1753983064037
1.05154077943839,0.958830147083838,0.972196895091371,1.08989319525836,0.995891163238787,0.96151987866797,1.05264348290893,1.01519801617041
1.69646154822676,1.02310934105597,0.977188050235288,1.2721857496957,1.1380739604287,1.05264348290893,1.07221143130085,1.12993136932324
0.891915742640082,0.915077519440027,0.92394017698084,1.30300322519028,1.17539830640371,1.01519801617041,1.12993136932324,1
