"[0,1)","[1,5)","[5,15)","[15,25)","[25,45)","[45,65)","[65,75)","[75,+)"
0.232103029961212,0.620647892324448,0.813723776607778,0.814164179060436,0.71712397831084,0.599995507520835,0.895491962515426,0.53876551952355
0.620647892324448,0.359647769813311,0.669309822384328,0.655638953056701,0.677029990855738,0.562695477091023,0.617912468988994,0.551222904426409
0.813723776607778,0.669309822384328,0.320099008467581,0.551167053794065,0.667312860030121,0.511691038349656,0.604684170591561,0.557605735760074
0.814164179060436,0.655638953056701,0.551167053794065,0.367877760355955,0.618063999274832,0.630253258316118,0.660886236637422,0.574151771432801
0.71712397831084,0.677029990855738,0.667312860030121,0.618063999274832,0.624699596748685,0.595529041817124,0.702953687201126,0.750330277917942
0.599995507520835,0.562695477091023,0.511691038349656,0.630253258316118,0.595529041817123,0.583773814689891,0.608202714410997,0.55342060905719
0.895491962515426,0.617912468988994,0.604684170591561,0.660886236637422,0.702953687201126,0.608202714410997,0.690699550343233,0.746676763237678
0.53876551952355,0.55122290442641,0.557605735760074,0.574151771432801,0.750330277917943,0.55342060905719,0.746676763237678,0.840717900153653
