"[0,1)","[1,5)","[5,15)","[15,25)","[25,45)","[45,65)","[65,75)","[75,+)"
0.264393293346269,1.19156174360893,1.2072037657968,1.05862484989098,0.993145710271428,1.17255167471068,1.05056321978297,1.23849659994451
1.19156174360893,0.473876877054789,1.06186475810634,0.959697940546123,0.98647158720633,1.08379732352811,1.13566881404802,1.22717334649963
1.2072037657968,1.06186475810634,0.477552075927127,0.874140585443477,0.942158256873363,0.896555667301362,1.08753513126288,1.18549362260221
1.05862484989098,0.959697940546123,0.874140585443477,0.759141611123039,0.841593099011952,0.825417286294132,0.90070292378513,0.817805128031556
0.993145710271428,0.98647158720633,0.942158256873363,0.841593099011952,0.862293016660462,0.85865575009927,1.11406009073862,1.09060195932853
1.17255167471068,1.08379732352811,0.896555667301362,0.825417286294132,0.85865575009927,0.837700323784521,0.9311577889147,0.902625775052684
1.05056321978297,1.13566881404803,1.08753513126288,0.90070292378513,1.11406009073862,0.9311577889147,0.842133957062039,0.875081508750713
1.23849659994451,1.22717334649963,1.18549362260221,0.817805128031556,1.09060195932853,0.902625775052684,0.875081508750713,0.914487449115371
