"[0,1)","[1,5)","[5,15)","[15,25)","[25,45)","[45,65)","[65,75)","[75,+)"
0.955788599748113,0.621949768025118,0.686203051259538,0.752310623661713,0.76767059859215,0.495356393994228,0.505245484016015,0.560883257443045
0.621949768025118,0.862372563853635,0.762200032066666,0.759393381731384,0.760127607376752,0.579749249613575,0.573219673916941,0.558866948796866
0.686203051259538,0.762200032066666,0.856187911561727,0.790753282988574,0.796553133427877,0.627229725462087,0.634139259400262,0.553730122802991
0.752310623661713,0.759393381731384,0.790753282988574,0.906247022265516,0.742482563613255,0.705441002300248,0.699602716661328,0.676678108358715
0.76767059859215,0.760127607376752,0.796553133427877,0.742482563613255,0.641796328301137,0.569357690831943,0.710386583971327,0.645001178833968
0.495356393994228,0.579749249613574,0.627229725462087,0.705441002300248,0.569357690831943,0.641464305286258,0.590787959244824,0.59451625390797
0.505245484016015,0.573219673916941,0.634139259400262,0.699602716661328,0.710386583971327,0.590787959244824,0.656877265836858,0.620297603821842
0.560883257443045,0.558866948796866,0.553730122802991,0.676678108358715,0.645001178833968,0.59451625390797,0.620297603821842,1
