"[0,1)","[1,5)","[5,15)","[15,25)","[25,45)","[45,65)","[65,75)","[75,+)"
0.0515949092560615,0.403084515769357,0.60803212295027,0.666615888436224,0.606002777858956,0.313433803803174,0.335717437376791,0.199149545076879
0.403084515769357,0.207499540477794,0.577160619190584,0.494216939823109,0.549279368966359,0.367646404082341,0.219942286664788,0.208174699182013
0.60803212295027,0.577160619190584,0.209975267082001,0.431064562523285,0.640319912328208,0.390930079790945,0.372862440016143,0.215892106921292
0.666615888436224,0.494216939823109,0.431064562523285,0.231588303458769,0.503351402046098,0.506080950641805,0.391030943218791,0.222474805179096
0.606002777858956,0.549279368966359,0.640319912328208,0.503351402046098,0.469368255974746,0.362167106363938,0.32354861854378,0.288084487201392
0.313433803803174,0.367646404082341,0.390930079790944,0.506080950641805,0.362167106363938,0.50633743367643,0.359577558248773,0.247853203756684
0.335717437376791,0.219942286664788,0.372862440016143,0.39103094321879,0.32354861854378,0.359577558248773,0.441333834630403,0.403253895056967
0.199149545076879,0.208174699182013,0.215892106921292,0.222474805179097,0.288084487201392,0.247853203756684,0.403253895056967,1
