"[0,1)","[1,5)","[5,15)","[15,25)","[25,45)","[45,65)","[65,75)","[75,+)"
0.716890554214632,0.648189491276205,0.817216324001195,0.882707809062428,0.843183978573136,0.612834861680261,1.02156625725552,0.603865072430566
0.648189491276205,0.728725747034453,0.738137110291235,0.788180001415957,0.771546743499579,0.591992068936617,0.687799695648703,0.631469053860282
0.817216324001195,0.738137110291235,0.708596482934252,0.742029222117835,0.818647878044258,0.619089485136909,0.705894774799793,0.617812579754416
0.882707809062428,0.788180001415957,0.742029222117835,0.632333703030939,0.866697380827749,0.81862212024258,0.938676459657197,1.01624766292931
0.843183978573136,0.771546743499579,0.818647878044258,0.866697380827749,0.768510498143816,0.680323115117117,0.789449060358661,0.842163954359931
0.612834861680261,0.591992068936617,0.619089485136908,0.81862212024258,0.680323115117117,0.716943030557849,0.742014999243769,0.682766559784291
1.02156625725552,0.687799695648703,0.705894774799793,0.938676459657197,0.789449060358661,0.742014999243769,0.913601296218115,0.900570877205849
0.603865072430566,0.631469053860282,0.617812579754416,1.01624766292931,0.842163954359931,0.682766559784291,0.900570877205849,1
