"[0,1)","[1,5)","[5,15)","[15,25)","[25,45)","[45,65)","[65,75)","[75,+)"
0.581819209398428,0.692817633835,0.670199259998526,0.712134056552252,0.70940770622406,0.661494927141711,0.666374143100081,0.612602696940184
0.692817633835,0.661884817879265,0.694414916152394,0.707358269954147,0.698108342610858,0.683018306589801,0.686930075523263,0.656927390724079
0.670199259998526,0.694414916152394,0.64179529150142,0.702255954797239,0.708952514092858,0.657695221449711,0.636593424602166,0.630976434477243
0.712134056552251,0.707358269954147,0.702255954797239,0.769362770829267,0.689774007136564,0.66252786314227,0.659384452950923,0.622783079441845
0.70940770622406,0.698108342610858,0.708952514092858,0.689774007136564,0.667295389935984,0.654022976645063,0.687552995774706,0.679938123732263
0.661494927141711,0.683018306589801,0.657695221449711,0.66252786314227,0.654022976645063,0.60048701810068,0.529734306396629,0.602399772853358
0.666374143100081,0.686930075523263,0.636593424602166,0.659384452950923,0.687552995774706,0.529734306396629,0.474683269817589,0.424710875692254
0.612602696940184,0.656927390724079,0.630976434477243,0.622783079441845,0.679938123732263,0.602399772853358,0.424710875692254,0.520870654532673
