"[0,1)","[1,5)","[5,15)","[15,25)","[25,45)","[45,65)","[65,75)","[75,+)"
0.901195991229025,0.721093719429247,0.81496810681644,0.823992046385183,0.855617397610114,0.665483951176897,0.943282366893794,0.571608553024775
0.721093719429247,0.802145426374051,0.789590451085614,0.775371142269668,0.781571585280713,0.668383956181749,0.684276641003743,0.584883361409127
0.81496810681644,0.789590451085614,0.808598267181766,0.806244288299361,0.792939024827932,0.700294403582896,0.708350958485038,0.600013024505923
0.823992046385184,0.775371142269668,0.806244288299361,0.850999069295314,0.714187134042655,0.742749969642051,0.764876500272005,0.65783242780153
0.855617397610114,0.781571585280713,0.792939024827932,0.714187134042655,0.629020537841973,0.639851154242243,0.793027697076381,0.865734708459156
0.665483951176897,0.668383956181749,0.700294403582896,0.742749969642051,0.639851154242243,0.668640984213658,0.719193151037374,0.659223580167049
0.943282366893794,0.684276641003743,0.708350958485038,0.764876500272005,0.793027697076381,0.719193151037374,0.753645445815264,0.828196324873226
0.571608553024775,0.584883361409127,0.600013024505923,0.65783242780153,0.865734708459156,0.659223580167049,0.828196324873226,0.85387206876163
