"[0,1)","[1,5)","[5,15)","[15,25)","[25,45)","[45,65)","[65,75)","[75,+)"
0.064674399342632,0.470959208450353,0.62821693555409,0.671918820089904,0.591779618942988,0.38837930954374,0.349736338233628,0.325321475942398
0.470959208450353,0.240854110380556,0.605943135620992,0.533259326933818,0.575864942919425,0.44660215525525,0.322897687583872,0.326532924023424
0.62821693555409,0.605943135620992,0.243502901652299,0.464134026556078,0.649769476332449,0.454292942973039,0.460576584933324,0.327571791645469
0.671918820089904,0.533259326933818,0.464134026556078,0.269072366392961,0.53341950918704,0.554002719796143,0.456399805273045,0.323436057724096
0.591779618942988,0.575864942919425,0.649769476332449,0.53341950918704,0.497163539722242,0.430448887240596,0.404705187662125,0.338901268027482
0.38837930954374,0.44660215525525,0.454292942973038,0.554002719796143,0.430448887240596,0.565003548447018,0.419549411028448,0.3495694361214
0.349736338233628,0.322897687583872,0.460576584933324,0.456399805273045,0.404705187662125,0.419549411028448,0.488363267953497,0.436574861139979
0.325321475942398,0.326532924023424,0.327571791645469,0.323436057724095,0.338901268027482,0.3495694361214,0.436574861139979,1
