"[0,1)","[1,5)","[5,15)","[15,25)","[25,45)","[45,65)","[65,75)","[75,+)"
0.763507401441654,0.843892776059024,0.890710133688499,0.900668023839819,0.882833993371271,0.815820232813651,0.808473505711375,0.796342008043809
0.843892776059024,0.831721412543741,0.893073442590724,0.855459926500789,0.858871424332127,0.828884783198336,0.798982842700315,0.797411118260323
0.890710133688499,0.893073442590724,0.821802742576745,0.856347136712792,0.886691210772683,0.831213981813866,0.827455220956201,0.79185206373554
0.900668023839819,0.855459926500789,0.856347136712792,0.835344648755836,0.817653547043775,0.832253422445605,0.807591905792468,0.781594373777074
0.882833993371271,0.858871424332127,0.886691210772683,0.817653547043775,0.792990727927224,0.763021796818939,0.766041958370661,0.776755687085408
0.815820232813651,0.828884783198335,0.831213981813866,0.832253422445605,0.763021796818939,0.824873731991766,0.773777294026428,0.765179920454697
0.808473505711375,0.798982842700315,0.827455220956201,0.807591905792468,0.766041958370661,0.773777294026428,0.806786662945549,0.785701867248555
0.796342008043809,0.797411118260323,0.79185206373554,0.781594373777074,0.776755687085408,0.765179920454697,0.785701867248555,1
