"[0,1)","[1,5)","[5,15)","[15,25)","[25,45)","[45,65)","[65,75)","[75,+)"
0.846941495459651,0.73625407525492,0.808462221716368,0.795518352658762,0.810237715318656,0.657527372440983,0.613987962431886,0.639029405873668
0.73625407525492,0.79107941005017,0.803217769587767,0.765138736897555,0.781861692536093,0.702530386917138,0.644381256039234,0.637823638139965
0.808462221716368,0.803217769587767,0.792697800509595,0.781970487951791,0.802939427377779,0.735472894138208,0.68761145865792,0.6354483388076
0.795518352658762,0.765138736897555,0.781970487951791,0.784084089677775,0.735572088900931,0.743850458646085,0.677665984531684,0.638006959805125
0.810237715318656,0.781861692536093,0.802939427377779,0.735572088900931,0.715085235190417,0.687948688972988,0.660252991076559,0.624838349035541
0.657527372440983,0.702530386917138,0.735472894138208,0.743850458646085,0.687948688972988,0.703408704263462,0.648848828954043,0.624275343476236
0.613987962431886,0.644381256039233,0.68761145865792,0.677665984531685,0.660252991076559,0.648848828954043,0.685322046520535,0.675927059207916
0.639029405873668,0.637823638139965,0.6354483388076,0.638006959805125,0.624838349035542,0.624275343476236,0.675927059207916,0.867491510089828
