"[0,1)","[1,5)","[5,15)","[15,25)","[25,45)","[45,65)","[65,75)","[75,+)"
0.756762736509039,0.867964917678354,0.912277273664495,0.916200263861665,0.896458775076953,0.849493682490404,0.834539106875721,0.830723927522799
0.867964917678354,0.847588052146435,0.917478705816876,0.854950825455322,0.890454383997567,0.861821402199813,0.829576075599058,0.830925976101977
0.912277273664495,0.917478705816876,0.864597733880716,0.824181194215408,0.912780148090664,0.870302458121281,0.867935306547933,0.831657829039171
0.916200263861665,0.854950825455322,0.824181194215408,0.618599731172072,0.862153220176878,0.875858974195099,0.864062702869198,0.830396115946759
0.896458775076953,0.890454383997567,0.912780148090664,0.862153220176878,0.863087118687631,0.836136995591618,0.832770995248625,0.824258523549088
0.849493682490404,0.861821402199813,0.870302458121281,0.875858974195099,0.836136995591618,0.88710956707262,0.858423124597462,0.823557203121859
0.834539106875721,0.829576075599058,0.867935306547932,0.864062702869198,0.832770995248625,0.858423124597462,0.88612526851047,0.881034090852811
0.830723927522799,0.830925976101977,0.83165782903917,0.830396115946759,0.824258523549088,0.823557203121859,0.881034090852811,1
