"[0,1)","[1,5)","[5,15)","[15,25)","[25,45)","[45,65)","[65,75)","[75,+)"
0.363542964589425,0.780012241185457,0.870718485869811,0.853690599378196,0.808424251373314,0.767078492819393,0.754386205303687,0.739443512140938
0.780012241185458,0.831520067477645,0.860533118800871,0.793378899141202,0.832744957227191,0.788022201187902,0.749152958910046,0.74000133078447
0.870718485869811,0.860533118800871,0.836542702482932,0.750835337627042,0.842353143934178,0.790506210153873,0.775501951409275,0.74115274440903
0.853690599378196,0.793378899141202,0.750835337627042,0.549985693405336,0.766032744553928,0.787160739020393,0.761940426473474,0.740874694272916
0.808424251373314,0.832744957227191,0.842353143934178,0.766032744553928,0.774792798065679,0.764109804383682,0.760029246912241,0.75410076855703
0.767078492819393,0.788022201187902,0.790506210153873,0.787160739020393,0.764109804383682,0.785694966326806,0.764870426241404,0.754260946373656
0.754386205303687,0.749152958910046,0.775501951409275,0.761940426473474,0.760029246912241,0.764870426241404,0.799266815109103,0.793339584998059
0.739443512140938,0.74000133078447,0.74115274440903,0.740874694272916,0.754100768557029,0.754260946373656,0.793339584998059,0.913831856932569
