"[0,1)","[1,5)","[5,15)","[15,25)","[25,45)","[45,65)","[65,75)","[75,+)"
0.765717843215502,0.736512505453785,0.824108181674313,0.850140299344668,0.850621978373941,0.748781360045215,0.76450917573035,0.637285403838706
0.736512505453785,0.83990066713966,0.82265716420988,0.801985724502614,0.818513130952209,0.753556264277504,0.660167455196572,0.642289642524533
0.824108181674313,0.82265716420988,0.813045830928672,0.803949627329349,0.850659748199911,0.772738674652413,0.730533750882463,0.650325050845981
0.850140299344668,0.801985724502614,0.803949627329349,0.788807044413382,0.790135661800388,0.818954717826857,0.764326045495843,0.685887329812027
0.850621978373941,0.818513130952209,0.850659748199911,0.790135661800388,0.771079567119739,0.761461990614974,0.709403031229827,0.695623405950496
0.748781360045215,0.753556264277504,0.772738674652413,0.818954717826857,0.761461990614974,0.840405106496136,0.773477628494969,0.725011888175256
0.76450917573035,0.660167455196572,0.730533750882463,0.764326045495843,0.709403031229827,0.773477628494969,0.814648870850375,0.787708268268072
0.637285403838706,0.642289642524534,0.650325050845981,0.685887329812027,0.695623405950496,0.725011888175256,0.787708268268072,1
