"[0,1)","[1,5)","[5,15)","[15,25)","[25,45)","[45,65)","[65,75)","[75,+)"
0.580369907773087,0.58513768632724,0.706932940998935,0.688499526081302,0.700245338716225,0.47505904498788,0.439171672304771,0.418032599745015
0.58513768632724,0.753513039071256,0.714145399454605,0.653219548462012,0.682721442994988,0.546300134986964,0.452762001787679,0.419091538940715
0.706932940998935,0.714145399454605,0.745242837620831,0.685281625928471,0.714714085217949,0.6104811188087,0.527866517723143,0.424835820955568
0.688499526081302,0.653219548462012,0.685281625928471,0.686651859566207,0.608658964820828,0.61935458938265,0.521625969774685,0.42516043714113
0.700245338716225,0.682721442994988,0.714714085217949,0.608658964820828,0.580061459215881,0.539802107951727,0.494387278083981,0.450187322691893
0.47505904498788,0.546300134986963,0.610481118808699,0.619354589382649,0.539802107951727,0.56792190433178,0.493596502777296,0.455457561562632
0.439171672304771,0.452762001787679,0.527866517723143,0.521625969774685,0.494387278083981,0.493596502777296,0.550732852242744,0.532434065712565
0.418032599745015,0.419091538940715,0.424835820955568,0.425160437141131,0.450187322691893,0.455457561562632,0.532434065712565,0.806038910195184
