"[0,1)","[1,5)","[5,15)","[15,25)","[25,45)","[45,65)","[65,75)","[75,+)"
0.102601034118151,0.410305051959447,0.631445728922418,0.602437168485293,0.530159183485147,0.34305244781917,0.302275977511415,0.278015104929664
0.410305051959447,0.195891951895389,0.527854212095608,0.464652285959551,0.495351436686214,0.387068045843726,0.287747256866083,0.27918328748346
0.631445728922418,0.527854212095608,0.175904255195733,0.388258843385224,0.511985209291679,0.358856986485575,0.339654875467394,0.278643340270317
0.602437168485293,0.464652285959551,0.388258843385224,0.234479996431039,0.411874565946693,0.451742998913537,0.349418597303545,0.279284790897434
0.530159183485147,0.495351436686214,0.511985209291679,0.411874565946693,0.391601468313176,0.359853700633954,0.327722544818368,0.289712935685767
0.34305244781917,0.387068045843726,0.358856986485575,0.451742998913537,0.359853700633954,0.403092384864082,0.323124724728147,0.280452978751205
0.302275977511415,0.287747256866083,0.339654875467394,0.349418597303545,0.327722544818368,0.323124724728147,0.406398716434396,0.396058364299175
0.278015104929664,0.27918328748346,0.278643340270317,0.279284790897434,0.289712935685767,0.280452978751205,0.396058364299176,0.740215169530775
