"[0,1)","[1,5)","[5,15)","[15,25)","[25,45)","[45,65)","[65,75)","[75,+)"
0.803773683301246,0.81783811010836,0.877700168571844,0.866290950021822,0.864351358621542,0.776646715547046,0.769818763615229,0.7526378688227
0.81783811010836,0.821675879084591,0.865120232763242,0.835965088251302,0.842750694843981,0.796786131787398,0.763619159641979,0.753435001442942
0.877700168571844,0.865120232763242,0.82929937463342,0.84327919246498,0.856199196103653,0.806361399966947,0.787140779624471,0.753001523404792
0.866290950021822,0.835965088251302,0.84327919246498,0.834624956208889,0.797476323197126,0.809108361278024,0.771643447796598,0.748297746470858
0.864351358621542,0.84275069484398,0.856199196103653,0.797476323197125,0.776291593104975,0.759795979470485,0.763817348324916,0.746302610304559
0.776646715547046,0.796786131787397,0.806361399966947,0.809108361278024,0.759795979470485,0.770632538188488,0.744934090080009,0.722374056140217
0.769818763615229,0.763619159641979,0.787140779624471,0.771643447796598,0.763817348324916,0.744934090080009,0.766762659878451,0.775220858633989
0.7526378688227,0.753435001442942,0.753001523404792,0.748297746470858,0.746302610304559,0.722374056140217,0.775220858633989,0.894985699921748
