"[0,1)","[1,5)","[5,15)","[15,25)","[25,45)","[45,65)","[65,75)","[75,+)"
0.727400704348729,0.916822677547883,0.982567255592225,1.07192505119875,1.05390727779866,1.0112540472476,1.34789591238109,0.850707742071266
0.916822677547883,0.794499389324284,0.929413792972027,0.968013284305715,0.999259364073169,0.920691437256029,0.976988629715945,0.865831578000412
0.982567255592225,0.929413792972027,0.789321049010197,0.886892810963214,0.974062943302061,0.892817881930382,0.954477200680738,0.889640996305117
1.07192505119875,0.968013284305715,0.886892810963214,0.747367995435544,1.01812417166505,1.01343428461656,1.12801836905983,0.992125157479606
1.05390727779866,0.99925936407317,0.974062943302061,1.01812417166505,0.999725946777408,1.03303082488751,1.25497893939369,1.42432268276811
1.0112540472476,0.920691437256029,0.892817881930382,1.01343428461656,1.03303082488751,0.995051977331407,1.0809204073257,1.02897422922973
1.34789591238109,0.976988629715945,0.954477200680738,1.12801836905983,1.25497893939369,1.0809204073257,1.01577481743788,1.10789140846911
0.850707742071266,0.865831578000412,0.889640996305117,0.992125157479606,1.42432268276811,1.02897422922973,1.10789140846911,0.953149274280283
