"[0,1)","[1,5)","[5,15)","[15,25)","[25,45)","[45,65)","[65,75)","[75,+)"
0.0827507540558986,0.460457256167745,0.548670734933176,0.539241864121075,0.45503644201329,0.461352282580252,0.287159812486636,0.52353978088226
0.460457256167745,0.208253821320298,0.508721334945821,0.463280076304017,0.466557503993627,0.489889607329435,0.475095476122243,0.57147611760039
0.548670734933176,0.508721334945821,0.193825594338567,0.388212173558013,0.46660787496534,0.408789063316293,0.440719243953857,0.50856040077953
0.539241864121075,0.463280076304017,0.388212173558013,0.260857128927533,0.423273116118011,0.438232917716869,0.417381707349447,0.538086470063629
0.45503644201329,0.466557503993627,0.46660787496534,0.423273116118011,0.404137746915378,0.382457951625471,0.3966103897274,0.353425377603176
0.461352282580252,0.489889607329435,0.408789063316293,0.43823291771687,0.382457951625471,0.37232896182279,0.331926130025163,0.321618203664792
0.287159812486636,0.475095476122243,0.440719243953857,0.417381707349447,0.3966103897274,0.331926130025163,0.322743586860717,0.320978373727383
0.52353978088226,0.57147611760039,0.50856040077953,0.538086470063629,0.353425377603176,0.321618203664792,0.320978373727383,0.36403771203208
