"[0,1)","[1,5)","[5,15)","[15,25)","[25,45)","[45,65)","[65,75)","[75,+)"
0.736262308137129,0.952483155613086,0.9762263571098,0.970629981208313,0.945104486019439,0.958273497339934,0.956018380018195,0.950162364871998
0.952483155613086,0.890664435221343,0.964131991365199,0.914330576960467,0.938773734708141,0.950428128347614,0.946821311053002,0.950452936173474
0.9762263571098,0.964131991365199,0.913416616249797,0.879342391076396,0.955929598420667,0.943324904526469,0.956752020550242,0.946704656738355
0.970629981208313,0.914330576960467,0.879342391076396,0.667091583764133,0.924675396413941,0.940901912216982,0.955807901323368,0.947361419709894
0.945104486019439,0.938773734708142,0.955929598420666,0.924675396413941,0.929886954780574,0.916757938807203,0.925895818256783,0.938067818558013
0.958273497339934,0.950428128347614,0.943324904526469,0.940901912216982,0.916757938807203,0.950416658478942,0.944614600888674,0.929636706996716
0.956018380018195,0.946821311053002,0.956752020550242,0.955807901323368,0.925895818256783,0.944614600888674,0.963429786312546,0.968376226883143
0.950162364871998,0.950452936173474,0.946704656738355,0.947361419709894,0.938067818558013,0.929636706996716,0.968376226883143,1
