"[0,1)","[1,5)","[5,15)","[15,25)","[25,45)","[45,65)","[65,75)","[75,+)"
0.0544736846543448,0.382265598544129,0.613226494070456,0.584090174488842,0.511682322227948,0.309131565366845,0.263438837134379,0.240106168143983
0.382265598544129,0.180462193121778,0.511132800873315,0.439942561124745,0.471824315095012,0.356950150953855,0.252263691446675,0.241265414599845
0.613226494070456,0.511132800873315,0.160887367848352,0.365826983714337,0.491819926020717,0.329315107306223,0.310437325484339,0.241669840959071
0.584090174488842,0.439942561124745,0.365826983714337,0.211144080247026,0.370654217595948,0.415136131159502,0.315440265529636,0.240579647178442
0.511682322227948,0.471824315095012,0.491819926020717,0.370654217595948,0.340625359580058,0.307489698578847,0.285179221924048,0.252892978156538
0.309131565366845,0.356950150953855,0.329315107306223,0.415136131159502,0.307489698578847,0.360210067244775,0.286479267583059,0.245164714047097
0.263438837134379,0.252263691446675,0.310437325484339,0.315440265529636,0.285179221924048,0.286479267583059,0.382273100882853,0.36918035694522
0.240106168143983,0.241265414599845,0.241669840959071,0.240579647178442,0.252892978156538,0.245164714047097,0.36918035694522,0.730712712000817
