"[0,1)","[1,5)","[5,15)","[15,25)","[25,45)","[45,65)","[65,75)","[75,+)"
0.0843122276384693,0.57377508223383,0.761853234127074,0.737185120009743,0.641360721266663,0.572919005171674,0.544020369800036,0.525250526500871
0.57377508223383,0.259354288225812,0.646954618060677,0.602957221724839,0.619809545264547,0.579187020058552,0.522020195586649,0.526183076237491
0.761853234127074,0.646954618060677,0.256812916197637,0.512483716416597,0.621819141649858,0.508233160210689,0.541314732563904,0.523700009482839
0.737185120009743,0.602957221724839,0.512483716416597,0.356240228277823,0.549064347411305,0.592160970363769,0.558184109668698,0.524761473880453
0.641360721266663,0.619809545264547,0.621819141649858,0.549064347411305,0.526221538450788,0.516636555212614,0.53017603625966,0.537995989967867
0.572919005171674,0.579187020058552,0.508233160210689,0.592160970363769,0.516636555212614,0.569395660418609,0.549424686060124,0.53880565995887
0.544020369800036,0.522020195586649,0.541314732563904,0.558184109668698,0.53017603625966,0.549424686060124,0.630262984971909,0.617854599079082
0.525250526500871,0.526183076237491,0.523700009482839,0.524761473880453,0.537995989967867,0.53880565995887,0.617854599079082,0.842262502682752
