"[0,1)","[1,5)","[5,15)","[15,25)","[25,45)","[45,65)","[65,75)","[75,+)"
0.0744935761823694,0.42596517949734,0.591349454335342,0.637263810716537,0.566328281317709,0.330352902962957,0.286291838971256,0.262399714148088
0.42596517949734,0.221910450551478,0.576205310117497,0.493415281514593,0.543863589654738,0.396905884119538,0.261280822356767,0.263654073444271
0.591349454335342,0.576205310117497,0.221299429878486,0.430403176440913,0.623249150724542,0.411581176658347,0.40874233298579,0.264350109405411
0.637263810716537,0.493415281514593,0.430403176440913,0.236017900374155,0.492595608739394,0.514266486848569,0.403931412283507,0.261117578781057
0.566328281317709,0.543863589654738,0.623249150724541,0.492595608739394,0.45170345523506,0.376034683526143,0.346946027727902,0.277093596646049
0.330352902962957,0.396905884119538,0.411581176658347,0.514266486848569,0.376034683526143,0.52520323982405,0.368823591578135,0.28855569254335
0.286291838971256,0.261280822356767,0.40874233298579,0.403931412283507,0.346946027727902,0.368823591578135,0.446947668325483,0.394351338443175
0.262399714148088,0.263654073444271,0.264350109405411,0.261117578781057,0.277093596646049,0.28855569254335,0.394351338443175,1
