"[0,1)","[1,5)","[5,15)","[15,25)","[25,45)","[45,65)","[65,75)","[75,+)"
0.641628920406323,0.884993141703161,0.925935816385177,0.929161027877213,0.901855557334172,0.877756856591966,0.868504472582422,0.861480853668278
0.884993141703161,0.845396918694423,0.921880149680139,0.863574359024587,0.894244385732378,0.881297131639687,0.859225283598205,0.862099822813208
0.925935816385177,0.921880149680139,0.867757770959093,0.82988517116251,0.918293252985741,0.883101397216902,0.884828451749208,0.857530974183946
0.929161027877213,0.863574359024587,0.82988517116251,0.619925106787049,0.86940331893752,0.884529026088413,0.879383615506629,0.857890710473797
0.901855557334172,0.894244385732378,0.918293252985741,0.86940331893752,0.868346951518166,0.843325960487456,0.835005200279884,0.845387777825597
0.877756856591966,0.881297131639687,0.883101397216902,0.884529026088414,0.843325960487456,0.894901271891908,0.870333137245147,0.84200928133653
0.868504472582422,0.859225283598205,0.884828451749208,0.879383615506629,0.835005200279884,0.870333137245147,0.899441059364687,0.89860472012793
0.861480853668278,0.862099822813208,0.857530974183946,0.857890710473796,0.845387777825597,0.84200928133653,0.89860472012793,1
