"[0,1)","[1,5)","[5,15)","[15,25)","[25,45)","[45,65)","[65,75)","[75,+)"
0.840524746755351,0.926659145844882,0.96023068141496,0.951360509393793,0.934939224788658,0.922341310998782,0.925169195153991,0.91442235231423
0.926659145844882,0.870631006487431,0.940301218430936,0.921656236962462,0.917227387206008,0.917035637897338,0.91414681355171,0.914920967729529
0.96023068141496,0.940301218430936,0.873280964462565,0.917355044864415,0.91987206644921,0.895693159386145,0.91139464966178,0.911281099032382
0.951360509393794,0.921656236962462,0.917355044864415,0.90341596730673,0.876693652448579,0.892008798969883,0.89247740158695,0.904640416461691
0.934939224788658,0.917227387206008,0.91987206644921,0.876693652448579,0.85410856209541,0.851017235456306,0.88731251565714,0.891129863878928
0.922341310998782,0.917035637897338,0.895693159386145,0.892008798969883,0.851017235456306,0.861385806682426,0.868065597098579,0.859054155092323
0.925169195153991,0.91414681355171,0.91139464966178,0.89247740158695,0.88731251565714,0.868065597098579,0.881205408880841,0.898120520845156
0.91442235231423,0.914920967729529,0.911281099032382,0.904640416461691,0.891129863878928,0.859054155092323,0.898120520845156,0.944810468238878
