"[0,1)","[1,5)","[5,15)","[15,25)","[25,45)","[45,65)","[65,75)","[75,+)"
0.281968254065303,0.792266690749256,0.875256737400871,0.880775683678246,0.803344761900604,0.787960071344997,0.773128381325128,0.763340802776194
0.792266690749256,0.529778277891605,0.829621453582741,0.783939803035464,0.797505654556015,0.791557269051126,0.753149027613706,0.763721624727109
0.875256737400871,0.829621453582741,0.504568186822884,0.712703350229475,0.838284161996273,0.761305879253135,0.815836454362596,0.765213191329814
0.880775683678246,0.783939803035464,0.712703350229475,0.506925421281937,0.799707162064898,0.823604837973049,0.806304409163966,0.760172492566064
0.803344761900604,0.797505654556015,0.838284161996273,0.799707162064898,0.792910440070374,0.770575214174633,0.767956260722301,0.758350261278072
0.787960071344997,0.791557269051125,0.761305879253135,0.823604837973049,0.770575214174633,0.836945071570391,0.795054644462203,0.757415586955506
0.773128381325128,0.753149027613707,0.815836454362596,0.806304409163966,0.767956260722301,0.795054644462203,0.828990491352306,0.808928537476548
0.763340802776194,0.763721624727109,0.765213191329814,0.760172492566064,0.758350261278072,0.757415586955506,0.808928537476548,1
