"[0,1)","[1,5)","[5,15)","[15,25)","[25,45)","[45,65)","[65,75)","[75,+)"
0.0828070000598086,0.668443375208431,0.839135025542548,0.874930917960321,0.824490554816134,0.704434749093016,0.898498795218698,0.491795685354719
0.668443375208431,0.303323291447483,0.75769705117616,0.738596636802874,0.757444263845617,0.679016256698227,0.548795590135582,0.506770555653552
0.839135025542548,0.75769705117616,0.325790501171059,0.7028071899038,0.820070492467937,0.660303481534351,0.647264469504134,0.523773195836185
0.874930917960321,0.738596636802874,0.7028071899038,0.69034462876623,0.780438394518364,0.761011588340687,0.697109097210296,0.542471599272744
0.824490554816135,0.757444263845617,0.820070492467937,0.780438394518364,0.802846363923044,0.725527194620348,0.689614450280092,0.685466698076352
0.704434749093016,0.679016256698227,0.660303481534351,0.761011588340687,0.725527194620348,0.760156345387415,0.660337741252277,0.577170579087901
0.898498795218698,0.548795590135582,0.647264469504134,0.697109097210296,0.689614450280092,0.660337741252277,0.652670107826414,0.651093104477167
0.491795685354718,0.506770555653552,0.523773195836185,0.542471599272744,0.685466698076352,0.577170579087901,0.651093104477167,1
