"[0,1)","[1,5)","[5,15)","[15,25)","[25,45)","[45,65)","[65,75)","[75,+)"
0.0816898369903524,0.514592120725199,0.514468469275274,0.539334886375989,0.461713501915827,0.442787664144439,0.257727803383354,0.504779067111636
0.514592120725199,0.232461599528221,0.511063499526883,0.482458220640786,0.485212492521323,0.496752083349577,0.510474488014058,0.551759020933457
0.514468469275274,0.511063499526883,0.212983831450635,0.407259207456804,0.526526544572179,0.447688101179066,0.489637303415412,0.47815851301328
0.539334886375989,0.482458220640786,0.407259207456804,0.25243139797484,0.478094426874106,0.464310986194579,0.477304023276552,0.499312274169915
0.461713501915826,0.485212492521323,0.526526544572179,0.478094426874106,0.420174139221042,0.396247898426277,0.454233681164139,0.439054118469936
0.442787664144439,0.496752083349577,0.447688101179066,0.464310986194579,0.396247898426277,0.403923835087984,0.321702636644278,0.386311699496411
0.257727803383354,0.510474488014058,0.489637303415412,0.477304023276552,0.454233681164139,0.321702636644278,0.322874081604822,0.263664593406738
0.504779067111636,0.551759020933457,0.47815851301328,0.499312274169915,0.439054118469936,0.386311699496411,0.263664593406738,0.387515401985429
