"[0,1)","[1,5)","[5,15)","[15,25)","[25,45)","[45,65)","[65,75)","[75,+)"
0.752852181146571,0.850166576649182,0.965262475489488,0.93960780329403,0.977994016830083,0.889580723924977,1.37725848223045,0.706575240719288
0.850166576649182,0.8516001178574,0.844652128973504,0.861601140353891,0.944967496535468,0.803338158413436,0.885536180838735,0.731509332233156
0.965262475489488,0.844652128973504,0.86579925689851,0.810650746374129,0.939235069124519,0.833177644684994,0.848937405078344,0.7490550171601
0.93960780329403,0.861601140353891,0.810650746374129,0.642823392833025,0.92757030853117,0.91999630351245,0.951828774271317,0.994726850145173
0.977994016830083,0.944967496535468,0.939235069124519,0.927570308531169,0.945483814965865,0.969571251137575,1.07285200841133,1.11309093058813
0.889580723924977,0.803338158413436,0.833177644684994,0.91999630351245,0.969571251137575,0.954693893589555,0.976661864077502,0.949866667378423
1.37725848223045,0.885536180838735,0.848937405078344,0.951828774271316,1.07285200841133,0.976661864077502,0.994373323979783,1.02463420060927
0.706575240719288,0.731509332233156,0.7490550171601,0.994726850145173,1.11309093058813,0.949866667378423,1.02463420060927,0.985139441415471
