"[0,1)","[1,5)","[5,15)","[15,25)","[25,45)","[45,65)","[65,75)","[75,+)"
0.682456831661798,0.859241831200632,0.971937353680657,1.03584713281628,0.95385796440492,0.855507317658189,1.49250814127412,0.731578142546894
0.859241831200632,0.759397726338224,0.859913354518443,0.943954278383988,0.921826035189673,0.805008077768293,0.934014862958455,0.757753030854954
0.971937353680657,0.859913354518443,0.725772789415258,0.904102907540216,0.903999951260334,0.810567480360918,0.886010051465415,0.779706096218178
1.03584713281628,0.943954278383988,0.904102907540216,0.905990604849776,0.94406428668094,0.947518295872069,1.12729160600794,1.01757140258862
0.95385796440492,0.921826035189673,0.903999951260333,0.94406428668094,0.894204949213638,0.913496986510034,1.13607642641198,1.20295518180917
0.85550731765819,0.805008077768293,0.810567480360918,0.947518295872069,0.913496986510034,0.881066654839571,0.980951027244287,0.933926146061203
1.49250814127412,0.934014862958455,0.886010051465415,1.12729160600794,1.13607642641198,0.980951027244287,1.01592681416513,1.11512474442487
0.731578142546894,0.757753030854954,0.779706096218178,1.01757140258862,1.20295518180917,0.933926146061203,1.11512474442487,0.961959797471399
