"[0,1)","[1,5)","[5,15)","[15,25)","[25,45)","[45,65)","[65,75)","[75,+)"
0.044113852345998,0.591976915263967,0.841418980646859,0.805713697661891,0.673027757002175,0.563925703681553,0.939194424238221,0.424330136530668
0.591976915263967,0.205139681690767,0.603542880474847,0.627575475857146,0.609763060188544,0.504563718051247,0.549261416006796,0.443312344743994
0.841418980646859,0.603542880474847,0.19358197376991,0.521738586674092,0.606362641067063,0.438045353316509,0.529825948558891,0.451441108544919
0.805713697661891,0.627575475857146,0.521738586674092,0.408974941606973,0.553486971134931,0.592775870871178,0.646054971442289,0.692464529668313
0.673027757002175,0.609763060188544,0.606362641067063,0.553486971134931,0.454628650158407,0.441814530254181,0.540495664460476,0.572255978200313
0.563925703681554,0.504563718051247,0.438045353316509,0.592775870871178,0.441814530254181,0.48911639763488,0.521158441075036,0.50460485980004
0.939194424238221,0.549261416006796,0.529825948558891,0.646054971442289,0.540495664460476,0.521158441075036,0.698715600569739,0.6860222681751
0.424330136530668,0.443312344743994,0.451441108544919,0.692464529668313,0.572255978200313,0.50460485980004,0.6860222681751,0.874016605337094
