"[0,1)","[1,5)","[5,15)","[15,25)","[25,45)","[45,65)","[65,75)","[75,+)"
0.660240401391115,0.807274217114866,0.893767998441964,0.88855894352938,0.872350363762374,0.832086266188274,0.943812233402519,0.801440879921519
0.807274217114866,0.83825285422765,0.851823960747288,0.801744199479078,0.849958945697467,0.810572581707845,0.836551062881574,0.810018956457847
0.893767998441964,0.851823960747288,0.858948369943653,0.758576514343312,0.857254608732554,0.808781466914618,0.8391521676465,0.812975173410034
0.88855894352938,0.801744199479078,0.758576514343312,0.547041962049361,0.764986896004479,0.810082172371628,0.845246437334319,0.86805503745757
0.872350363762374,0.849958945697467,0.857254608732554,0.764986896004479,0.757270330754964,0.786124297903623,0.834875625076514,0.889059206006633
0.832086266188274,0.810572581707845,0.808781466914618,0.810082172371628,0.786124297903623,0.83508862103953,0.864718129162743,0.860527027320514
0.943812233402519,0.836551062881574,0.8391521676465,0.845246437334318,0.834875625076515,0.864718129162742,0.945997190541602,0.945962636638497
0.801440879921519,0.810018956457847,0.812975173410034,0.868055037457571,0.889059206006633,0.860527027320514,0.945962636638497,0.975425770770461
