"[0,1)","[1,5)","[5,15)","[15,25)","[25,45)","[45,65)","[65,75)","[75,+)"
0.0419045262663162,0.402782399069788,0.65500225683696,0.647627454594902,0.573795913542936,0.337761557777784,0.379857160579901,0.211217788681057
0.402782399069788,0.186781143190289,0.538548943780729,0.485240340170673,0.522507531684787,0.372525007981516,0.26274699279619,0.217487319916537
0.65500225683696,0.538548943780729,0.165777028342273,0.396883934992063,0.531591987621959,0.343170679562338,0.333861344444081,0.234215831216188
0.647627454594902,0.485240340170673,0.396883934992063,0.237530670837181,0.425365643421861,0.457606495494157,0.369756193234469,0.233088420698435
0.573795913542936,0.522507531684787,0.531591987621959,0.425365643421861,0.397168534481139,0.368676105250583,0.384930505344059,0.378047038494741
0.337761557777784,0.372525007981517,0.343170679562338,0.457606495494157,0.368676105250583,0.400632707577099,0.330977861523035,0.271127937663601
0.379857160579901,0.26274699279619,0.333861344444081,0.369756193234469,0.384930505344059,0.330977861523035,0.406630252225799,0.41578377079624
0.211217788681057,0.217487319916537,0.234215831216188,0.233088420698435,0.378047038494741,0.271127937663601,0.41578377079624,0.727478867398932
