"[0,1)","[1,5)","[5,15)","[15,25)","[25,45)","[45,65)","[65,75)","[75,+)"
0.651102087501636,1.21279163771991,1.16679706990626,1.1190362674208,1.08214469303483,1.26021217196394,1.51015186602829,1.18852173648269
1.21279163771991,1.01952615712293,1.08488634461721,1.07818915203856,1.03762491611951,1.1534073522813,1.2346927519649,1.20117278363267
1.16679706990626,1.08488634461721,1.03476569539363,1.06426252895909,1.04836657177131,1.09109653592206,1.1409210091484,1.1856053483402
1.1190362674208,1.07818915203856,1.06426252895909,0.980541244532139,1.00181917516765,1.03009663370694,1.11635526465105,1.10457693259457
1.08214469303483,1.03762491611951,1.04836657177131,1.00181917516765,0.995569655751852,1.00364499651804,1.03488007374207,1.10859231620041
1.26021217196394,1.1534073522813,1.09109653592206,1.03009663370694,1.00364499651804,1.00704760159926,1.03395090986677,1.06305102708711
1.51015186602829,1.2346927519649,1.14092100914839,1.11635526465105,1.03488007374207,1.03395090986677,1.01270408385069,1.03230289245541
1.18852173648269,1.20117278363267,1.1856053483402,1.10457693259457,1.10859231620041,1.06305102708711,1.03230289245541,1
