"[0,1)","[1,5)","[5,15)","[15,25)","[25,45)","[45,65)","[65,75)","[75,+)"
0.437293336178425,0.912398671186826,0.998821568215367,1.03961610699352,1.04726020018716,0.991785739558861,1.31386037695994,0.787973658140085
0.912398671186825,0.597570764668354,0.921570016654684,0.912863235507296,0.960816160639226,0.915367075890342,0.865698195312975,0.807031752538093
0.998821568215367,0.921570016654684,0.61855057258997,0.851663354940662,0.992325421427005,0.886507477924655,0.887395758360697,0.823529039565714
1.03961610699352,0.912863235507296,0.851663354940662,0.680532993024912,1.02130555457072,0.967126139557005,0.979616545400188,0.850022852876158
1.04726020018716,0.960816160639226,0.992325421427005,1.02130555457072,1.1246255918659,1.04084829164537,1.03350665415572,1.06507048003508
0.991785739558861,0.915367075890342,0.886507477924655,0.967126139557005,1.04084829164537,0.959585891851444,0.946731194981352,0.861748415454158
1.31386037695994,0.865698195312975,0.887395758360697,0.979616545400188,1.03350665415572,0.946731194981352,0.882027747667031,0.926239642477949
0.787973658140085,0.807031752538093,0.823529039565714,0.850022852876158,1.06507048003508,0.861748415454158,0.92623964247795,1
