"[0,1)","[1,5)","[5,15)","[15,25)","[25,45)","[45,65)","[65,75)","[75,+)"
0.0379840088424442,0.408440836516264,0.611676618190993,0.658919901779107,0.605588201364252,0.31566454491741,0.346791402946085,0.17791694727957
0.408440836516263,0.202230734623077,0.574570431372584,0.483859417649639,0.548361196477784,0.372410289633183,0.200258287865938,0.182778612609499
0.611676618190993,0.574570431372584,0.203186368912765,0.428608079995182,0.63696476264094,0.390513009969014,0.375360453543432,0.191626462429924
0.658919901779108,0.483859417649639,0.428608079995182,0.228254458511841,0.507653835209883,0.510247768015058,0.40099580863789,0.197542530411322
0.605588201364252,0.548361196477784,0.63696476264094,0.507653835209883,0.480929735236487,0.377816784867482,0.345871082963344,0.256928907683439
0.31566454491741,0.372410289633183,0.390513009969014,0.510247768015058,0.377816784867482,0.512940443403469,0.348705910252604,0.232282894912356
0.346791402946085,0.200258287865938,0.375360453543432,0.40099580863789,0.345871082963344,0.348705910252604,0.425263709901293,0.383434513585611
0.17791694727957,0.182778612609499,0.191626462429924,0.197542530411322,0.256928907683439,0.232282894912356,0.383434513585611,1
