"[0,1)","[1,5)","[5,15)","[15,25)","[25,45)","[45,65)","[65,75)","[75,+)"
0.771912365619256,0.716267726439342,0.801737275821079,0.780163941765165,0.796537103825815,0.6108617956096,0.67135207072979,0.518598324532133
0.716267726439342,0.852262116562461,0.790272751712474,0.714574989822815,0.747432536824952,0.633025365874551,0.578139539227256,0.523612069245236
0.801737275821079,0.790272751712474,0.856436161345354,0.742411679961988,0.770700154372083,0.669301063538901,0.622653534424896,0.526545281823267
0.780163941765165,0.714574989822815,0.742411679961988,0.680690560332542,0.619251694374754,0.647698076738747,0.610568796801604,0.493690863354812
0.796537103825815,0.747432536824952,0.770700154372083,0.619251694374754,0.568897487382977,0.552374538144221,0.592404771238546,0.6035145757296
0.6108617956096,0.633025365874551,0.669301063538901,0.647698076738747,0.552374538144221,0.590231655211441,0.572877699786635,0.524118813887211
0.67135207072979,0.578139539227256,0.622653534424896,0.610568796801604,0.592404771238546,0.572877699786635,0.621465067506217,0.645685882425866
0.518598324532133,0.523612069245236,0.526545281823268,0.493690863354812,0.6035145757296,0.524118813887211,0.645685882425866,0.818435750735029
