"[0,1)","[1,5)","[5,15)","[15,25)","[25,45)","[45,65)","[65,75)","[75,+)"
0.90487064054815,0.974794709080214,1.01119675743944,1.04445755490854,1.03792727425872,1.06052399659966,1.5794296450265,0.969387858577574
0.974794709080214,0.931376753578663,0.962618968632392,0.9692458084864,0.992886742024191,0.977976604625264,1.11657728016253,0.995183513374144
1.01119675743944,0.962618968632392,0.930251440969473,0.909492443390908,0.969600824764959,0.942262280348837,1.04896116952587,1.0093007901493
1.04445755490854,0.9692458084864,0.909492443390908,0.733673047829589,0.96659880825208,1.0033741641873,1.1606497318094,1.11573505933648
1.03792727425872,0.992886742024191,0.969600824764958,0.966598808252081,0.924229318579318,0.990815958650696,1.26265559127937,1.4514734192514
1.06052399659966,0.977976604625264,0.942262280348837,1.0033741641873,0.990815958650696,1.00458482443914,1.16414338310853,1.13144140928651
1.5794296450265,1.11657728016253,1.04896116952587,1.1606497318094,1.26265559127937,1.16414338310853,1.13812871652415,1.27234987736627
0.969387858577574,0.995183513374144,1.0093007901493,1.11573505933648,1.4514734192514,1.13144140928651,1.27234987736627,0.999781977789867
