"[0,1)","[1,5)","[5,15)","[15,25)","[25,45)","[45,65)","[65,75)","[75,+)"
0.865714220928443,1.02832211695281,1.0745142487932,1.09962108517989,1.07367245420541,1.06159409975669,1.64694942360907,1.01317000110807
1.02832211695281,0.91798097067513,0.991607058104647,0.988390883464419,1.0275220933947,0.938896894259993,1.16287415688347,1.0306681142055
1.0745142487932,0.991607058104647,0.916831200313531,0.914402520402845,1.00488952049361,0.911669594079913,1.08407374645653,1.04799947317541
1.09962108517989,0.988390883464419,0.914402520402845,0.689099123714955,0.972960610139067,0.96229201744405,1.18503055397067,1.08830986374775
1.07367245420541,1.0275220933947,1.00488952049361,0.972960610139067,0.997782976593037,0.995968489840796,1.27219036756541,1.44715666155394
1.06159409975669,0.938896894259994,0.911669594079912,0.96229201744405,0.995968489840796,0.959848157882719,1.15035309835658,1.12509247922039
1.64694942360907,1.16287415688347,1.08407374645653,1.18503055397067,1.27219036756541,1.15035309835658,1.22352267599138,1.3045773327031
1.01317000110807,1.0306681142055,1.04799947317541,1.08830986374775,1.44715666155394,1.12509247922039,1.3045773327031,1.05809510649044
