"[0,1)","[1,5)","[5,15)","[15,25)","[25,45)","[45,65)","[65,75)","[75,+)"
0.721261200163394,0.831642752683745,0.890869378113499,0.880275343089296,0.869290582903163,0.800278640675782,0.79396895672555,0.779990557190351
0.831642752683744,0.853431726778915,0.881510933140817,0.850911213762365,0.856856837506809,0.816752676830879,0.789821943786485,0.780648838748174
0.890869378113499,0.881510933140817,0.861492855238259,0.858932677414021,0.870010134582505,0.825173955111211,0.80848978589833,0.778242023142933
0.880275343089296,0.850911213762365,0.858932677414021,0.848032936443839,0.806682786997016,0.819582502490189,0.790672010214128,0.774944591588396
0.869290582903163,0.856856837506809,0.870010134582505,0.806682786997016,0.784779119538672,0.769579528592054,0.781808426746966,0.768322117505724
0.800278640675782,0.816752676830879,0.825173955111211,0.819582502490189,0.769579528592054,0.78125550143233,0.761961817354599,0.742125102253627
0.79396895672555,0.789821943786485,0.80848978589833,0.790672010214128,0.781808426746966,0.761961817354599,0.782635145942196,0.794126905779149
0.779990557190351,0.780648838748174,0.778242023142933,0.774944591588396,0.768322117505724,0.742125102253627,0.794126905779149,0.903110188565755
