"[0,1)","[1,5)","[5,15)","[15,25)","[25,45)","[45,65)","[65,75)","[75,+)"
0.576415424892389,0.908776675844125,1.01928266382208,1.05077399606524,1.02140182127466,0.909886655021031,1.59293596168253,0.866682180990375
0.908776675844125,0.838726771979603,0.932856385782733,0.960524099375337,0.961664047042082,0.828462545859939,0.985979942498532,0.894998085441889
1.01928266382208,0.932856385782733,0.830473003945544,0.941709735870732,0.977574464941465,0.832196398692466,0.944449689632743,0.896191240275291
1.05077399606524,0.960524099375337,0.941709735870732,0.882773354140332,0.980372398734217,0.910173305856957,1.08668871360638,0.99169477780907
1.02140182127466,0.961664047042082,0.977574464941465,0.980372398734217,1.01757820787287,0.921485807872409,1.07841417071199,1.13353824682293
0.909886655021031,0.828462545859939,0.832196398692466,0.910173305856957,0.921485807872409,0.848284581246085,0.947641821404812,0.874548139976271
1.59293596168253,0.985979942498532,0.944449689632743,1.08668871360638,1.07841417071199,0.947641821404813,1.04627228079636,1.11344565503366
0.866682180990375,0.894998085441889,0.896191240275291,0.99169477780907,1.13353824682293,0.874548139976271,1.11344565503366,1
