"[0,1)","[1,5)","[5,15)","[15,25)","[25,45)","[45,65)","[65,75)","[75,+)"
0.127147852861327,0.464346110069249,0.663035522223938,0.635366133646006,0.566277052038953,0.396413028345566,0.30849676998832,0.373923706456096
0.464346110069249,0.287057470816922,0.575482872993509,0.537693788772041,0.549026455864227,0.449769488919017,0.354618807157385,0.370773341378648
0.663035522223938,0.575482872993509,0.253717995950589,0.491333560818801,0.564216197800427,0.43104621981489,0.40372020772838,0.363059572393919
0.635366133646006,0.537693788772041,0.491333560818801,0.447749043532392,0.49802629078758,0.523675095966129,0.412368029123005,0.370557201478898
0.566277052038953,0.549026455864227,0.564216197800427,0.49802629078758,0.472452159710996,0.437782314752175,0.385371043732511,0.329998391094834
0.396413028345566,0.449769488919017,0.43104621981489,0.523675095966129,0.437782314752176,0.467150032698241,0.370582518997491,0.334570267199719
0.30849676998832,0.354618807157385,0.40372020772838,0.412368029123005,0.385371043732511,0.370582518997491,0.443666174514438,0.42474178839438
0.373923706456096,0.370773341378648,0.363059572393919,0.370557201478898,0.329998391094835,0.334570267199719,0.42474178839438,0.766426848538432
