"[0,1)","[1,5)","[5,15)","[15,25)","[25,45)","[45,65)","[65,75)","[75,+)"
0.229804724480199,0.512501576869961,0.697148676549475,0.671307959417427,0.601292187221399,0.455631383445199,0.425702974634532,0.402854415276757
0.512501576869961,0.334292830606177,0.60986434221962,0.553955784954163,0.578615387610943,0.493659416795422,0.408411599100862,0.403707364089183
0.697148676549475,0.60986434221962,0.289380923149519,0.471871672615083,0.585732375450205,0.461233697934881,0.447847696272425,0.404838801462166
0.671307959417427,0.553955784954163,0.471871672615083,0.302062241523425,0.50929766598552,0.544633274882129,0.451546062885606,0.40296079488966
0.601292187221399,0.578615387610943,0.585732375450205,0.50929766598552,0.501691097693183,0.477429412339699,0.443699114527421,0.407326506967762
0.455631383445199,0.493659416795422,0.461233697934881,0.544633274882129,0.477429412339699,0.508508809167288,0.434146098215642,0.392967711177426
0.425702974634532,0.408411599100862,0.447847696272425,0.451546062885606,0.443699114527421,0.434146098215642,0.497123370119752,0.494771812950519
0.402854415276757,0.403707364089183,0.404838801462166,0.40296079488966,0.407326506967761,0.392967711177426,0.494771812950519,0.776419210704468
