"[0,1)","[1,5)","[5,15)","[15,25)","[25,45)","[45,65)","[65,75)","[75,+)"
0.739599731423029,1.02611990342061,1.04391924324654,1.03596475259257,0.990581213826339,1.06969197561613,1.07289425683318,1.06872872365958
1.02611990342061,0.931529242025548,1.02550989531765,0.980172431538987,0.999513519923349,1.043386251243,1.06187149613941,1.06888422521738
1.04391924324654,1.02550989531765,0.948528221448096,0.918966221654768,0.988738820891314,0.99186288959234,1.04432657376214,1.07019932245217
1.03596475259257,0.980172431538987,0.918966221654768,0.711391322074845,0.941034627692055,0.969185055931782,1.02480050121963,1.06372431641156
0.990581213826339,0.999513519923349,0.988738820891314,0.941034627692055,0.946892434436886,0.964701829649147,1.02493080676159,1.06863448206249
1.06969197561613,1.043386251243,0.99186288959234,0.969185055931782,0.964701829649147,0.990747925580482,1.0429696760184,1.06522213512695
1.07289425683318,1.06187149613941,1.04432657376214,1.02480050121963,1.02493080676159,1.0429696760184,1.06528274121636,1.06496979097494
1.06872872365958,1.06888422521738,1.07019932245217,1.06372431641156,1.06863448206249,1.06522213512695,1.06496979097494,1.02906128258055
