"[0,1)","[1,5)","[5,15)","[15,25)","[25,45)","[45,65)","[65,75)","[75,+)"
0.731674407912075,0.807914089503766,0.968821145456327,0.94985975685336,0.996480775905998,0.888309466000529,1.39421467873814,0.713948207886091
0.807914089503766,0.847623756527531,0.853338502323853,0.873333218772197,0.94087464395973,0.792419323236204,0.828822147724903,0.738995722701165
0.968821145456327,0.853338502323853,0.8700385283377,0.834679575179502,0.961798738306591,0.817311706784678,0.816459131405622,0.73901524360252
0.949859756853361,0.873333218772197,0.834679575179502,0.660769700504315,1.0057810908784,0.935131166017752,0.988201331300719,1.00283266102773
0.996480775905998,0.940874643959729,0.961798738306591,1.0057810908784,1.04353601456391,0.995775309363497,1.09253612244259,1.17394355514475
0.888309466000529,0.792419323236204,0.817311706784678,0.935131166017752,0.995775309363497,0.932139625256368,0.95335050952253,0.894950851405168
1.39421467873814,0.828822147724903,0.816459131405622,0.988201331300719,1.09253612244259,0.95335050952253,0.990022003831289,1.00391915584611
0.713948207886091,0.738995722701165,0.73901524360252,1.00283266102773,1.17394355514475,0.894950851405168,1.00391915584611,1
