"[0,1)","[1,5)","[5,15)","[15,25)","[25,45)","[45,65)","[65,75)","[75,+)"
0.874628849331977,1.01582163076406,1.06975781878243,1.11891876179004,1.08462045292895,1.0207741654478,1.74952506098555,0.952979990333637
1.01582163076406,0.93064973623016,0.986602988355613,1.00685919285515,1.04764809257724,0.906558598259589,1.1517706770548,0.97720988492506
1.06975781878243,0.986602988355613,0.928773131271928,0.934066129181642,1.02669858224109,0.907224325044866,1.07448451458901,1.00305431291812
1.11891876179004,1.00685919285515,0.934066129181642,0.720756066838561,1.0205923415322,0.980386910319005,1.24216161210489,1.10604044268857
1.08462045292895,1.04764809257724,1.02669858224109,1.0205923415322,1.06424924260507,1.0353639419287,1.32652318536723,1.47594133443806
1.0207741654478,0.906558598259589,0.907224325044867,0.980386910319005,1.0353639419287,0.958640253507959,1.15292307483993,1.11348054676904
1.74952506098555,1.1517706770548,1.07448451458901,1.24216161210489,1.32652318536723,1.15292307483993,1.22777047459206,1.34104821593263
0.952979990333637,0.97720988492506,1.00305431291812,1.10604044268857,1.47594133443806,1.11348054676904,1.34104821593263,1.04447350819711
