"[0,1)","[1,5)","[5,15)","[15,25)","[25,45)","[45,65)","[65,75)","[75,+)"
0.804269165205886,0.940606940002229,1.03764805411749,1.06750011050344,1.05424975545244,0.946150586823436,1.64620627659417,0.89570770112891
0.940606940002229,0.896696605559682,0.955796478849763,0.961745683769159,0.988080593282837,0.853210822803492,1.01596875329136,0.921597186115724
1.03764805411749,0.955796478849763,0.905166429387562,0.922126381931438,1.00078266653388,0.865221830860196,0.972610885545621,0.926295189276236
1.06750011050344,0.961745683769159,0.922126381931438,0.710850802301965,1.01309412350157,0.94433776752249,1.13121799238985,1.03089612680819
1.05424975545244,0.988080593282837,1.00078266653388,1.01309412350157,1.07456863669618,0.978997095032692,1.12559903256278,1.17002244468254
0.946150586823436,0.853210822803492,0.865221830860197,0.94433776752249,0.978997095032692,0.898422734152703,1.01871390958943,0.91364186835334
1.64620627659417,1.01596875329136,0.972610885545621,1.13121799238985,1.12559903256278,1.01871390958943,1.10688013490247,1.19086549379838
0.89570770112891,0.921597186115724,0.926295189276235,1.03089612680819,1.17002244468254,0.91364186835334,1.19086549379838,1
