"[0,1)","[1,5)","[5,15)","[15,25)","[25,45)","[45,65)","[65,75)","[75,+)"
0.708004515238243,0.868347917578787,0.934039952533846,0.920164702554367,0.929358000843016,0.903088848681934,1.04415932927793,0.863541541767538
0.868347917578787,0.912132920175197,0.90729783373489,0.844098675059141,0.89118360626246,0.877880758255687,0.898864727122785,0.875477754144821
0.934039952533846,0.90729783373489,0.929631092154742,0.811829827514232,0.919688660043454,0.879127061525427,0.90427273290002,0.87400268003153
0.920164702554367,0.844098675059141,0.811829827514232,0.558538618121956,0.846632163829477,0.876513590501959,0.90476596769012,0.890708462237137
0.929358000843016,0.89118360626246,0.919688660043454,0.846632163829477,0.862727886923033,0.865246299720175,0.886732553419296,0.93635705759718
0.903088848681934,0.877880758255687,0.879127061525427,0.876513590501959,0.865246299720175,0.914849247207633,0.926851812328533,0.911537813969816
1.04415932927793,0.898864727122786,0.90427273290002,0.90476596769012,0.886732553419296,0.926851812328533,0.987204671521377,0.979760633018326
0.863541541767538,0.875477754144821,0.87400268003153,0.890708462237138,0.93635705759718,0.911537813969815,0.979760633018326,1
