"[0,1)","[1,5)","[5,15)","[15,25)","[25,45)","[45,65)","[65,75)","[75,+)"
0.569142673310742,0.872640377528448,0.984321005538115,0.93915290923579,0.878748121455808,0.751485613763644,1.37645791200727,0.517507914849787
0.872640377528448,0.851732450473639,0.857345538039535,0.832384637329876,0.838041469641361,0.705457371420772,0.759423372867511,0.56926087382885
0.984321005538115,0.857345538039535,0.870952703964954,0.784774179587758,0.845927741723984,0.717333146985206,0.722536503932108,0.593867474970319
0.93915290923579,0.832384637329876,0.784774179587758,0.585775522703756,0.750709248921266,0.743625525421524,0.777523416454091,0.759079447194173
0.878748121455808,0.838041469641361,0.845927741723984,0.750709248921265,0.690063368687537,0.650623929622891,0.721651751340538,0.752023722561949
0.751485613763644,0.705457371420772,0.717333146985206,0.743625525421524,0.650623929622891,0.646427429783483,0.663209292762664,0.622182828669815
1.37645791200727,0.759423372867511,0.722536503932108,0.777523416454091,0.721651751340538,0.663209292762664,0.72356824684296,0.776582389133295
0.517507914849787,0.56926087382885,0.593867474970319,0.759079447194174,0.752023722561949,0.622182828669815,0.776582389133295,0.850328536799432
