"[0,1)","[1,5)","[5,15)","[15,25)","[25,45)","[45,65)","[65,75)","[75,+)"
0.833455619402283,0.921121280189602,0.994823798219384,1.03938445059735,1.00994232902409,0.889817403362287,1.52964469768259,0.83288885224726
0.921121280189602,0.847754210638192,0.912395558361925,0.92162975427123,0.969342011208214,0.820465875305622,1.01088686429778,0.85777438357525
0.994823798219384,0.912395558361925,0.855730807719595,0.854237170966629,0.957737218464547,0.829494770052393,0.956238910068603,0.878464464816011
1.03938445059735,0.92162975427123,0.854237170966629,0.645302630517287,0.936088731424231,0.900660920412653,1.10235111898883,0.969578088824083
1.00994232902409,0.969342011208214,0.957737218464547,0.936088731424231,0.983709498557731,0.947440144560601,1.18098497700371,1.29381511564407
0.889817403362287,0.820465875305622,0.829494770052393,0.900660920412653,0.947440144560601,0.877848115823347,1.02213364156873,0.976438946219622
1.52964469768259,1.01088686429778,0.956238910068603,1.10235111898883,1.18098497700371,1.02213364156873,1.09594132607206,1.19169864365053
0.83288885224726,0.85777438357525,0.878464464816011,0.969578088824083,1.29381511564407,0.976438946219622,1.19169864365053,0.995936482567538
