"[0,1)","[1,5)","[5,15)","[15,25)","[25,45)","[45,65)","[65,75)","[75,+)"
0.084064672716044,0.521836609995848,0.671544564115035,0.707963531155142,0.625654480994625,0.455666202514515,0.422108879382486,0.397136870691725
0.521836609995848,0.255091145652179,0.640654147912518,0.573611500777762,0.609884384671328,0.502953782415284,0.392805761772966,0.398375963980351
0.671544564115035,0.640654147912518,0.263030129328378,0.502410649123484,0.679736812612973,0.502979869214632,0.519523385738849,0.39998892883445
0.707963531155142,0.573611500777762,0.502410649123484,0.304892538206363,0.57570754892397,0.596965264362934,0.511494247215522,0.393913139618336
0.625654480994625,0.609884384671328,0.679736812612973,0.57570754892397,0.544355539593006,0.48502484664754,0.462058681062246,0.407685739471852
0.455666202514515,0.502953782415284,0.502979869214632,0.596965264362934,0.48502484664754,0.607831938679622,0.477051714417206,0.415586006913475
0.422108879382486,0.392805761772966,0.519523385738849,0.511494247215522,0.462058681062246,0.477051714417206,0.537524384250921,0.487400114355221
0.397136870691725,0.398375963980351,0.39998892883445,0.393913139618336,0.407685739471852,0.415586006913475,0.487400114355221,1
