"[0,1)","[1,5)","[5,15)","[15,25)","[25,45)","[45,65)","[65,75)","[75,+)"
0.333278853623968,0.662985360572096,0.807136022662802,0.789403971683913,0.706432338443996,0.652495563800905,0.629307711625881,0.614128161361303
0.662985360572096,0.438756280065904,0.721166945319383,0.683510422379416,0.695975907692902,0.660757416020043,0.609483014762718,0.614882333113066
0.807136022662802,0.721166945319383,0.387975810864208,0.589621376938624,0.68997231987762,0.5969624814523,0.626268413777958,0.617077230885238
0.789403971683913,0.683510422379416,0.589621376938624,0.419763045287488,0.642686085160084,0.676373022023272,0.636457704047037,0.614192980860593
0.706432338443996,0.695975907692902,0.68997231987762,0.642686085160084,0.637575117725454,0.63202230156766,0.625758186238175,0.623632908248958
0.652495563800905,0.660757416020043,0.5969624814523,0.676373022023272,0.63202230156766,0.666356650932512,0.637688921429892,0.623740026019965
0.629307711625881,0.609483014762718,0.626268413777958,0.636457704047037,0.625758186238175,0.637688921429893,0.695852521882383,0.686932201337741
0.614128161361303,0.614882333113066,0.617077230885238,0.614192980860593,0.623632908248957,0.623740026019965,0.686932201337741,0.866088368375005
