"[0,1)","[1,5)","[5,15)","[15,25)","[25,45)","[45,65)","[65,75)","[75,+)"
0.713775922604029,0.722679404559759,0.801945589334134,0.785883478939532,0.791056916098685,0.644071126912892,0.574149255538616,0.645414162407796
0.722679404559759,0.800062214501134,0.801300160925274,0.750776783350495,0.768233302326219,0.693129573230343,0.635711802195115,0.641873479138797
0.801945589334134,0.801300160925274,0.802160541140603,0.771135588201205,0.792141894907289,0.72359519094418,0.678016192810868,0.633641975811887
0.785883478939532,0.750776783350495,0.771135588201205,0.766036895407407,0.701896760011079,0.715449970194783,0.652078020791246,0.637082501100074
0.791056916098685,0.768233302326219,0.792141894907289,0.701896760011079,0.673371451648116,0.643881563264984,0.628673680928995,0.591076242186419
0.644071126912892,0.693129573230343,0.72359519094418,0.715449970194783,0.643881563264984,0.663208048123096,0.609068098009068,0.586994666741124
0.574149255538616,0.635711802195115,0.678016192810868,0.652078020791247,0.628673680928994,0.609068098009068,0.652883958456139,0.64399994440096
0.645414162407796,0.641873479138797,0.633641975811887,0.637082501100074,0.591076242186419,0.586994666741123,0.64399994440096,0.858290830338728
