"[0,1)","[1,5)","[5,15)","[15,25)","[25,45)","[45,65)","[65,75)","[75,+)"
0.203677138541927,0.523449529672251,0.712522703191684,0.688164065479677,0.608559952480242,0.484594112566544,0.455229206788721,0.432701596751757
0.523449529672251,0.273318649298192,0.609707786181379,0.563432979815989,0.584261055865446,0.509775294599296,0.43396985311349,0.433830093244976
0.712522703191684,0.609707786181379,0.248028529868261,0.475123181584987,0.591464157675283,0.465757771172684,0.465308358929957,0.432456565691681
0.688164065479677,0.563432979815989,0.475123181584987,0.313816143770505,0.523686149940076,0.558376048753134,0.474199693040608,0.431727635639505
0.608559952480242,0.584261055865446,0.591464157675283,0.523686149940076,0.515930198312321,0.494473172661307,0.46651579027348,0.43594702968081
0.484594112566544,0.509775294599296,0.465757771172684,0.558376048753134,0.494473172661307,0.524676064417631,0.456270272904638,0.420874248089215
0.455229206788721,0.43396985311349,0.465308358929957,0.474199693040608,0.46651579027348,0.456270272904638,0.514657336581752,0.513075171264729
0.432701596751757,0.433830093244976,0.432456565691681,0.431727635639505,0.43594702968081,0.420874248089215,0.513075171264729,0.784959534411852
