"[0,1)","[1,5)","[5,15)","[15,25)","[25,45)","[45,65)","[65,75)","[75,+)"
0.64041019028074,0.634624258127692,0.713221339138667,0.743932957159003,0.739636391304148,0.527013207899453,0.431654576300476,0.528879579308779
0.634624258127692,0.748622568503638,0.763503925431409,0.704569617272323,0.742817959137527,0.609659544465522,0.516085801766365,0.524130371863175
0.713221339138667,0.763503925431409,0.748425451830942,0.716073717266298,0.780722981295058,0.651026434992772,0.606990474758106,0.521501317283516
0.743932957159003,0.704569617272323,0.716073717266298,0.697163674052808,0.675110683320992,0.674649315821858,0.582628418720607,0.518477222453571
0.739636391304148,0.742817959137527,0.780722981295058,0.675110683320992,0.63311504008762,0.580266611168255,0.573159897533982,0.523156119757728
0.527013207899453,0.609659544465522,0.651026434992772,0.674649315821858,0.580266611168255,0.665976362125374,0.533222596459559,0.526255468488862
0.431654576300476,0.516085801766366,0.606990474758106,0.582628418720607,0.573159897533982,0.533222596459559,0.583344178029129,0.52356596413726
0.528879579308779,0.524130371863175,0.521501317283516,0.518477222453571,0.523156119757728,0.526255468488862,0.52356596413726,1
