"[0,1)","[1,5)","[5,15)","[15,25)","[25,45)","[45,65)","[65,75)","[75,+)"
0.911497445015043,0.954980359363868,0.982250235071152,0.981990840086371,0.971305288962102,1.04599524768029,1.04340627504418,0.953877770103471
0.954980359363868,0.920913260183483,0.953935916373452,0.912178649277139,0.949034496567459,0.997464571608435,0.969816919746982,0.956957420821842
0.982250235071152,0.953935916373452,0.943932639477515,0.85743102577718,0.940767792012272,0.967194372250704,0.970558466111973,0.967464688683644
0.981990840086371,0.912178649277139,0.85743102577718,0.634134701124199,0.869749060190346,0.954221622946457,0.964865191784876,1.01546223318998
0.971305288962102,0.949034496567458,0.940767792012272,0.869749060190346,0.847737372404422,0.946210473584348,0.995066015460037,1.06661770647769
1.04599524768029,0.997464571608435,0.967194372250704,0.954221622946457,0.946210473584348,1.02295555571357,1.0349327163106,1.03881841524916
1.04340627504418,0.969816919746982,0.970558466111973,0.964865191784876,0.995066015460037,1.0349327163106,1.04066737866755,1.0332373728789
0.953877770103471,0.956957420821842,0.967464688683644,1.01546223318998,1.06661770647769,1.03881841524916,1.0332373728789,1.00438402120007
