"[0,1)","[1,5)","[5,15)","[15,25)","[25,45)","[45,65)","[65,75)","[75,+)"
0.845764727883032,0.606242690107915,0.718846164518368,0.73925976227741,0.776617687860657,0.513803468071316,0.515156544358987,0.53090332125846
0.606242690107915,0.923526283212338,0.76110809195478,0.708657614423889,0.751800624743307,0.572345831163311,0.539460814117967,0.530360114439078
0.718846164518368,0.76110809195478,0.905685108877657,0.736695780991278,0.788703411051788,0.629423068442713,0.614113974484743,0.526664897187615
0.73925976227741,0.708657614423889,0.736695780991278,0.727296101129347,0.667941296783359,0.662041485490652,0.61756172090816,0.584113108987504
0.776617687860657,0.751800624743307,0.788703411051788,0.667941296783358,0.622750119917883,0.570140139092639,0.622667042767121,0.61003183539239
0.513803468071316,0.572345831163311,0.629423068442713,0.662041485490652,0.570140139092639,0.655441287829928,0.554369283731077,0.569029776949405
0.515156544358987,0.539460814117967,0.614113974484743,0.61756172090816,0.622667042767121,0.554369283731077,0.659862864090755,0.58506183955509
0.53090332125846,0.530360114439078,0.526664897187615,0.584113108987504,0.61003183539239,0.569029776949405,0.58506183955509,1
