"[0,1)","[1,5)","[5,15)","[15,25)","[25,45)","[45,65)","[65,75)","[75,+)"
0.419038182028163,0.551772354498974,0.735265322089211,0.738281459085091,0.682987346076569,0.426580641879547,0.667818587471197,0.333699991408281
0.551772354498974,0.402816415138792,0.636310615946854,0.611463134193413,0.616217987500249,0.444123802844938,0.385089973443245,0.345225873880775
0.735265322089211,0.636310615946854,0.387384279476096,0.550740399312572,0.68662243581223,0.456651604126107,0.483068239172609,0.34155911211431
0.738281459085091,0.611463134193413,0.550740399312572,0.40293643895204,0.609196512218404,0.596937090838509,0.575501539465604,0.498017951519991
0.682987346076569,0.616217987500249,0.68662243581223,0.609196512218404,0.520225372867725,0.429181667533825,0.460513482706748,0.412873138448931
0.426580641879547,0.444123802844938,0.456651604126107,0.596937090838509,0.429181667533825,0.539922203506672,0.432700929718251,0.36245027720969
0.667818587471197,0.385089973443245,0.483068239172609,0.575501539465604,0.460513482706748,0.432700929718251,0.569085257418031,0.535400288643411
0.333699991408281,0.345225873880775,0.34155911211431,0.498017951519991,0.412873138448931,0.36245027720969,0.535400288643411,1
