"[0,1)","[1,5)","[5,15)","[15,25)","[25,45)","[45,65)","[65,75)","[75,+)"
0.0534120185546798,0.424803006289457,0.622005588522681,0.694399714627421,0.625523461433295,0.340697816060869,0.390775127635558,0.231625344189372
0.424803006289457,0.224472241451706,0.599350577219706,0.532882137064029,0.576928221150609,0.394516655647097,0.252840815639027,0.237625937724124
0.622005588522681,0.599350577219706,0.22492181433403,0.46860540317385,0.659044969995844,0.411937419455444,0.422237394731647,0.254642646622837
0.694399714627421,0.532882137064029,0.46860540317385,0.276025481250301,0.552316106888261,0.550657392243639,0.459113168787019,0.269907907853275
0.625523461433295,0.576928221150609,0.659044969995845,0.552316106888261,0.518651131726203,0.418539673318674,0.397555819986905,0.31441864771487
0.340697816060869,0.394516655647097,0.411937419455444,0.550657392243639,0.418539673318674,0.535475732846586,0.399608822204543,0.288052041109942
0.390775127635558,0.252840815639027,0.422237394731647,0.459113168787019,0.397555819986905,0.399608822204543,0.471198949822184,0.422979442207266
0.231625344189372,0.237625937724124,0.254642646622837,0.269907907853275,0.31441864771487,0.288052041109942,0.422979442207266,1
