"[0,1)","[1,5)","[5,15)","[15,25)","[25,45)","[45,65)","[65,75)","[75,+)"
0.77494424321651,0.868040009148026,1.01333898200458,0.924210399670017,0.984579494946591,0.976738130308566,1.4433549907124,0.912908501874598
0.868040009148026,0.954973367286,0.91283751301317,0.852595478204042,0.930557290022818,0.878621713480288,0.999542163539315,0.931206986186259
1.01333898200458,0.91283751301317,0.96849827329624,0.824396837260001,0.947956399414877,0.889333169865544,0.954838073153401,0.925844029114314
0.924210399670017,0.852595478204042,0.824396837260001,0.564217735669149,0.886516984849967,0.900939055057185,0.999540422821445,1.03502435836043
0.984579494946591,0.930557290022818,0.947956399414877,0.886516984849967,0.936902553299622,0.953941940035535,1.08377482091854,1.16094768079238
0.976738130308566,0.878621713480288,0.889333169865544,0.900939055057185,0.953941940035534,0.965020471204851,1.03775898364082,1.06648852269183
1.4433549907124,0.999542163539315,0.954838073153402,0.999540422821445,1.08377482091854,1.03775898364082,1.1283439412299,1.13296828439551
0.912908501874598,0.931206986186259,0.925844029114315,1.03502435836043,1.16094768079238,1.06648852269183,1.13296828439551,1
