"[0,1)","[1,5)","[5,15)","[15,25)","[25,45)","[45,65)","[65,75)","[75,+)"
0.0743026182641218,0.820605339635207,1.04552049353691,1.09955811853194,0.90269503754656,0.985505896079434,1.64782817643607,1.00123897667466
0.820605339635207,0.274870021892845,0.739965119120167,0.962500329834447,0.875707739007084,0.797469121823525,1.12842286191896,1.01909075687345
1.04552049353691,0.739965119120167,0.269318145768975,0.806075620619646,0.835566920849337,0.699769723307508,0.98437812995012,1.01854085621139
1.09955811853194,0.962500329834447,0.806075620619646,0.82136818894184,1.03842655778434,1.04146066238929,1.32455384046749,1.69559575105022
0.90269503754656,0.875707739007083,0.835566920849337,1.03842655778434,0.891965233409429,0.930737479016088,1.21587014083527,1.31733106113451
0.985505896079434,0.797469121823526,0.699769723307508,1.04146066238929,0.930737479016088,0.92428772908575,1.11428747723604,1.13973794737535
1.64782817643607,1.12842286191896,0.984378129950121,1.32455384046749,1.21587014083527,1.11428747723604,1.32966134989497,1.3293202951961
1.00123897667466,1.01909075687345,1.01854085621138,1.69559575105022,1.31733106113451,1.13973794737535,1.3293202951961,1.16308704126149
