"[0,1)","[1,5)","[5,15)","[15,25)","[25,45)","[45,65)","[65,75)","[75,+)"
0.730913783555508,0.831020780036781,0.896127585180941,0.885377116575261,0.860556426992051,0.811314494599483,0.797596263040706,0.789875946246349
0.831020780036781,0.771279979865096,0.86506659908986,0.851138755710408,0.848422048833706,0.821616061545001,0.793319926137294,0.790234141580742
0.896127585180941,0.86506659908986,0.748135209239508,0.842154355809361,0.849522727189225,0.803358734479359,0.806586236557904,0.790066071317816
0.885377116575261,0.851138755710408,0.842154355809361,0.848588080149169,0.819674480042069,0.833477843536174,0.814188205055431,0.790111692523431
0.860556426992051,0.848422048833705,0.849522727189225,0.819674480042069,0.79822772653886,0.791836696009596,0.796257485635236,0.797720242962654
0.811314494599483,0.821616061545002,0.803358734479359,0.833477843536174,0.791836696009596,0.814494499570288,0.804081674468367,0.799084970628614
0.797596263040706,0.793319926137294,0.806586236557904,0.814188205055431,0.796257485635236,0.804081674468367,0.837879025286643,0.831199435406946
0.789875946246349,0.790234141580742,0.790066071317816,0.790111692523431,0.797720242962654,0.799084970628614,0.831199435406946,0.931404461967052
