"[0,1)","[1,5)","[5,15)","[15,25)","[25,45)","[45,65)","[65,75)","[75,+)"
0.828706053567464,0.986737636095983,1.01028485325509,1.00221341190918,0.963329812988179,1.00833936838523,1.01582318507546,1.00788831533586
0.986737636095983,0.872614889567943,0.979206568234639,0.969630484490571,0.950868991306676,0.984029033459527,0.999876038996099,1.00818452822242
1.01028485325509,0.979206568234639,0.847760356475594,0.948070875561561,0.940389998583182,0.9288565739749,0.976097337948571,1.00481070512657
1.00221341190918,0.969630484490571,0.948070875561561,0.927976051485595,0.913744836157651,0.934619140162083,0.960692388279713,0.997311579756409
0.963329812988179,0.950868991306676,0.940389998583182,0.913744836157651,0.888544476517015,0.897698403778927,0.956358757125373,0.978354503065467
1.00833936838523,0.984029033459527,0.928856573974901,0.934619140162083,0.897698403778927,0.910885269298408,0.940972529541874,0.942230117427226
1.01582318507546,0.999876038996099,0.97609733794857,0.960692388279713,0.956358757125373,0.940972529541874,0.952485210501801,0.973182345071706
1.00788831533586,1.00818452822242,1.00481070512657,0.997311579756409,0.978354503065467,0.942230117427226,0.973182345071706,0.975279927818087
