"[0,1)","[1,5)","[5,15)","[15,25)","[25,45)","[45,65)","[65,75)","[75,+)"
0.80671985896437,0.941038837629134,0.966986515564997,0.963091330141035,0.934721407478531,0.937862982068872,0.940484289350754,0.932259542954238
0.941038837629134,0.851859436797165,0.945974122819787,0.926199353078668,0.915252279877362,0.930212748356094,0.928182505358834,0.932667649013577
0.966986515564997,0.945974122819787,0.825729507722116,0.911008672773626,0.933710182224161,0.908198392811044,0.936539472482469,0.927245845938944
0.963091330141035,0.926199353078668,0.911008672773626,0.872105752429948,0.899681107569652,0.91376622959682,0.920624103811273,0.920599856505057
0.934721407478531,0.915252279877362,0.933710182224161,0.899681107569652,0.881315916697066,0.873170225206546,0.893679588719607,0.917691428035243
0.937862982068872,0.930212748356094,0.908198392811044,0.91376622959682,0.873170225206546,0.906077838623351,0.878645854431373,0.900015894453787
0.940484289350754,0.928182505358834,0.936539472482469,0.920624103811273,0.893679588719607,0.878645854431373,0.896437915103288,0.880294034022032
0.932259542954238,0.932667649013577,0.927245845938944,0.920599856505057,0.917691428035243,0.900015894453787,0.880294034022032,1
