"[0,1)","[1,5)","[5,15)","[15,25)","[25,45)","[45,65)","[65,75)","[75,+)"
0.328046434744984,0.555665543068571,0.717844450358244,0.693356904612796,0.639231311410556,0.493181625575663,0.401748028628917,0.491239655280652
0.555665543068571,0.374977190342617,0.637400084896119,0.61821518638944,0.614437223949429,0.539243435463641,0.460865995765588,0.487087561009426
0.717844450358244,0.637400084896119,0.335386646333793,0.591358558575442,0.62570256638708,0.515469798169886,0.496064635726747,0.475380433601125
0.693356904612796,0.61821518638944,0.591358558575442,0.619529243511166,0.579421040904854,0.599585396476879,0.501933518353078,0.483295418518092
0.639231311410556,0.614437223949429,0.62570256638708,0.579421040904854,0.546654916465505,0.516360831934457,0.475006237265652,0.423730032849835
0.493181625575663,0.539243435463641,0.515469798169886,0.599585396476879,0.516360831934457,0.539181614843672,0.45313659910577,0.424205464590765
0.401748028628917,0.460865995765588,0.496064635726748,0.501933518353078,0.475006237265652,0.45313659910577,0.513111064249109,0.498190417064791
0.491239655280652,0.487087561009426,0.475380433601125,0.483295418518092,0.423730032849835,0.424205464590765,0.49819041706479,0.798579897371077
