"[0,1)","[1,5)","[5,15)","[15,25)","[25,45)","[45,65)","[65,75)","[75,+)"
0.257122604261732,0.595155346292475,0.789090214124729,0.858082526118963,0.768018348719887,0.568428475613339,0.942712192927531,0.457523203888526
0.595155346292475,0.413737532321404,0.708330283722898,0.711994543543614,0.721542780675565,0.569152121327351,0.544784848190371,0.489587148952383
0.789090214124729,0.708330283722898,0.398154493756132,0.642684509760016,0.778935767272426,0.5765428633714,0.609812259245387,0.485651742255676
0.858082526118963,0.711994543543614,0.642684509760016,0.477101507942063,0.768505413679988,0.739884500982578,0.762112731421763,0.637110820662108
0.768018348719887,0.721542780675565,0.778935767272426,0.768505413679988,0.753031665701987,0.666586625488389,0.717354558689703,0.710781024643403
0.568428475613339,0.569152121327351,0.5765428633714,0.739884500982578,0.666586625488389,0.702297057498358,0.664938892441361,0.597376048385166
0.942712192927531,0.544784848190371,0.609812259245387,0.762112731421763,0.717354558689703,0.664938892441361,0.713427863828309,0.729829103171779
0.457523203888526,0.489587148952383,0.485651742255676,0.637110820662108,0.710781024643403,0.597376048385166,0.729829103171779,1
