"[0,1)","[1,5)","[5,15)","[15,25)","[25,45)","[45,65)","[65,75)","[75,+)"
0.0534071067413064,0.42480308693231,0.622005588522681,0.694399689914195,0.62552339218294,0.340697816060869,0.390775127635558,0.231625344189372
0.42480308693231,0.224477511855681,0.599351659671694,0.532882633052527,0.576928985628981,0.394516932195486,0.252841008944528,0.237625937724124
0.622005588522681,0.599351659671694,0.22492774644927,0.468606618681692,0.659045581573144,0.41193826788116,0.422237473648373,0.254642708126574
0.694399689914195,0.532882633052527,0.468606618681692,0.276026117469207,0.552316221575301,0.550657456109891,0.459113171771363,0.269907907853275
0.62552339218294,0.576928985628981,0.659045581573144,0.552316221575301,0.518651269885431,0.418539719840531,0.397555885805358,0.31441864771487
0.340697816060869,0.394516932195486,0.41193826788116,0.550657456109891,0.418539719840531,0.535475758650583,0.399608836094265,0.288052046187491
0.390775127635558,0.252841008944528,0.422237473648373,0.459113171771363,0.397555885805358,0.399608836094265,0.47119896115541,0.422979442207266
0.231625344189372,0.237625937724124,0.254642708126574,0.269907907853275,0.31441864771487,0.288052046187491,0.422979442207266,1
