"[0,1)","[1,5)","[5,15)","[15,25)","[25,45)","[45,65)","[65,75)","[75,+)"
0.185823199854253,0.532956231308922,0.718140585080554,0.725947998420332,0.653589505401675,0.40256966715824,0.629167116835873,0.269892342487747
0.532956231308922,0.358199441799388,0.624492499281107,0.60664388543299,0.608600387870863,0.429609542603466,0.327417694944288,0.284024109671683
0.718140585080554,0.624492499281107,0.331679086045235,0.546827777841366,0.67828588704852,0.441080240140619,0.435615095709474,0.28085367155956
0.725947998420332,0.606643885432991,0.546827777841366,0.441556369484596,0.598667345557989,0.581575107094459,0.512611016103647,0.392949111421172
0.653589505401675,0.608600387870863,0.67828588704852,0.598667345557989,0.516110076053188,0.421425927436367,0.418657528591641,0.33762886032482
0.40256966715824,0.429609542603466,0.441080240140619,0.581575107094459,0.421425927436367,0.52680179381673,0.390061738647408,0.307999506798217
0.629167116835873,0.327417694944288,0.435615095709474,0.512611016103647,0.418657528591641,0.390061738647408,0.483094614759299,0.452552841285961
0.269892342487747,0.284024109671683,0.28085367155956,0.392949111421172,0.33762886032482,0.307999506798217,0.452552841285961,1
