"[0,1)","[1,5)","[5,15)","[15,25)","[25,45)","[45,65)","[65,75)","[75,+)"
1.04391695231354,1.1524564381276,1.09206613342773,1.11241209161271,1.05574251225993,1.20663269321558,1.20769333763432,1.07267056798676
1.1524564381276,1.0332740534639,1.08211243419866,1.04585073803582,1.03154473862184,1.14656246057578,1.09486171997853,1.07677779003425
1.09206613342773,1.08211243419866,1.04054803883748,0.976794481976569,1.01647842628122,1.08762323141805,1.04717649069235,1.07218911730552
1.11241209161272,1.04585073803582,0.976794481976568,0.749242338295246,0.95441204460684,1.04713168789277,1.06518929655066,1.09265803754622
1.05574251225993,1.03154473862184,1.01647842628122,0.95441204460684,0.92676448838505,1.02681778605482,1.03751145951396,1.14751146009511
1.20663269321558,1.14656246057578,1.08762323141805,1.04713168789277,1.02681778605482,1.08917349602334,1.07684473569304,1.06698439597774
1.20769333763432,1.09486171997853,1.04717649069235,1.06518929655066,1.03751145951396,1.07684473569304,0.999606939734184,1.0501558124588
1.07267056798676,1.07677779003425,1.07218911730552,1.09265803754622,1.14751146009511,1.06698439597774,1.0501558124588,0.958630333575541
