"[0,1)","[1,5)","[5,15)","[15,25)","[25,45)","[45,65)","[65,75)","[75,+)"
0.812492673883481,0.615047239618717,0.6826745705286,0.748041821189853,0.754526818628467,0.488444439148792,0.496591315155572,0.552446250908674
0.615047239618717,0.903622719678208,0.765302438670741,0.75428956366717,0.758060981188293,0.574840108769966,0.566263667252491,0.550519457750242
0.6826745705286,0.765302438670741,0.886224587487954,0.787459879534981,0.793785414830223,0.624411719568891,0.62633291291456,0.545264943453101
0.748041821189853,0.75428956366717,0.787459879534981,0.898252647535549,0.730452549754126,0.69543655189672,0.689820534820596,0.664910886751863
0.754526818628466,0.758060981188293,0.793785414830223,0.730452549754125,0.630760605308787,0.556098974984212,0.695196673589985,0.631396212433203
0.488444439148792,0.574840108769966,0.624411719568891,0.69543655189672,0.556098974984212,0.633737618361858,0.579789648069202,0.579640455778957
0.496591315155572,0.566263667252491,0.62633291291456,0.689820534820596,0.695196673589985,0.579789648069202,0.649124335436556,0.612557285321219
0.552446250908674,0.550519457750242,0.545264943453101,0.664910886751862,0.631396212433203,0.579640455778957,0.612557285321219,1
