"[0,1)","[1,5)","[5,15)","[15,25)","[25,45)","[45,65)","[65,75)","[75,+)"
0.817540883501456,1.01160774565191,1.09118484873855,1.09209225562433,1.08676962434894,1.05770441477932,1.66332534772739,1.02321044656562
1.01160774565191,0.884718582226814,0.992989183833314,1.01090506844236,0.996144116780339,0.927571472000804,1.11447544065417,1.04163848181741
1.09118484873855,0.992989183833314,0.882054943060242,0.995802271758063,1.00963700574361,0.913681539764158,1.05757882383715,1.04610101940028
1.09209225562433,1.01090506844236,0.995802271758063,0.943655779721888,1.00088698712861,0.961701584712124,1.14520487212478,1.0867339379614
1.08676962434894,0.996144116780339,1.00963700574361,1.00088698712861,1.04648246263495,0.969894651506574,1.10712863518549,1.17417631266368
1.05770441477932,0.927571472000804,0.913681539764158,0.961701584712124,0.969894651506574,0.921592922357018,1.04428931309105,0.976547464781517
1.66332534772739,1.11447544065417,1.05757882383715,1.14520487212478,1.10712863518549,1.04428931309105,1.14095511410156,1.18623560647974
1.02321044656562,1.04163848181741,1.04610101940028,1.0867339379614,1.17417631266368,0.976547464781517,1.18623560647974,1
