"[0,1)","[1,5)","[5,15)","[15,25)","[25,45)","[45,65)","[65,75)","[75,+)"
0.597982477369255,0.640088061230426,0.753902244253883,0.785456301140452,0.802800843280455,0.544294654662487,0.662299796930116,0.475784891268581
0.640088061230426,0.705329378574915,0.759018095637618,0.701518988154214,0.74517379068621,0.569611092344777,0.509474819880525,0.482218980563084
0.753902244253883,0.759018095637618,0.698711564828997,0.714275050714849,0.791853314472408,0.612470598957256,0.602396287028345,0.487268554879273
0.785456301140452,0.701518988154214,0.714275050714849,0.696576054548608,0.674620690504216,0.655934193893137,0.616417323379496,0.466590035039134
0.802800843280455,0.745173790686211,0.791853314472408,0.674620690504216,0.669296123496365,0.556444066043575,0.551276420701708,0.495243288863347
0.544294654662487,0.569611092344777,0.612470598957256,0.655934193893137,0.556444066043575,0.643749836467641,0.568757212600743,0.449471027913244
0.662299796930116,0.509474819880525,0.602396287028346,0.616417323379496,0.551276420701708,0.568757212600743,0.658758554729872,0.646637738329915
0.475784891268581,0.482218980563084,0.487268554879273,0.466590035039134,0.495243288863347,0.449471027913244,0.646637738329915,1
