"[0,1)","[1,5)","[5,15)","[15,25)","[25,45)","[45,65)","[65,75)","[75,+)"
0.0674451391044501,0.446379766562655,0.606300523159955,0.652776040551173,0.574894469112428,0.355188366314058,0.314232935498667,0.290683969822829
0.446379766562655,0.224596568279335,0.584866886227559,0.509338697645048,0.554601700942564,0.41700962279607,0.288844375294456,0.291852452730405
0.606300523159955,0.584866886227559,0.225921586372632,0.441197701074697,0.631859674865833,0.427309602460904,0.429016334160064,0.290534679144323
0.652776040551173,0.509338697645048,0.441197701074697,0.248502764466099,0.507895280131292,0.528987516374165,0.428035966663335,0.288732904901031
0.574894469112428,0.554601700942564,0.631859674865833,0.507895280131292,0.468124027358152,0.396890322097729,0.372839032640564,0.303870066651485
0.355188366314058,0.41700962279607,0.427309602460904,0.528987516374165,0.396890322097729,0.539865709055606,0.386087261034586,0.313828169931497
0.314232935498667,0.288844375294456,0.429016334160064,0.428035966663335,0.372839032640564,0.386087261034586,0.460814274463198,0.41024726638352
0.290683969822829,0.291852452730405,0.290534679144323,0.288732904901031,0.303870066651485,0.313828169931497,0.41024726638352,1
