"[0,1)","[1,5)","[5,15)","[15,25)","[25,45)","[45,65)","[65,75)","[75,+)"
0.907434636528051,0.955749482196036,0.975854888407488,0.96701736120606,0.949089481589919,0.955196524062208,0.954186730809063,0.946316493586745
0.955749482196037,0.9245824800584,0.96252865052652,0.910103003056474,0.939632153074776,0.94669872206538,0.945367524403882,0.946695452496255
0.975854888407488,0.96252865052652,0.923137420913436,0.857044893354759,0.93703032193154,0.919989210938074,0.940646409021402,0.944349541150439
0.96701736120606,0.910103003056474,0.857044893354759,0.654202608770147,0.883977337606415,0.905031702474049,0.92656876274881,0.943541870395618
0.949089481589919,0.939632153074776,0.93703032193154,0.883977337606415,0.895270623170691,0.899921826089152,0.927873606428234,0.947426665143635
0.955196524062208,0.94669872206538,0.919989210938074,0.905031702474049,0.899921826089152,0.919412838904556,0.936423500945102,0.943732344335818
0.954186730809063,0.945367524403882,0.940646409021402,0.92656876274881,0.927873606428234,0.936423500945102,0.956975902799446,0.957585072162651
0.946316493586745,0.946695452496255,0.944349541150439,0.943541870395618,0.947426665143635,0.943732344335818,0.957585072162651,0.983479201518379
