"[0,1)","[1,5)","[5,15)","[15,25)","[25,45)","[45,65)","[65,75)","[75,+)"
0.772459959640399,0.89597366102094,0.991443567125712,1.06377584430723,0.983630294219104,0.887305509430337,1.55703192670283,0.76474425049197
0.89597366102094,0.833670098849673,0.888118702565638,0.973267707624335,0.949191236463755,0.835197471002709,0.977447511472498,0.792412041120475
0.991443567125712,0.888118702565638,0.790625466367671,0.937414334584553,0.92954999085956,0.842372519731229,0.922579893805623,0.813802124807164
1.06377584430723,0.973267707624335,0.937414334584553,0.93072986718357,0.96751182531839,0.969539672478603,1.1680983475548,1.05566192252677
0.983630294219103,0.949191236463754,0.92954999085956,0.96751182531839,0.915561026552141,0.935773660873223,1.17639176941413,1.25309813993371
0.887305509430337,0.835197471002709,0.842372519731229,0.969539672478603,0.935773660873223,0.901122265854718,1.01442911612858,0.968913265363314
1.55703192670284,0.977447511472497,0.922579893805623,1.1680983475548,1.17639176941413,1.01442911612858,1.04818030522217,1.15126588488388
0.76474425049197,0.792412041120475,0.813802124807164,1.05566192252677,1.25309813993371,0.968913265363314,1.15126588488388,0.974995385771016
