"[0,1)","[1,5)","[5,15)","[15,25)","[25,45)","[45,65)","[65,75)","[75,+)"
0.807350660763563,1.01240695288711,1.00472332241993,1.01452428260784,0.958317235944599,1.00757594663949,0.902161504299803,0.91983700879184
1.01240695288711,0.871323847168714,0.994568656500974,0.927433019413624,0.940952880308947,0.988982185175188,0.913743459905033,0.919185341712662
1.00472332241993,0.994568656500974,0.88518688745168,0.859535948579257,0.932238909412432,0.954355018451568,0.914661532910542,0.913737539033609
1.01452428260784,0.927433019413624,0.859535948579257,0.61738520298133,0.834483813514906,0.910934723372365,0.889792606405008,0.783100134683908
0.958317235944599,0.940952880308947,0.932238909412432,0.834483813514906,0.815181632784082,0.896894461283885,0.906516045506558,0.948516380617978
1.00757594663949,0.988982185175188,0.954355018451568,0.910934723372365,0.896894461283885,0.951049462609931,0.899623483306396,0.864248181252524
0.902161504299802,0.913743459905033,0.914661532910542,0.889792606405008,0.906516045506558,0.899623483306396,0.819144260378485,0.850578856821524
0.91983700879184,0.919185341712663,0.913737539033609,0.783100134683908,0.948516380617978,0.864248181252524,0.850578856821524,0.891008087034313
