"[0,1)","[1,5)","[5,15)","[15,25)","[25,45)","[45,65)","[65,75)","[75,+)"
0.846797015275604,0.740088971845903,0.825980877581444,0.826588272440566,0.844309409728545,0.72458373326849,0.736046277748981,0.61332830509873
0.740088971845903,0.836262086165992,0.804398501670639,0.772885989706728,0.793916085376346,0.735962909861101,0.663357350302509,0.620722237487786
0.825980877581443,0.804398501670638,0.850011008939802,0.793747215133353,0.812170775347699,0.772166641191855,0.69735701193535,0.633964374279015
0.826588272440566,0.772885989706727,0.793747215133353,0.783337746244884,0.712457046728164,0.774901842136874,0.713454358197474,0.658869128671038
0.844309409728545,0.793916085376346,0.812170775347699,0.712457046728164,0.662810649667815,0.701287162360431,0.677592818031775,0.708866943992104
0.72458373326849,0.735962909861101,0.772166641191855,0.774901842136874,0.701287162360431,0.771228197347182,0.728470946895725,0.709035336491117
0.736046277748981,0.663357350302509,0.69735701193535,0.713454358197474,0.677592818031775,0.728470946895725,0.777331228815037,0.76528540200167
0.61332830509873,0.620722237487786,0.633964374279015,0.658869128671038,0.708866943992104,0.709035336491117,0.76528540200167,0.897746160399699
