"[0,1)","[1,5)","[5,15)","[15,25)","[25,45)","[45,65)","[65,75)","[75,+)"
1.07286339378206,1.23517467575115,1.17447290816842,1.16033990910719,1.11604593857487,1.31038581826651,1.55056561842644,1.22185117672524
1.23517467575115,1.08055231337575,1.13184602259386,1.07136433191465,1.08503166160037,1.18041854333845,1.28534720970113,1.23134755573679
1.17447290816842,1.13184602259386,1.08926471815555,1.00681922765868,1.05950694975473,1.09309926325164,1.18437440821944,1.22359839400628
1.16033990910719,1.07136433191465,1.00681922765868,0.73538258678416,0.97891241299368,1.03534356196392,1.17692359966984,1.15224021638861
1.11604593857487,1.08503166160037,1.05950694975473,0.97891241299368,0.959866325279763,1.02819622591133,1.21582445989918,1.36465517527804
1.31038581826651,1.18041854333845,1.09309926325164,1.03534356196392,1.02819622591133,1.05812141515404,1.18365816858487,1.17001541053657
1.55056561842644,1.28534720970113,1.18437440821944,1.17692359966984,1.21582445989918,1.18365816858487,1.1263673107751,1.21829059849307
1.22185117672524,1.23134755573679,1.22359839400628,1.15224021638861,1.36465517527804,1.17001541053657,1.21829059849307,1.01243545025191
