"[0,1)","[1,5)","[5,15)","[15,25)","[25,45)","[45,65)","[65,75)","[75,+)"
0.804603227114408,0.932605562487802,0.958233288238923,0.955434680083149,0.931205618589735,0.926063496851618,0.929197978934797,0.920377976390224
0.932605562487802,0.845810774550876,0.937950916547416,0.922286650733859,0.912845705162549,0.921495347742026,0.917288799449812,0.920825981842511
0.958233288238923,0.937950916547416,0.824638155418192,0.910461378956043,0.931025888433705,0.901590048918867,0.926099069822281,0.915155146694162
0.955434680083149,0.922286650733859,0.910461378956043,0.889898866907098,0.898029388121487,0.909820378827103,0.910099163037385,0.907576300114073
0.931205618589735,0.912845705162549,0.931025888433705,0.898029388121487,0.878170970970263,0.870904814671703,0.889604050015051,0.908768508690756
0.926063496851618,0.921495347742026,0.901590048918867,0.909820378827103,0.870904814671703,0.901022114245813,0.86945674385702,0.892640584472717
0.929197978934797,0.917288799449812,0.926099069822281,0.910099163037385,0.88960405001505,0.86945674385702,0.885913719574558,0.868154624387393
0.920377976390224,0.920825981842511,0.915155146694162,0.907576300114073,0.908768508690756,0.892640584472717,0.868154624387393,1
