"[0,1)","[1,5)","[5,15)","[15,25)","[25,45)","[45,65)","[65,75)","[75,+)"
0.104593434836536,0.528683368728764,0.689034875810864,0.723217071874262,0.666757918280236,0.451510481528113,0.420399833284703,0.393227722735816
0.528683368728764,0.26516982176188,0.641653973476927,0.620867457839311,0.63281428363906,0.506905655432849,0.392086533731954,0.394093249507094
0.689034875810864,0.641653973476927,0.274688553850711,0.594788444571846,0.702608133729725,0.520580857186448,0.522965822026051,0.393740652098057
0.723217071874262,0.620867457839311,0.594788444571846,0.62599392745008,0.625166735225952,0.628650674935676,0.541915330875071,0.397477093004609
0.666757918280236,0.632814283639059,0.702608133729725,0.625166735225952,0.582195660658994,0.507465989070776,0.483304814430373,0.409061553846185
0.451510481528113,0.50690565543285,0.520580857186448,0.628650674935677,0.507465989070776,0.624553898253997,0.508541444016346,0.41936787393697
0.420399833284703,0.392086533731954,0.522965822026051,0.541915330875071,0.483304814430373,0.508541444016346,0.580633108489187,0.551801753710985
0.393227722735816,0.394093249507094,0.393740652098057,0.39747709300461,0.409061553846185,0.41936787393697,0.551801753710985,1
