"[0,1)","[1,5)","[5,15)","[15,25)","[25,45)","[45,65)","[65,75)","[75,+)"
0.150402116450669,0.899705363213047,0.96825568032288,0.957653471679163,0.862722500723087,0.946316944930313,0.945184421265168,0.936303828908181
0.899705363213047,0.37074647212325,0.858143689693557,0.85989255127506,0.850678414862018,0.911011852672393,0.915511913649805,0.936737624475558
0.96825568032288,0.858143689693557,0.407292917103076,0.766810465933899,0.890578173804285,0.851623874560954,0.938754762404906,0.927845803678825
0.957653471679163,0.85989255127506,0.766810465933899,0.59134593175331,0.90720133807083,0.929277031875679,0.945508785225813,0.934105548950668
0.862722500723087,0.850678414862018,0.890578173804285,0.90720133807083,0.909236905675944,0.910219989300241,0.913987577404767,0.928209537252165
0.946316944930313,0.911011852672393,0.851623874560954,0.929277031875679,0.910219989300241,0.943745863703894,0.936579535395808,0.921698615641455
0.945184421265168,0.915511913649805,0.938754762404906,0.945508785225813,0.913987577404767,0.936579535395808,0.953548685766513,0.956998975034816
0.936303828908181,0.936737624475558,0.927845803678825,0.934105548950668,0.928209537252165,0.921698615641455,0.956998975034816,1
