"[0,1)","[1,5)","[5,15)","[15,25)","[25,45)","[45,65)","[65,75)","[75,+)"
0.605832322106333,0.898821306272649,0.95358519348239,0.942592352090814,0.895973908138008,0.911032153766995,0.912458979351468,0.903033988565101
0.898821306272649,0.829544854369208,0.921475709979557,0.906390712144601,0.89487417735004,0.900489670805318,0.898385570142168,0.903502254204584
0.95358519348239,0.921475709979557,0.802272645738348,0.890867125971631,0.891755712723788,0.861113100343186,0.888832435891471,0.897542743734113
0.942592352090814,0.906390712144601,0.890867125971631,0.877993642376509,0.854726165681196,0.873916978219316,0.876813562692867,0.892878271077815
0.895973908138008,0.89487417735004,0.891755712723788,0.854726165681196,0.829154383571034,0.828832812508081,0.868005225218663,0.876704277346541
0.911032153766995,0.900489670805318,0.861113100343186,0.873916978219316,0.828832812508081,0.84302180112602,0.851453459948978,0.845496063713221
0.912458979351468,0.898385570142168,0.888832435891471,0.876813562692867,0.868005225218663,0.851453459948979,0.869512808985737,0.887048032637543
0.903033988565101,0.903502254204584,0.897542743734113,0.892878271077815,0.876704277346541,0.845496063713221,0.887048032637543,0.940918510383376
