"[0,1)","[1,5)","[5,15)","[15,25)","[25,45)","[45,65)","[65,75)","[75,+)"
0.81840726753819,0.875600289589262,0.914410151677701,0.921569905506195,0.913952478702314,0.853149298634898,0.840934155784306,0.83475990551874
0.875600289589262,0.890595112544627,0.92570841938102,0.897984836721251,0.909732585317031,0.871138267402205,0.837067249248999,0.835000137565903
0.914410151677701,0.92570841938102,0.896644381904111,0.906526844147358,0.925887670506007,0.886825587894378,0.872943133674502,0.836217820907676
0.921569905506195,0.897984836721251,0.906526844147358,0.901457096721059,0.887367759369476,0.892198640887366,0.871347414107307,0.835266831545999
0.913952478702315,0.909732585317032,0.925887670506007,0.887367759369476,0.878400641827084,0.851459834320217,0.849457657110139,0.832714426491531
0.853149298634898,0.871138267402204,0.886825587894378,0.892198640887366,0.851459834320217,0.895178286004506,0.865874424744268,0.833628978988467
0.840934155784306,0.837067249248999,0.872943133674502,0.871347414107307,0.849457657110139,0.865874424744268,0.889261513223294,0.88365224048823
0.83475990551874,0.835000137565903,0.836217820907676,0.835266831545999,0.832714426491531,0.833628978988467,0.88365224048823,1
