"[0,1)","[1,5)","[5,15)","[15,25)","[25,45)","[45,65)","[65,75)","[75,+)"
0.877055074544182,0.962521781109503,0.985321669725841,0.97714303303919,0.953090921847942,0.968632427463841,0.967545900522221,0.958963899093727
0.962521781109503,0.908307056064915,0.971067078501764,0.92314115791751,0.949269382758343,0.959726610345252,0.957897556896658,0.959284269748701
0.985321669725841,0.971067078501764,0.91732257400773,0.866960196295173,0.945045085795687,0.931250242231154,0.954701512577454,0.960433983292057
0.97714303303919,0.92314115791751,0.866960196295173,0.662953589310794,0.899514465101454,0.921082584184945,0.941293861891397,0.95749055132961
0.953090921847942,0.949269382758343,0.945045085795687,0.899514465101454,0.913207596735692,0.920233581434894,0.945293822757895,0.965603124406532
0.968632427463841,0.959726610345252,0.931250242231154,0.921082584184945,0.920233581434894,0.938319995728525,0.956287666807737,0.964562760068305
0.967545900522221,0.957897556896658,0.954701512577454,0.941293861891397,0.945293822757895,0.956287666807736,0.975739460599576,0.974079978852223
0.958963899093727,0.959284269748701,0.960433983292057,0.95749055132961,0.965603124406532,0.964562760068305,0.974079978852223,0.989883714933277
