"[0,1)","[1,5)","[5,15)","[15,25)","[25,45)","[45,65)","[65,75)","[75,+)"
0.934930834403663,0.78325426426716,0.884932346532316,0.855408168533051,0.920748125827075,0.795562785292646,1.16486224436979,0.643887553592789
0.78325426426716,0.924124838953587,0.818219517914611,0.785855973557901,0.870362333116874,0.76697454007985,0.80214887883059,0.675277019673629
0.884932346532316,0.818219517914611,0.918599605086555,0.751669601287835,0.878025314332672,0.809772991656822,0.788133204065316,0.692046692427762
0.855408168533051,0.785855973557901,0.751669601287835,0.544286927616307,0.799043665626507,0.832610447503889,0.826494060924062,0.845085567293187
0.920748125827075,0.870362333116874,0.878025314332672,0.799043665626507,0.813599797447845,0.853408853901201,0.918708553341979,0.939982632583164
0.795562785292646,0.76697454007985,0.809772991656822,0.832610447503889,0.853408853901201,0.882681802349778,0.887764058659375,0.870046455851157
1.16486224436979,0.80214887883059,0.788133204065316,0.826494060924062,0.918708553341979,0.887764058659374,0.915929025992175,0.939550876125891
0.64388755359279,0.675277019673629,0.692046692427762,0.845085567293187,0.939982632583164,0.870046455851158,0.939550876125891,0.959516788435974
