"[0,1)","[1,5)","[5,15)","[15,25)","[25,45)","[45,65)","[65,75)","[75,+)"
0.564551754457504,1.27563315524514,1.20807172515619,1.10072692481928,1.08512899537006,1.26685875812911,1.20664999995731,1.17965808342878
1.27563315524514,0.712760009062006,1.08616424570486,1.0130781845153,1.04589682190498,1.17695899768518,1.17313316127397,1.18067578836249
1.20807172515619,1.08616424570486,0.757095782186807,0.942312706569908,1.06835161215599,1.1010028569444,1.12211006485329,1.16396979497159
1.10072692481928,1.0130781845153,0.942312706569909,0.659017501042144,1.025751739268,1.00999951182723,1.00437442931822,0.917078923477926
1.08512899537006,1.04589682190498,1.06835161215599,1.025751739268,1.10449776062604,1.111923015799,1.19803583480177,1.2159462301055
1.26685875812911,1.17695899768519,1.1010028569444,1.00999951182723,1.111923015799,1.05044487422925,1.05024926169561,1.06069648192784
1.20664999995731,1.17313316127397,1.12211006485329,1.00437442931822,1.19803583480177,1.05024926169561,0.923539734303795,0.941358952870002
1.17965808342878,1.18067578836249,1.16396979497159,0.917078923477926,1.2159462301055,1.06069648192784,0.941358952870002,1
