"[0,1)","[1,5)","[5,15)","[15,25)","[25,45)","[45,65)","[65,75)","[75,+)"
1.11476086219962,0.954093172617195,1.02094130523032,0.97716806308266,1.03102074256835,1.06399870531415,1.35989774190315,1.12279605778264
0.954093172617195,1.08448208711194,0.973930196406978,0.936079987601813,0.983032822866232,0.972978027544314,1.15689278707357,1.13034857582323
1.02094130523032,0.973930196406978,1.07753038832787,0.905063845435197,0.991271236980492,0.970328278613964,1.09610428823702,1.12318686555606
0.97716806308266,0.936079987601813,0.905063845435197,0.650124173451444,0.964938093979697,0.983285294123763,1.13935331430452,1.25401600201579
1.03102074256835,0.983032822866232,0.991271236980492,0.964938093979697,0.995339077200714,1.01541152863249,1.17968969002468,1.29458137698916
1.06399870531415,0.972978027544314,0.970328278613963,0.983285294123763,1.0154115286325,1.01938542405672,1.13808834967415,1.19365818679362
1.35989774190315,1.15689278707357,1.09610428823702,1.13935331430452,1.17968969002468,1.13808834967415,1.2566136147941,1.25402933772907
1.12279605778264,1.13034857582323,1.12318686555606,1.25401600201579,1.29458137698916,1.19365818679362,1.25402933772907,1
