"[0,1)","[1,5)","[5,15)","[15,25)","[25,45)","[45,65)","[65,75)","[75,+)"
0.254718709214926,1.34066430314562,1.30407500119913,1.20413481649298,1.082262399716,1.3118117818371,1.57233779810507,1.16986116612174
1.34066430314562,0.509022078543158,1.09981689597579,1.08347054789896,1.01636828076362,1.16685431641542,1.20853479524385,1.18268145474705
1.30407500119913,1.09981689597579,0.577809847435212,0.997230316397428,1.04961568491152,1.07675992095312,1.13998402297889,1.16812097115114
1.20413481649298,1.08347054789896,0.997230316397428,0.790978291585203,1.10393277662998,1.08057434936805,1.16120924065244,1.10700866279954
1.082262399716,1.01636828076362,1.04961568491152,1.10393277662998,1.10631353789258,1.04469785258074,1.13892635607038,1.11373713239425
1.3118117818371,1.16685431641542,1.07675992095312,1.08057434936805,1.04469785258074,1.01643090121822,1.08703761490884,0.996320489587723
1.57233779810507,1.20853479524385,1.13998402297889,1.16120924065244,1.13892635607038,1.08703761490884,0.961105577794736,1.04645299416197
1.16986116612174,1.18268145474705,1.16812097115114,1.10700866279954,1.11373713239425,0.996320489587723,1.04645299416197,1
