"[0,1)","[1,5)","[5,15)","[15,25)","[25,45)","[45,65)","[65,75)","[75,+)"
0.861830105297343,0.946311365887496,0.995107995184583,0.988624973781303,0.960653831688174,1.0331107419526,1.18120740280318,1.00375107541745
0.946311365887496,0.891480836550699,0.938352919086833,0.907612846051621,0.938347831161627,0.957762542881273,1.0375574181436,1.00865049432599
0.995107995184583,0.938352919086833,0.870223906824362,0.841119817510675,0.920684451154387,0.908905980495618,1.00603155718244,1.01589112951313
0.988624973781303,0.907612846051621,0.841119817510675,0.625095538787836,0.8648890052263,0.928391219122891,1.02823438840407,1.09267538606256
0.960653831688174,0.938347831161626,0.920684451154387,0.864889005226301,0.859581392877294,0.9267242543336,1.04872947924303,1.14422560472899
1.0331107419526,0.957762542881273,0.908905980495618,0.92839121912289,0.9267242543336,0.983551369296447,1.07587432051462,1.09194342028257
1.18120740280318,1.0375574181436,1.00603155718244,1.02823438840407,1.04872947924303,1.07587432051462,1.14854890031826,1.14828448716069
1.00375107541745,1.00865049432599,1.01589112951313,1.09267538606256,1.14422560472899,1.09194342028257,1.14828448716069,1.05914171474064
