"[0,1)","[1,5)","[5,15)","[15,25)","[25,45)","[45,65)","[65,75)","[75,+)"
0.887335255664015,0.971550328430655,1.0665212175175,1.11681725128081,1.0656856207213,1.0287657024257,1.69595305258238,0.889999173131528
0.971550328430655,0.911637295985758,0.902631167077819,1.03532655553571,1.02159308397577,0.87409423194472,1.08704485212762,0.912250877168067
1.0665212175175,0.902631167077819,0.891011190956749,0.953804596370412,0.994167793485812,0.85992416299813,0.995941530597001,0.927877963034809
1.11681725128081,1.03532655553571,0.953804596370412,0.86519019108216,1.08597606442093,1.06038956317869,1.26520221983404,1.51068029375941
1.06568562072131,1.02159308397577,0.994167793485813,1.08597606442093,0.987057841834593,1.00623330940559,1.26697757210282,1.36659097845992
1.0287657024257,0.87409423194472,0.85992416299813,1.06038956317869,1.00623330940559,0.968243961792226,1.10916073232284,1.10418551188656
1.69595305258238,1.08704485212762,0.995941530597001,1.26520221983404,1.26697757210282,1.10916073232284,1.21639149354043,1.24486273979015
0.889999173131528,0.912250877168067,0.927877963034809,1.51068029375941,1.36659097845992,1.10418551188656,1.24486273979015,1.08229840447164
