"[0,1)","[1,5)","[5,15)","[15,25)","[25,45)","[45,65)","[65,75)","[75,+)"
0.537301156776145,0.838752679791078,0.942016914606136,0.938495212339707,0.872627488522345,0.965834391373337,1.00742611685355,0.846206907687519
0.838752679791078,0.620555423493179,0.837648715863399,0.832542038401086,0.853254074188957,0.900944874670561,0.872454037051164,0.852150797503617
0.942016914606136,0.837648715863399,0.616247238807467,0.744398796176322,0.838574153449884,0.833436814626406,0.858727094227708,0.859029013981076
0.938495212339707,0.832542038401086,0.744398796176322,0.561307157904925,0.81303680452001,0.897318493573059,0.895691475415097,0.906236323818776
0.872627488522345,0.853254074188957,0.838574153449884,0.81303680452001,0.794701392236366,0.885046455217054,0.902832606393903,0.972929649141544
0.965834391373337,0.900944874670561,0.833436814626406,0.897318493573059,0.885046455217054,0.959578220435219,0.955312010310658,0.957347477392019
1.00742611685355,0.872454037051163,0.858727094227708,0.895691475415097,0.902832606393903,0.955312010310658,0.975372541007327,0.969905729782983
0.846206907687519,0.852150797503617,0.859029013981076,0.906236323818776,0.972929649141544,0.957347477392019,0.969905729782983,0.97922634898761
