"[0,1)","[1,5)","[5,15)","[15,25)","[25,45)","[45,65)","[65,75)","[75,+)"
0.561481309370469,0.888004305126228,0.970267579410895,0.965143470732667,0.901747166934628,1.02186108132663,1.02136771463934,0.931249757037435
0.888004305126228,0.64483732470694,0.875575494684177,0.869346527927812,0.891020526408384,0.956047839751428,0.935516797878062,0.934468435821128
0.970267579410895,0.875575494684177,0.641982264268586,0.776171903439815,0.870864925828606,0.878797315911435,0.915497822422432,0.937691401045931
0.965143470732667,0.869346527927812,0.776171903439815,0.587814984337793,0.848364767664564,0.931839818270652,0.939315924027501,0.991627088370082
0.901747166934628,0.891020526408384,0.870864925828606,0.848364767664564,0.828201302347193,0.928225230845057,0.967789829667035,1.03865976852547
1.02186108132663,0.956047839751427,0.878797315911435,0.931839818270652,0.928225230845057,1.00137015446346,1.00402808621414,1.00917947981406
1.02136771463934,0.935516797878062,0.915497822422432,0.939315924027501,0.967789829667035,1.00402808621414,1.00932586231049,1.00559956085505
0.931249757037435,0.934468435821128,0.93769140104593,0.991627088370082,1.03865976852547,1.00917947981406,1.00559956085505,0.993359864205513
