"[0,1)","[1,5)","[5,15)","[15,25)","[25,45)","[45,65)","[65,75)","[75,+)"
0.919329494688447,0.973024838738708,1.01715163360069,0.975500883314945,0.988657898654483,0.998709849512426,1.24927818860091,0.930289678168506
0.973024838738708,0.932094594347482,0.950537596902822,0.906248480164485,0.944686394259781,0.931257815824946,0.977672419881943,0.941849797346536
1.01715163360069,0.950537596902822,0.935674280118445,0.869783948151467,0.961268212938567,0.921748802507456,0.956344340805756,0.936401675567056
0.975500883314945,0.906248480164485,0.869783948151467,0.630622905903102,0.921877260107086,0.927946060699434,0.985023511610502,0.966225154620633
0.988657898654483,0.944686394259781,0.961268212938567,0.921877260107086,0.944114617854238,0.931872696310385,0.959179223359611,0.993543303164251
0.998709849512426,0.931257815824946,0.921748802507456,0.927946060699434,0.931872696310385,0.941988841005976,0.965595436544165,0.9364895078538
1.24927818860091,0.977672419881943,0.956344340805756,0.985023511610502,0.95917922335961,0.965595436544165,1.02123369488219,1.04096961118702
0.930289678168506,0.941849797346536,0.936401675567056,0.966225154620633,0.993543303164251,0.9364895078538,1.04096961118702,1
