"[0,1)","[1,5)","[5,15)","[15,25)","[25,45)","[45,65)","[65,75)","[75,+)"
0.993846124344151,0.972244775375843,1.04298069415497,0.94635417116934,1.01991493964657,1.04695978156846,1.53302667372784,0.968676581422278
0.972244775375843,1.00670503182393,0.942363544274305,0.88015225699427,0.97920578830014,0.934285338395553,1.10864194982127,0.984257809513808
1.04298069415497,0.942363544274305,1.00547726023973,0.840094496527762,0.971914430978801,0.949829494890541,1.04051050734896,0.992268669405077
0.94635417116934,0.88015225699427,0.840094496527762,0.580919552258012,0.873073804595544,0.926167084157409,1.01462435681815,1.09960016264128
1.01991493964657,0.97920578830014,0.971914430978801,0.873073804595544,0.93003892900425,1.00274831433269,1.15503149301663,1.21007761686189
1.04695978156846,0.934285338395553,0.949829494890541,0.926167084157409,1.00274831433269,1.03687187391682,1.13220279627639,1.13237313322503
1.53302667372784,1.10864194982127,1.04051050734896,1.01462435681815,1.15503149301663,1.13220279627639,1.19939962336717,1.22611602226586
0.968676581422278,0.984257809513808,0.992268669405077,1.09960016264128,1.21007761686189,1.13237313322503,1.22611602226586,1.09371945836479
