"[0,1)","[1,5)","[5,15)","[15,25)","[25,45)","[45,65)","[65,75)","[75,+)"
0.0819602073360285,0.450571795014828,0.537715024194127,0.52705284619585,0.444097421949096,0.448174374998044,0.267312114106369,0.511633215981601
0.450571795014828,0.204159971728899,0.499072703115947,0.450696490235051,0.453115734832196,0.476202260371343,0.462033495127698,0.560530681843388
0.537715024194127,0.499072703115947,0.190057535559141,0.377086709476656,0.453988607801099,0.393592444298479,0.428313311059438,0.494115785584642
0.52705284619585,0.450696490235051,0.377086709476656,0.251122731861802,0.403957197563062,0.41981419763409,0.402418573295159,0.52920438634039
0.444097421949096,0.453115734832196,0.453988607801099,0.403957197563062,0.379485393058849,0.357091235655055,0.377896828760854,0.33692975550294
0.448174374998044,0.476202260371343,0.393592444298479,0.41981419763409,0.357091235655055,0.350720619594741,0.31485949793085,0.308699694788227
0.267312114106369,0.462033495127698,0.428313311059438,0.402418573295159,0.377896828760854,0.31485949793085,0.310557474807331,0.306579098646642
0.511633215981601,0.560530681843388,0.494115785584642,0.529204386340391,0.33692975550294,0.308699694788227,0.306579098646642,0.352026947614671
