"[0,1)","[1,5)","[5,15)","[15,25)","[25,45)","[45,65)","[65,75)","[75,+)"
0.819216502755893,1.06617501140474,1.04436802696345,1.05765851273065,0.992376191785218,1.11385201402087,1.11237185336747,0.985967339876908
1.06617501140474,0.960021141743799,1.0256729496467,0.988995693654342,0.982986049807397,1.06894857117161,1.00667253367583,0.990381561779843
1.04436802696345,1.0256729496467,0.988407731332562,0.925917938712019,0.975702879085256,1.02584229539642,0.972248650681662,0.983815200344494
1.05765851273065,0.988995693654342,0.925917938712019,0.700142479062826,0.908413437228194,0.994555215945775,0.98894835078342,1.00450121292998
0.992376191785218,0.982986049807397,0.975702879085256,0.908413437228194,0.887443716775199,0.974951253425463,0.966194895645863,1.05736489784595
1.11385201402087,1.06894857117161,1.02584229539642,0.994555215945775,0.974951253425463,1.03163008828107,0.99749973928441,0.980828478327469
1.11237185336747,1.00667253367583,0.972248650681662,0.98894835078342,0.966194895645863,0.997499739284411,0.927824128681639,0.97381066778818
0.985967339876908,0.990381561779843,0.983815200344494,1.00450121292998,1.05736489784595,0.980828478327469,0.97381066778818,0.93130731050722
