"[0,1)","[1,5)","[5,15)","[15,25)","[25,45)","[45,65)","[65,75)","[75,+)"
0.610897792737921,0.999591875129581,1.04600183000086,1.05370172439724,1.02289368689955,1.04240662438595,1.35874965670076,1.0120559651172
0.999591875129581,0.826233423203988,0.973121818046958,0.979760450403814,0.986006042171984,0.948145422951659,1.07800172557604,1.02483799719246
1.04600183000086,0.973121818046958,0.81115304771571,0.945919105352968,0.965174725187808,0.888395709534383,1.01489670435089,1.0272600186126
1.05370172439724,0.979760450403813,0.945919105352968,0.91750322115396,0.943241037091603,0.930612817195595,1.03481103711645,0.984332605281888
1.02289368689955,0.986006042171984,0.965174725187807,0.943241037091603,0.935666900089316,0.928376487144817,1.12179429808761,1.27007495404853
1.04240662438595,0.948145422951659,0.888395709534383,0.930612817195595,0.928376487144817,0.892510077138293,0.996529086969131,0.963275756628031
1.35874965670076,1.07800172557604,1.01489670435089,1.03481103711645,1.12179429808761,0.996529086969131,1.02183264993925,1.10177044299958
1.0120559651172,1.02483799719246,1.0272600186126,0.984332605281888,1.27007495404853,0.963275756628031,1.10177044299958,0.974530710201786
