"[0,1)","[1,5)","[5,15)","[15,25)","[25,45)","[45,65)","[65,75)","[75,+)"
0.607165194241025,0.611538620441904,0.748039492610641,0.735428748791839,0.762760282387152,0.49820318208979,0.59282755628883,0.42553386330795
0.611538620441904,0.680035250578701,0.711503982325142,0.661600889689144,0.703266783260258,0.531454103296585,0.487128715810017,0.431701709454512
0.748039492610642,0.711503982325142,0.674653414584832,0.678659000909043,0.726731869113675,0.573191094888646,0.541813410496197,0.44203765451984
0.735428748791839,0.661600889689144,0.678659000909043,0.67418489537406,0.608770851329737,0.605699776952935,0.55147112294995,0.421894272940975
0.762760282387152,0.703266783260259,0.726731869113675,0.608770851329737,0.578124321862903,0.52643000075905,0.557925234315625,0.578161526470719
0.49820318208979,0.531454103296585,0.573191094888646,0.605699776952935,0.52643000075905,0.535343676292938,0.509664259533097,0.458152098536998
0.59282755628883,0.487128715810017,0.541813410496197,0.55147112294995,0.557925234315625,0.509664259533097,0.600186452448437,0.61103455139033
0.42553386330795,0.431701709454512,0.44203765451984,0.421894272940975,0.578161526470719,0.458152098536998,0.61103455139033,0.813141900003515
