"[0,1)","[1,5)","[5,15)","[15,25)","[25,45)","[45,65)","[65,75)","[75,+)"
0.667134710383267,0.925003485913313,0.967523591817116,0.957642652791287,0.917754104454014,0.935610962064442,0.938255034959163,0.930908069862532
0.925003485913313,0.879737137736788,0.944155096163072,0.926931940189989,0.917166604532612,0.924681191314793,0.926841008228074,0.931254058801888
0.967523591817116,0.944155096163072,0.862622179699973,0.917108285132521,0.915489888325376,0.892029123427147,0.915816077213961,0.92469478568042
0.957642652791287,0.926931940189989,0.917108285132521,0.899784534877107,0.876559252323696,0.89407119713386,0.900740090458366,0.921562976265089
0.917754104454014,0.917166604532612,0.915489888325376,0.876559252323696,0.8531590393692,0.852873433891324,0.894031497975388,0.902545342057728
0.935610962064442,0.924681191314793,0.892029123427147,0.89407119713386,0.852873433891324,0.864427115754927,0.874801130394253,0.869667174410011
0.938255034959163,0.926841008228073,0.915816077213961,0.900740090458366,0.894031497975388,0.874801130394253,0.887741617999221,0.907073247731596
0.930908069862532,0.931254058801888,0.92469478568042,0.921562976265089,0.902545342057728,0.869667174410011,0.907073247731596,0.949418327071288
