"[0,1)","[1,5)","[5,15)","[15,25)","[25,45)","[45,65)","[65,75)","[75,+)"
0.806280026358773,0.940167608471975,0.965174027653267,0.961992723616452,0.942075248999685,0.939732157450796,0.936475237213166,0.928888067619786
0.940167608471975,0.886190102990961,0.956568295526604,0.906812121445178,0.933581654613119,0.935739657591354,0.926598507968562,0.929264537572173
0.965174027653267,0.956568295526604,0.909605346088265,0.871707843694212,0.950544394694901,0.932219983266897,0.94108543594387,0.92630918574597
0.961992723616452,0.906812121445177,0.871707843694212,0.660373543620078,0.918550990523075,0.932774325518809,0.941152758489415,0.927241549342293
0.942075248999685,0.933581654613119,0.950544394694901,0.918550990523075,0.924121305896659,0.910153679106595,0.915127759740092,0.920679330432775
0.939732157450796,0.935739657591354,0.932219983266897,0.932774325518809,0.910153679106595,0.942991506647953,0.932315510806504,0.914949099256881
0.936475237213166,0.926598507968562,0.94108543594387,0.941152758489415,0.915127759740092,0.932315510806504,0.949819791554005,0.953284143696181
0.928888067619786,0.929264537572173,0.92630918574597,0.927241549342293,0.920679330432775,0.914949099256881,0.953284143696181,1
