"[0,1)","[1,5)","[5,15)","[15,25)","[25,45)","[45,65)","[65,75)","[75,+)"
0.178042595548276,0.946966360639169,1.00445411966537,0.987337737303624,0.895790704718106,1.00140566653491,1.00032827986366,0.996355293362981
0.946966360639169,0.497375453295506,0.907702441001943,0.890781373269368,0.88237611915906,0.960028565008189,0.974710264692118,0.996563878936161
1.00445411966537,0.907702441001942,0.526278794799157,0.813751288138285,0.918625043638937,0.903734073891486,0.98754840967089,0.986938098542233
0.987337737303624,0.890781373269368,0.813751288138285,0.623307154573385,0.922999314011907,0.950601754352567,0.987231026562751,0.990410309969241
0.895790704718106,0.88237611915906,0.918625043638937,0.922999314011907,0.925617275609398,0.920242162130007,0.933873717899128,0.97095389145477
1.00140566653491,0.960028565008189,0.903734073891486,0.950601754352567,0.920242162130007,0.964264724098643,0.973758457995363,0.956178303874387
1.00032827986366,0.974710264692118,0.98754840967089,0.987231026562751,0.933873717899128,0.973758457995363,0.998437604563057,1.00868566586941
0.996355293362981,0.996563878936161,0.986938098542233,0.990410309969241,0.97095389145477,0.956178303874387,1.00868566586941,1
