"[0,1)","[1,5)","[5,15)","[15,25)","[25,45)","[45,65)","[65,75)","[75,+)"
0.340253209901601,0.642570333278684,0.750427033206079,0.774621793425235,0.709410434378136,0.590166612492925,0.567706321988394,0.549669945901541
0.642570333278684,0.43090104495143,0.719204158784569,0.661813010530644,0.690016159709721,0.620874696619765,0.543344271258408,0.550616872814967
0.750427033206079,0.719204158784569,0.404029054267604,0.59020037184051,0.745112087535314,0.606189674998954,0.634004262552738,0.548696127911698
0.774621793425235,0.661813010530644,0.59020037184051,0.382916660904833,0.66488655572865,0.685369017391362,0.623333601696879,0.54299792545194
0.709410434378136,0.690016159709721,0.745112087535314,0.66488655572865,0.639534165192708,0.601362144155959,0.587938484998378,0.556483650126183
0.590166612492925,0.620874696619765,0.606189674998954,0.685369017391362,0.601362144155959,0.693457407437621,0.589310810344979,0.55795009874194
0.567706321988394,0.543344271258408,0.634004262552738,0.623333601696879,0.587938484998377,0.589310810344979,0.63348533792018,0.591243574046356
0.549669945901541,0.550616872814967,0.548696127911698,0.54299792545194,0.556483650126183,0.55795009874194,0.591243574046356,1
