"[0,1)","[1,5)","[5,15)","[15,25)","[25,45)","[45,65)","[65,75)","[75,+)"
0.0505724556159462,0.393922148050453,0.622301151162974,0.592915409035748,0.517283563596511,0.32490123663412,0.280767925878805,0.257546234087554
0.393922148050453,0.187100287405854,0.519942797948436,0.450628830927427,0.481403727616342,0.37090629585797,0.268616054906488,0.258709499862754
0.622301151162974,0.519942797948436,0.167655729220036,0.37564602970242,0.499718984634404,0.341869600343604,0.324586133428611,0.25905145886359
0.592915409035748,0.450628830927427,0.37564602970242,0.220303508927519,0.383927299823432,0.427807917408993,0.32974622785616,0.257863013339047
0.517283563596511,0.481403727616342,0.499718984634404,0.383927299823432,0.355947507591938,0.323808548800842,0.301616257107873,0.269356950185686
0.32490123663412,0.37090629585797,0.341869600343604,0.427807917408993,0.323808548800842,0.37480659246694,0.301792517701607,0.261352948581556
0.280767925878805,0.268616054906488,0.324586133428611,0.32974622785616,0.301616257107873,0.301792517701608,0.394505012110457,0.380808095378107
0.257546234087554,0.258709499862754,0.25905145886359,0.257863013339047,0.269356950185686,0.261352948581556,0.380808095378106,0.735693982448554
