"[0,1)","[1,5)","[5,15)","[15,25)","[25,45)","[45,65)","[65,75)","[75,+)"
0.201016906949392,0.596749962012927,0.750417026566971,0.726045207968506,0.672121608649241,0.546603264689265,0.448369501880885,0.551862912105498
0.596749962012927,0.497830492253013,0.697648308997988,0.664350738385395,0.668094961028134,0.595122343906001,0.52234052261364,0.546678520582464
0.750417026566971,0.697648308997988,0.491150675028658,0.655052849672595,0.685659450700653,0.589780269782397,0.565023456656098,0.536681542516693
0.726045207968506,0.664350738385395,0.655052849672595,0.670890824043477,0.612576182973503,0.632341931165706,0.549144353019847,0.540495597578769
0.672121608649241,0.668094961028135,0.685659450700653,0.612576182973502,0.576872515737796,0.545894321180901,0.520370282365938,0.475142209235766
0.546603264689265,0.595122343906001,0.589780269782397,0.632341931165706,0.545894321180901,0.570928262797364,0.498982473339219,0.473994425628081
0.448369501880885,0.52234052261364,0.565023456656098,0.549144353019847,0.520370282365938,0.498982473339219,0.557475229074099,0.542317645791773
0.551862912105498,0.546678520582464,0.536681542516693,0.540495597578769,0.475142209235766,0.473994425628081,0.542317645791773,0.818544925024479
