"[0,1)","[1,5)","[5,15)","[15,25)","[25,45)","[45,65)","[65,75)","[75,+)"
0.818405012318446,0.877901968318678,0.921180805303811,0.912346822949337,0.908323042809601,0.852870944610475,0.840934155784306,0.83475990551874
0.877901968318678,0.889800440233044,0.916257206918319,0.893855103146,0.899957994722315,0.869647067834701,0.842552594126741,0.834990393548605
0.921180805303811,0.916257206918319,0.894200763793021,0.901754386365426,0.907160381007161,0.874576532220287,0.865731010790741,0.837366514725975
0.912346822949337,0.893855103146,0.901754386365426,0.90022689433208,0.863244689089941,0.872833911149083,0.859112532782235,0.83482464000906
0.908323042809601,0.899957994722315,0.907160381007161,0.863244689089941,0.844770669154802,0.836513732780646,0.843981827794864,0.844393498018684
0.852870944610475,0.869647067834701,0.874576532220287,0.872833911149083,0.836513732780646,0.856042576639332,0.850828725473682,0.846329597859417
0.840934155784306,0.842552594126741,0.865731010790741,0.859112532782235,0.843981827794864,0.850828725473682,0.878332939245023,0.87173068674608
0.83475990551874,0.834990393548605,0.837366514725974,0.83482464000906,0.844393498018683,0.846329597859417,0.87173068674608,0.94820851558686
