"[0,1)","[1,5)","[5,15)","[15,25)","[25,45)","[45,65)","[65,75)","[75,+)"
0.158450890961506,0.554337765364805,0.678428922235881,0.706944206810727,0.644312148410179,0.471626626277937,0.375950953672896,0.463876481939685
0.554337765364805,0.302966192543284,0.651140753238832,0.600012893517311,0.620684174383067,0.529451739693698,0.438012413830153,0.459410370296333
0.678428922235881,0.651140753238831,0.311257527685088,0.570285548042306,0.690027097583556,0.531499389964258,0.545479106368872,0.449408033588901
0.706944206810727,0.600012893517312,0.570285548042306,0.534158897123664,0.584831454169904,0.603251147438367,0.524412470665615,0.449410068244073
0.644312148410179,0.620684174383067,0.690027097583556,0.584831454169904,0.532477938593981,0.468700578983341,0.473179277275678,0.441876711046104
0.471626626277937,0.529451739693698,0.531499389964258,0.603251147438367,0.468700578983341,0.598981339084222,0.462257536471827,0.435128080260662
0.375950953672896,0.438012413830153,0.545479106368872,0.524412470665615,0.473179277275678,0.462257536471827,0.539846882067128,0.484589178352062
0.463876481939685,0.459410370296333,0.449408033588901,0.449410068244073,0.441876711046104,0.435128080260662,0.484589178352062,1
