"[0,1)","[1,5)","[5,15)","[15,25)","[25,45)","[45,65)","[65,75)","[75,+)"
0.0885054425047722,0.490606608606853,0.696010596468138,0.666272181286336,0.607932460147319,0.451240237359563,0.416785515892982,0.39447873979286
0.490606608606853,0.230672400003716,0.588209351602229,0.558810434151224,0.566525243179251,0.487180893931973,0.403175232561542,0.395395271365503
0.696010596468139,0.588209351602228,0.216215649511231,0.523229643525892,0.579511636183947,0.448963479203635,0.445526008059728,0.395530441608753
0.666272181286336,0.558810434151224,0.523229643525892,0.530843273042581,0.498514259995479,0.535282682557831,0.46837723906024,0.395911997895895
0.607932460147319,0.566525243179251,0.579511636183947,0.498514259995479,0.449368741101912,0.425954782608164,0.425316762878964,0.415752250926799
0.451240237359563,0.487180893931974,0.448963479203635,0.535282682557831,0.425954782608164,0.481486640703454,0.440821383511451,0.41766533408827
0.416785515892982,0.403175232561542,0.445526008059728,0.46837723906024,0.425316762878964,0.440821383511451,0.530976527767245,0.512150190925146
0.39447873979286,0.395395271365503,0.395530441608753,0.395911997895895,0.415752250926799,0.41766533408827,0.512150190925146,0.798732020309667
