"[0,1)","[1,5)","[5,15)","[15,25)","[25,45)","[45,65)","[65,75)","[75,+)"
0.0484551700689218,0.430573513896352,0.62178758176762,0.690606160443841,0.618122092494229,0.342626768925905,0.415307978384602,0.250701029451893
0.430573513896352,0.222426156341189,0.591313861331602,0.532758141051558,0.567802500193634,0.396898637474447,0.272430135941427,0.256761882321639
0.62178758176762,0.591313861331602,0.221602775618156,0.460204863753435,0.650851345062281,0.411195855429926,0.428566371826626,0.267543948370633
0.690606160443841,0.532758141051558,0.460204863753435,0.270441218262585,0.538585836207453,0.544988556747928,0.465238238697885,0.279333684235921
0.618122092494229,0.567802500193634,0.650851345062281,0.538585836207453,0.492311955651989,0.398840576700237,0.390052922713366,0.308605663133443
0.342626768925905,0.396898637474447,0.411195855429926,0.544988556747929,0.398840576700237,0.529970844581105,0.401506151408714,0.300192104528178
0.415307978384602,0.272430135941427,0.428566371826626,0.465238238697885,0.390052922713366,0.401506151408714,0.482873218562735,0.440572677761292
0.250701029451892,0.256761882321639,0.267543948370633,0.279333684235921,0.308605663133443,0.300192104528178,0.440572677761292,1
