"[0,1)","[1,5)","[5,15)","[15,25)","[25,45)","[45,65)","[65,75)","[75,+)"
0.0698628723628764,0.413356226401428,0.659279148910706,0.62757348238974,0.564063229693034,0.357307943252437,0.377052471898691,0.293037069615454
0.413356226401428,0.193227463902864,0.528025234269134,0.483826488175454,0.522379720024847,0.392888796468675,0.317200270822606,0.295927077598579
0.659279148910706,0.528025234269134,0.173439383712592,0.40205293949785,0.534056482445388,0.371967643193324,0.368175516651401,0.296824971881565
0.62757348238974,0.483826488175454,0.40205293949785,0.253200617411975,0.443243420931379,0.486941244912187,0.408251134226122,0.336278328807362
0.564063229693034,0.522379720024847,0.534056482445388,0.443243420931379,0.399330004847112,0.390509798416426,0.417100955690639,0.373438014700621
0.357307943252437,0.392888796468675,0.371967643193324,0.486941244912187,0.390509798416426,0.4377164844885,0.380372428672444,0.32804889972521
0.37705247189869,0.317200270822606,0.368175516651401,0.408251134226122,0.417100955690639,0.380372428672444,0.464564162019622,0.464931551394227
0.293037069615454,0.295927077598579,0.296824971881565,0.336278328807362,0.373438014700621,0.32804889972521,0.464931551394227,0.764332283028556
