"[0,1)","[1,5)","[5,15)","[15,25)","[25,45)","[45,65)","[65,75)","[75,+)"
0.675425035147822,0.813111064048425,0.957999101558165,0.898727247776047,0.944267314147975,0.88603395840347,1.32432367650541,0.836789647101977
0.813111064048425,0.899661729647451,0.875711586805486,0.812800507166935,0.892230470262474,0.830090852791125,0.936328073498375,0.86900856527346
0.957999101558165,0.875711586805486,0.919932230753075,0.784572650129424,0.916935665738229,0.842097932764818,0.900754961959996,0.853952891403667
0.898727247776047,0.812800507166935,0.784572650129424,0.53083819428144,0.841897062338047,0.855500354480013,0.928845387765129,0.944737881530859
0.944267314147975,0.892230470262474,0.916935665738229,0.841897062338047,0.882889363033877,0.888218912224781,0.990815903058777,1.04531217543493
0.88603395840347,0.830090852791125,0.842097932764817,0.855500354480013,0.888218912224781,0.914048602831107,0.964957979648804,0.978998919529135
1.32432367650541,0.936328073498375,0.900754961959996,0.928845387765129,0.990815903058778,0.964957979648804,1.05694102656533,1.05677159051235
0.836789647101977,0.86900856527346,0.853952891403667,0.944737881530859,1.04531217543493,0.978998919529135,1.05677159051235,1
