"[0,1)","[1,5)","[5,15)","[15,25)","[25,45)","[45,65)","[65,75)","[75,+)"
0.0979079139427318,0.484373142077281,0.693587826637913,0.676873379181894,0.596605401398858,0.415379822171798,0.33662373408076,0.39908501772516
0.484373142077281,0.308766125400142,0.589643250552005,0.581120829803888,0.573066927067926,0.471642575434707,0.3853251189585,0.397360514583188
0.693587826637913,0.589643250552005,0.274207623906977,0.553723127701826,0.587196505488031,0.455907129449476,0.433042478666632,0.388799657347925
0.676873379181894,0.581120829803888,0.553723127701826,0.601689034766971,0.540944991527203,0.558670620068048,0.460273562524653,0.396170641911339
0.596605401398858,0.573066927067926,0.587196505488032,0.540944991527203,0.496062415590386,0.451298961395871,0.414942700496036,0.35191320580857
0.415379822171798,0.471642575434707,0.455907129449476,0.558670620068048,0.451298961395871,0.471886898453923,0.385504218398777,0.345287981777964
0.33662373408076,0.3853251189585,0.433042478666633,0.460273562524653,0.414942700496036,0.385504218398777,0.472333893858287,0.466662264787513
0.39908501772516,0.397360514583188,0.388799657347925,0.396170641911339,0.35191320580857,0.345287981777964,0.466662264787513,0.779258412239886
