"[0,1)","[1,5)","[5,15)","[15,25)","[25,45)","[45,65)","[65,75)","[75,+)"
0.955529569853167,0.955529569853167,0.955529569853167,0.915504326512022,0.914876496437611,0.908463815700431,0.924042705527695,0.924042705527694
0.955529569853167,0.955529569853167,0.955529569853167,0.915504326512022,0.914876496437611,0.908463815700431,0.924042705527695,0.924042705527694
0.955529569853167,0.955529569853167,0.955529569853167,0.915504326512022,0.914876496437611,0.908463815700431,0.924042705527695,0.924042705527694
0.915504326512022,0.915504326512022,0.915504326512022,0.891015079643986,0.852387456671988,0.870097360203916,0.881201800811581,0.881201800811581
0.914876496437611,0.914876496437611,0.914876496437611,0.852387456671988,0.823639698655315,0.813701162282954,0.848975470883742,0.848975470883742
0.908463815700431,0.908463815700431,0.908463815700431,0.870097360203916,0.813701162282954,0.837742965862426,0.842121585353496,0.842121585353496
0.924042705527695,0.924042705527695,0.924042705527695,0.881201800811581,0.848975470883742,0.842121585353496,0.869301416329923,0.869301416329923
0.924042705527695,0.924042705527695,0.924042705527695,0.881201800811581,0.848975470883742,0.842121585353496,0.869301416329923,0.869301416329923
