"[0,1)","[1,5)","[5,15)","[15,25)","[25,45)","[45,65)","[65,75)","[75,+)"
0.949435603255335,0.82545900431107,0.987168013509159,0.944199118711244,1.01616100917796,0.98707886079955,1.45716040565113,0.809060672014972
0.82545900431107,0.956788198879435,0.888248870193522,0.882671533387542,0.953686706823022,0.876224110866529,0.91055936112268,0.827718579706925
0.987168013509159,0.888248870193522,0.95353035641007,0.850509971198824,0.966999907082881,0.892007276643606,0.884619832137167,0.828865947206184
0.944199118711244,0.882671533387543,0.850509971198824,0.643075254686813,0.979765550878416,0.971589602588961,1.02361682733256,1.06546454015149
1.01616100917796,0.953686706823022,0.966999907082881,0.979765550878416,1.02349773318815,1.03844718907544,1.13355824296288,1.22665740681156
0.98707886079955,0.876224110866528,0.892007276643606,0.971589602588961,1.03844718907544,1.01271924924651,1.04909295586101,1.06879459930506
1.45716040565113,0.91055936112268,0.884619832137167,1.02361682733256,1.13355824296288,1.04909295586101,1.07371003198602,1.07684527785857
0.809060672014972,0.827718579706925,0.828865947206184,1.06546454015149,1.22665740681156,1.06879459930506,1.07684527785857,1
