"[0,1)","[1,5)","[5,15)","[15,25)","[25,45)","[45,65)","[65,75)","[75,+)"
0.0913006225897728,1.04501229287155,1.27774784103749,1.1964102952937,1.04273202725438,1.18597551413343,2.10874332517917,1.0221403503674
1.04501229287155,0.35655212251671,0.855344080316315,1.07110252020994,0.916222377090571,0.93417168189017,1.16705111275807,1.05342216850377
1.27774784103749,0.855344080316315,0.394314393921164,0.947281466025254,0.958861341773616,0.84829169149125,1.04484296264895,1.0388134351985
1.1964102952937,1.07110252020994,0.947281466025255,0.922355890679784,1.19312379872962,1.16074027368639,1.46579933106235,1.78243480926531
1.04273202725438,0.916222377090571,0.958861341773616,1.19312379872962,1.035700236669,1.00991919111699,1.24060682169986,1.4155537023179
1.18597551413343,0.93417168189017,0.84829169149125,1.16074027368639,1.00991919111699,0.969245743073143,1.11200497457948,1.14611560193216
2.10874332517917,1.16705111275807,1.04484296264895,1.46579933106235,1.24060682169986,1.11200497457948,1.29260845423372,1.31625614212372
1.0221403503674,1.05342216850377,1.0388134351985,1.78243480926531,1.4155537023179,1.14611560193216,1.31625614212372,1
