"[0,1)","[1,5)","[5,15)","[15,25)","[25,45)","[45,65)","[65,75)","[75,+)"
0.155270308909314,0.57538272582373,0.689559861959979,0.724460806173601,0.674485557248931,0.438467352973648,0.440248947438141,0.630891981040325
0.57538272582373,0.36929712558955,0.672118595621562,0.648102688653258,0.660274886368601,0.499436548119889,0.578166747166436,0.618293245507734
0.689559861959978,0.672118595621563,0.348302081036887,0.621183039538193,0.727244284102129,0.510431761618128,0.65169258117708,0.593080010764332
0.724460806173601,0.648102688653259,0.621183039538193,0.675048887241803,0.6395880132188,0.596137097265948,0.612455775701673,0.584562232776034
0.674485557248931,0.660274886368601,0.727244284102129,0.6395880132188,0.586204520267851,0.478841610647837,0.593476759601524,0.61236957276538
0.438467352973649,0.499436548119889,0.510431761618128,0.596137097265948,0.478841610647837,0.557597184424643,0.511990255036472,0.485515610249599
0.440248947438141,0.578166747166436,0.65169258117708,0.612455775701673,0.593476759601524,0.511990255036472,0.686125884957918,0.641765223845828
0.630891981040325,0.618293245507734,0.593080010764332,0.584562232776034,0.61236957276538,0.485515610249599,0.641765223845828,1
