"[0,1)","[1,5)","[5,15)","[15,25)","[25,45)","[45,65)","[65,75)","[75,+)"
0.216277654524066,0.566948594010154,0.761502068344399,0.74150885718723,0.671083464174883,0.526053035083903,0.638417732818342,0.457428450960432
0.566948594010154,0.328307351858105,0.637809835131899,0.595170007046893,0.628160738317565,0.518946212150823,0.497826404086765,0.462425411749841
0.761502068344399,0.637809835131899,0.288127722339301,0.50036693135872,0.624124684730978,0.47516033779641,0.51767565553987,0.467292456481492
0.74150885718723,0.595170007046893,0.50036693135872,0.319755883065958,0.558631659582691,0.577838020681226,0.532004573170543,0.446546468224795
0.671083464174883,0.628160738317565,0.624124684730978,0.558631659582691,0.55949617837297,0.528548216781747,0.568394021469018,0.596435985376328
0.526053035083903,0.518946212150823,0.47516033779641,0.577838020681226,0.528548216781747,0.532410590997235,0.502774784914135,0.444894187691145
0.638417732818342,0.497826404086765,0.51767565553987,0.532004573170543,0.568394021469018,0.502774784914135,0.576572827570753,0.60679421634798
0.457428450960432,0.462425411749841,0.467292456481492,0.446546468224795,0.596435985376327,0.444894187691145,0.60679421634798,0.795550715155193
