"[0,1)","[1,5)","[5,15)","[15,25)","[25,45)","[45,65)","[65,75)","[75,+)"
0.443069083566366,0.884756282564033,0.949381421450179,0.936948868813601,0.880669230548295,0.903480220617378,0.904390309984843,0.894490585692116
0.884756282564033,0.856308857638676,0.924328831628638,0.905811481679152,0.897563065660747,0.896920913734242,0.892373434428402,0.894986501775972
0.949381421450179,0.924328831628638,0.831047769686,0.895082293351782,0.89638546068923,0.866179523928846,0.886238043235472,0.889452434121494
0.936948868813601,0.905811481679152,0.895082293351782,0.880366371375729,0.856093420821731,0.873459417804406,0.872500602706071,0.8847869086126
0.880669230548296,0.897563065660747,0.896385460689231,0.856093420821731,0.832019680925535,0.829792740674775,0.864972827840081,0.87021168239675
0.903480220617378,0.896920913734242,0.866179523928846,0.873459417804406,0.829792740674775,0.84245694723928,0.8471192591271,0.839555178409449
0.904390309984843,0.892373434428402,0.886238043235472,0.872500602706071,0.864972827840081,0.8471192591271,0.8635971729371,0.880255541975304
0.894490585692116,0.894986501775972,0.889452434121494,0.8847869086126,0.87021168239675,0.839555178409449,0.880255541975304,0.938385910439924
