"[0,1)","[1,5)","[5,15)","[15,25)","[25,45)","[45,65)","[65,75)","[75,+)"
0.0800538094336738,0.537799983138889,0.54258618880916,0.565648197977533,0.487723172197054,0.472951751529392,0.299557813702726,0.531191533351745
0.537799983138889,0.247491267791739,0.538769259927498,0.512684372107769,0.514643681527457,0.527174794244055,0.542406051753882,0.577523343569457
0.54258618880916,0.538769259927498,0.227259832173363,0.435894208983396,0.55284536848812,0.476702572232072,0.526086390068467,0.519048769235102
0.565648197977533,0.512684372107769,0.435894208983396,0.275717616377112,0.511917937700947,0.499146707597796,0.509867135666253,0.529987974085172
0.487723172197054,0.514643681527457,0.55284536848812,0.511917937700946,0.460124659846277,0.441264609604092,0.49370669575203,0.479407192872208
0.472951751529392,0.527174794244055,0.476702572232072,0.499146707597796,0.441264609604092,0.442878792752566,0.362432639832878,0.42972958056528
0.299557813702726,0.542406051753882,0.526086390068467,0.509867135666254,0.49370669575203,0.362432639832878,0.359608053248071,0.299811244445327
0.531191533351745,0.577523343569457,0.519048769235102,0.529987974085172,0.479407192872208,0.42972958056528,0.299811244445327,0.420182092129752
