"[0,1)","[1,5)","[5,15)","[15,25)","[25,45)","[45,65)","[65,75)","[75,+)"
0.0913204596387868,0.575225106108942,0.67103761021189,0.662029698597628,0.569580892978539,0.605988375700379,0.48564820197404,0.652609642457272
0.575225106108942,0.257267772445502,0.603208675486051,0.570485705352119,0.576700055699077,0.613030035996377,0.610371262125615,0.688149436457172
0.67103761021189,0.603208675486051,0.241260870006044,0.483430165428982,0.569513279311793,0.521121088753632,0.566151764442782,0.63976241371463
0.662029698597628,0.570485705352119,0.483430165428982,0.344524992004563,0.542327297395744,0.561636318201326,0.550553384503126,0.658082645495768
0.569580892978539,0.576700055699077,0.569513279311793,0.542327297395744,0.532157870028276,0.521173060427291,0.543984711383514,0.51971161088786
0.60598837570038,0.613030035996377,0.521121088753632,0.561636318201326,0.521173060427291,0.513487589497095,0.48681513396922,0.473389340358247
0.48564820197404,0.610371262125615,0.566151764442782,0.550553384503126,0.543984711383513,0.48681513396922,0.474110167285825,0.484656461586169
0.652609642457272,0.688149436457172,0.63976241371463,0.658082645495768,0.51971161088786,0.473389340358247,0.484656461586169,0.517916379780977
