"[0,1)","[1,5)","[5,15)","[15,25)","[25,45)","[45,65)","[65,75)","[75,+)"
0.823373585903151,0.703608535524285,0.80444478938974,0.793434071827366,0.82636134517095,0.625970554598658,0.802699955928545,0.49283876346314
0.703608535524285,0.817294148482514,0.778204444996332,0.732044947114988,0.756442494560853,0.636156701338722,0.593190094426088,0.50226434941933
0.80444478938974,0.778204444996332,0.809532109294226,0.75946096534964,0.774856479688257,0.670124766051184,0.639576209767667,0.515912184176563
0.793434071827366,0.732044947114987,0.75946096534964,0.745113498484393,0.656284378403468,0.686914946796679,0.672930691015367,0.544071207815179
0.82636134517095,0.756442494560853,0.774856479688257,0.656284378403468,0.593365866487082,0.588961494663192,0.672124514676722,0.710091901879404
0.625970554598658,0.636156701338722,0.670124766051185,0.686914946796679,0.588961494663192,0.626621276694148,0.633521975774042,0.581563976628957
0.802699955928545,0.593190094426088,0.639576209767667,0.672930691015367,0.672124514676722,0.633521975774042,0.668500037432617,0.710178056040839
0.49283876346314,0.502264349419331,0.515912184176563,0.544071207815179,0.710091901879404,0.581563976628957,0.710178056040839,0.828336489015067
