"[0,1)","[1,5)","[5,15)","[15,25)","[25,45)","[45,65)","[65,75)","[75,+)"
0.851199101525219,0.863809094834909,0.994739621794511,1.08323368027363,1.05409203580027,0.899831429529491,1.612685109162,0.883162067667556
0.863809094834909,0.896510773204463,0.920179118934329,0.97320104280958,0.990538327392389,0.820813689476095,1.00742319651739,0.910023216897626
0.994739621794511,0.920179118934329,0.918609784974388,0.940085307273964,1.00561589179504,0.850430790836751,0.954793788771651,0.907868652783158
1.08323368027363,0.973201042809579,0.940085307273965,0.779271858522024,1.07668036358425,0.985153514623503,1.21737684828393,1.14845728149822
1.05409203580027,0.990538327392389,1.00561589179504,1.07668036358425,1.11778267508003,1.02070953745836,1.25926877535773,1.34492654759177
0.899831429529491,0.820813689476095,0.850430790836752,0.985153514623503,1.02070953745836,0.914176669261964,1.05563413504897,0.992935958072044
1.612685109162,1.00742319651739,0.954793788771651,1.21737684828393,1.25926877535773,1.05563413504897,1.15087689000809,1.23189596125816
0.883162067667556,0.910023216897626,0.907868652783158,1.14845728149822,1.34492654759177,0.992935958072044,1.23189596125816,1
