"[0,1)","[1,5)","[5,15)","[15,25)","[25,45)","[45,65)","[65,75)","[75,+)"
0.731674407912075,0.807886687778064,0.968821145456327,0.949839533756539,0.995403103823235,0.888309466000529,1.39421467873814,0.713948207886091
0.807886687778064,0.847062083880573,0.85287079743318,0.87302967991018,0.939816980658137,0.792047510680229,0.828623970260173,0.738995722701165
0.968821145456327,0.85287079743318,0.86597664106295,0.833416349421483,0.960794728753199,0.81587185942621,0.816382801068174,0.73895721352053
0.949839533756539,0.87302967991018,0.833416349421483,0.658629826436004,1.00537744638145,0.934928450060998,0.988194733408866,1.00283266102773
0.995403103823235,0.939816980658137,0.960794728753199,1.00537744638145,1.0430157029852,0.995610803653835,1.09233610747997,1.17394355514475
0.888309466000529,0.792047510680229,0.81587185942621,0.934928450060998,0.995610803653835,0.932058194511305,0.953325936526039,0.894942010719167
1.39421467873814,0.828623970260173,0.816382801068173,0.988194733408866,1.09233610747997,0.953325936526038,0.990000043916979,1.00391915584611
0.713948207886091,0.738995722701165,0.738957213520529,1.00283266102773,1.17394355514475,0.894942010719167,1.00391915584611,1
