"[0,1)","[1,5)","[5,15)","[15,25)","[25,45)","[45,65)","[65,75)","[75,+)"
0.113037135353009,0.638724550061535,0.826605800705968,0.893564145000197,0.775883738033897,0.616518461174475,0.944381780586699,0.490879676528131
0.638724550061535,0.415801491037295,0.73183003764488,0.751785286589314,0.730365114765502,0.609120331635194,0.570504272669654,0.520849578729907
0.826605800705968,0.73183003764488,0.403179004770529,0.679128571480144,0.787646231005834,0.608895003948083,0.636808126696452,0.521039461594146
0.893564145000197,0.751785286589314,0.679128571480144,0.528084579137036,0.796358255352722,0.782826997632224,0.813039504409997,0.727740719913523
0.775883738033897,0.730365114765502,0.787646231005833,0.796358255352722,0.751137697041761,0.675151835273085,0.730970098353062,0.709487648613575
0.616518461174475,0.609120331635195,0.608895003948083,0.782826997632224,0.675151835273085,0.724490937035801,0.689359180448129,0.625224855767087
0.944381780586699,0.570504272669654,0.636808126696452,0.813039504409996,0.730970098353062,0.689359180448129,0.718718641660145,0.72336851562776
0.490879676528131,0.520849578729907,0.521039461594146,0.727740719913523,0.709487648613575,0.625224855767087,0.72336851562776,1
