"[0,1)","[1,5)","[5,15)","[15,25)","[25,45)","[45,65)","[65,75)","[75,+)"
0.747672461481484,0.796763251998758,0.965551732218735,0.924765847706526,0.982137165004305,0.948060636722931,1.40346132491435,0.779495862268915
0.796763251998758,0.888166023338483,0.861658499970312,0.852922325398652,0.924672085395128,0.849485119404971,0.883327607196375,0.80102041275515
0.965551732218735,0.861658499970312,0.904744344281203,0.82043520245055,0.945382891899414,0.863405388082627,0.858938227735915,0.798792313279877
0.924765847706526,0.852922325398652,0.82043520245055,0.616799435256755,0.948625961935157,0.942416062216625,0.990242753679328,1.023132305505
0.982137165004305,0.924672085395128,0.945382891899414,0.948625961935157,0.98800823600718,0.996851214076561,1.08874550107427,1.1756741240363
0.948060636722931,0.849485119404971,0.863405388082627,0.942416062216625,0.996851214076561,0.983535370957599,1.0094709165228,1.02660527097013
1.40346132491435,0.883327607196375,0.858938227735915,0.990242753679328,1.08874550107427,1.0094709165228,1.03760501562448,1.04040166046728
0.779495862268915,0.80102041275515,0.798792313279877,1.023132305505,1.1756741240363,1.02660527097013,1.04040166046728,1
