"[0,1)","[1,5)","[5,15)","[15,25)","[25,45)","[45,65)","[65,75)","[75,+)"
0.435651379769672,1.15700063437158,1.11955691141346,1.03189083645108,1.00344424538685,1.13162743255936,1.06598674585164,1.04900079984509
1.15700063437158,0.620235352359568,1.0031536296863,0.923529829377147,0.955156278886813,1.0591834377377,1.03918354014791,1.04958675351442
1.11955691141346,1.0031536296863,0.648401529909802,0.855057104558711,0.992817101827128,0.988266181825679,1.01488929716254,1.03264571090155
1.03189083645108,0.923529829377148,0.855057104558711,0.582204397327178,0.927237390703424,0.922405469811525,0.906565973151023,0.809928555610297
1.00344424538685,0.955156278886813,0.992817101827128,0.927237390703424,0.981748247128464,0.970866254289799,1.04322102510219,1.06467925075513
1.13162743255936,1.0591834377377,0.988266181825679,0.922405469811525,0.970866254289799,0.955648383444054,0.930502879195227,0.920658667762494
1.06598674585164,1.03918354014791,1.01488929716254,0.906565973151023,1.04322102510219,0.930502879195227,0.847374554746302,0.857421228186775
1.04900079984509,1.04958675351442,1.03264571090155,0.809928555610297,1.06467925075513,0.920658667762494,0.857421228186775,1
