"[0,1)","[1,5)","[5,15)","[15,25)","[25,45)","[45,65)","[65,75)","[75,+)"
0.178259828485219,0.503189057005297,0.731398542208419,0.687724885058456,0.602015317782976,0.389577267394461,0.598982483270993,0.256261493598848
0.503189057005297,0.30217111885151,0.571252755845401,0.555233949945266,0.553837378845107,0.401199994239977,0.350762423263547,0.268897058621236
0.731398542208419,0.571252755845401,0.265609330663629,0.493136415866517,0.566440587427064,0.388820762350998,0.375571613135164,0.272549374687277
0.687724885058456,0.555233949945266,0.493136415866517,0.422896156993589,0.491074276954195,0.50565493429892,0.433065761741146,0.375021387148673
0.602015317782976,0.553837378845107,0.566440587427064,0.491074276954195,0.429343253517131,0.379531916835348,0.375067328227286,0.334837566792618
0.389577267394461,0.401199994239977,0.388820762350998,0.50565493429892,0.379531916835348,0.395459787005287,0.329651480915747,0.275602041940221
0.598982483270993,0.350762423263547,0.375571613135164,0.433065761741146,0.375067328227286,0.329651480915747,0.43532057226874,0.446856574992537
0.256261493598848,0.268897058621236,0.272549374687277,0.375021387148673,0.334837566792618,0.275602041940221,0.446856574992537,0.747988609832559
