"[0,1)","[1,5)","[5,15)","[15,25)","[25,45)","[45,65)","[65,75)","[75,+)"
0.121663792868706,0.781891417111361,0.947937874264142,0.986411427629618,0.89790663641873,0.901343620653227,1.18123670127095,0.706399751077281
0.781891417111361,0.319169752339091,0.79581464314148,0.831576377805862,0.868740969390513,0.817447073994937,0.805920843153884,0.723906216511289
0.947937874264142,0.79581464314148,0.308238917065162,0.694801020802031,0.828484274587634,0.699664013283623,0.773640335243434,0.745681486748796
0.986411427629617,0.831576377805862,0.694801020802031,0.55277749926153,0.880656873086326,0.868661465147848,0.907024661649583,0.769745938058607
0.89790663641873,0.868740969390513,0.828484274587634,0.880656873086326,0.908167986936926,0.922239544226248,1.06815388548875,1.20799239947283
0.901343620653227,0.817447073994937,0.699664013283623,0.868661465147848,0.922239544226248,0.880566461212334,0.901594533174719,0.861828419878721
1.18123670127095,0.805920843153884,0.773640335243434,0.907024661649583,1.06815388548875,0.901594533174719,0.841312533591931,0.916852214129068
0.706399751077281,0.723906216511289,0.745681486748796,0.769745938058607,1.20799239947283,0.861828419878721,0.916852214129068,0.885952374991051
