"[0,1)","[1,5)","[5,15)","[15,25)","[25,45)","[45,65)","[65,75)","[75,+)"
0.0938559296209295,0.495833761914571,0.703625858759495,0.689348016918093,0.599882457707862,0.438572467099925,0.355581889916128,0.424820328117875
0.495833761914571,0.295098604260936,0.595008906806789,0.592223699725512,0.580504186755603,0.485545126157716,0.406955503778789,0.422347388229019
0.703625858759495,0.595008906806789,0.262049810026064,0.560276160210894,0.593383071645293,0.463393695961804,0.447939186915335,0.410434216708237
0.689348016918093,0.592223699725512,0.560276160210894,0.611040088515894,0.557505464822805,0.574450511173898,0.479278079110888,0.420596622965361
0.599882457707862,0.580504186755602,0.593383071645293,0.557505464822805,0.51547513736414,0.472689119000803,0.435612744875988,0.374485932219302
0.438572467099925,0.485545126157715,0.463393695961804,0.574450511173898,0.472689119000803,0.4889758900778,0.403862125763888,0.366873653968585
0.355581889916128,0.406955503778789,0.447939186915335,0.479278079110888,0.435612744875988,0.403862125763888,0.486087867403613,0.479740962849556
0.424820328117875,0.422347388229019,0.410434216708237,0.420596622965361,0.374485932219302,0.366873653968585,0.479740962849556,0.785829875694141
