"[0,1)","[1,5)","[5,15)","[15,25)","[25,45)","[45,65)","[65,75)","[75,+)"
0.263922999852139,0.61473583195281,0.810090834910431,0.816954583819493,0.720197324806494,0.569384479097968,0.933098622098053,0.495622881888465
0.61473583195281,0.387502278835471,0.672963584460317,0.665414270962412,0.68996726236419,0.544801526830923,0.601571797444725,0.511247890719814
0.810090834910431,0.672963584460317,0.338958222662837,0.566708934000234,0.679060781891147,0.509551276338926,0.59340988402296,0.524606837321555
0.816954583819493,0.665414270962412,0.566708934000234,0.386876088729338,0.639179145656775,0.639055362480439,0.686314153308562,0.573168577014954
0.720197324806494,0.689967262364189,0.679060781891147,0.639179145656775,0.664091578126223,0.625134118478303,0.731340655341486,0.763165659838265
0.569384479097968,0.544801526830923,0.509551276338926,0.639055362480439,0.625134118478303,0.593621275926279,0.615517927050838,0.552293776872743
0.933098622098053,0.601571797444725,0.59340988402296,0.686314153308562,0.731340655341486,0.615517927050838,0.693825767339784,0.760135475549734
0.495622881888465,0.511247890719814,0.524606837321555,0.573168577014954,0.763165659838265,0.552293776872743,0.760135475549734,0.833559675596402
