"[0,1)","[1,5)","[5,15)","[15,25)","[25,45)","[45,65)","[65,75)","[75,+)"
0.401044101700227,1.22240866639838,1.20038972804353,1.12597898920282,1.07797377884795,1.27970765362814,1.21497684421206,1.19073967330737
1.22240866639838,0.923947740957453,1.15129605087176,1.04497139968457,1.10762805068225,1.19764357177431,1.19817414107202,1.19164074224718
1.20038972804353,1.15129605087176,0.94008649438147,0.961668195074273,1.07441286722862,1.10191800502875,1.16775581388505,1.18211042655706
1.12597898920282,1.04497139968457,0.961668195074273,0.669739360337334,0.963342404099562,0.991875769650409,1.05513994543016,0.929019065811313
1.07797377884795,1.10762805068225,1.07441286722862,0.963342404099562,1.01016823177022,1.06780243519181,1.23679936156145,1.24480799469826
1.27970765362814,1.19764357177431,1.10191800502875,0.991875769650409,1.06780243519181,1.070415369157,1.11835978246673,1.08033535232683
1.21497684421206,1.19817414107202,1.16775581388505,1.05513994543015,1.23679936156145,1.11835978246673,0.950252173913889,0.985261899157715
1.19073967330737,1.19164074224718,1.18211042655706,0.929019065811313,1.24480799469826,1.08033535232683,0.985261899157716,0.949836652210171
