"[0,1)","[1,5)","[5,15)","[15,25)","[25,45)","[45,65)","[65,75)","[75,+)"
0.841723190292611,0.841575370888339,0.915090759029205,0.898287047302357,0.916554043458073,0.824568409285476,1.01072368168756,0.751298322557852
0.841575370888339,0.854571252230245,0.87596539557494,0.847472497934952,0.878645043716829,0.799991092322087,0.793025635497312,0.76069987769624
0.915090759029205,0.87596539557494,0.854382619542481,0.847981951608179,0.90198722961314,0.815975084442737,0.818373973280365,0.760085396789679
0.898287047302357,0.847472497934952,0.847981951608179,0.793217387620901,0.845338179348729,0.83969324372959,0.844366211762173,0.783206588540089
0.916554043458073,0.878645043716829,0.90198722961314,0.845338179348729,0.847421008224715,0.80962253202727,0.815432822969108,0.810374585453131
0.824568409285476,0.799991092322087,0.815975084442737,0.83969324372959,0.80962253202727,0.844001193489365,0.824678756503153,0.771327152489112
1.01072368168756,0.793025635497312,0.818373973280364,0.844366211762172,0.815432822969108,0.824678756503152,0.890549461724112,0.894435322194467
0.751298322557852,0.76069987769624,0.760085396789679,0.783206588540089,0.810374585453132,0.771327152489112,0.894435322194467,1
