"[0,1)","[1,5)","[5,15)","[15,25)","[25,45)","[45,65)","[65,75)","[75,+)"
0.109181297374062,0.801826333722287,0.942101090639609,0.964312523704984,0.940085254883583,0.889962393518226,1.16041941825567,0.648434201591803
0.801826333722287,0.451322849287128,0.851810620211694,0.846800450766125,0.874997574032293,0.832651584475174,0.72271913454684,0.666988506616773
0.942101090639609,0.851810620211694,0.477007023736682,0.816818275179993,0.919078928525875,0.8030774940025,0.777544652017383,0.685566173578604
0.964312523704984,0.846800450766125,0.816818275179993,0.813854271110848,0.916700446145434,0.884186616354108,0.837789810635998,0.714208047008762
0.940085254883583,0.874997574032293,0.919078928525875,0.916700446145434,0.969893421582697,0.910740824275538,0.873794309419608,0.902689193643256
0.889962393518226,0.832651584475174,0.8030774940025,0.884186616354109,0.910740824275538,0.88189171707492,0.805832580966764,0.755173863644875
1.16041941825567,0.72271913454684,0.777544652017383,0.837789810635998,0.873794309419608,0.805832580966764,0.753542448419235,0.763841645048155
0.648434201591803,0.666988506616773,0.685566173578604,0.714208047008762,0.902689193643256,0.755173863644875,0.763841645048155,1
