"[0,1)","[1,5)","[5,15)","[15,25)","[25,45)","[45,65)","[65,75)","[75,+)"
0.847371359659224,1.11663553055276,1.0541790550785,1.09602729069748,1.03876713702335,1.19193396700192,1.17159556520864,1.0011158581354
1.11663553055276,1.01410620312882,1.05347449739441,1.05543518712119,1.02333187738102,1.14086365732444,1.02466563353335,1.00602373646468
1.0541790550785,1.05347449739441,1.03664938410051,1.01560339876853,1.03537039596322,1.11051814195679,1.01670869798137,1.00910407017468
1.09602729069748,1.05543518712119,1.01560339876853,0.812137485692406,1.06181729974432,1.12626751189317,1.09818381771144,1.06724441798112
1.03876713702335,1.02333187738102,1.03537039596322,1.06181729974432,1.02998688436693,1.10196027872553,0.982496520515529,0.989789868439232
1.19193396700192,1.14086365732444,1.11051814195679,1.12626751189317,1.10196027872553,1.11680005862207,1.08099932637977,1.00873393766494
1.17159556520864,1.02466563353335,1.01670869798137,1.09818381771144,0.982496520515529,1.08099932637977,0.967303260993267,1.02966576524349
1.0011158581354,1.00602373646468,1.00910407017468,1.06724441798112,0.989789868439232,1.00873393766494,1.02966576524349,1
