"[0,1)","[1,5)","[5,15)","[15,25)","[25,45)","[45,65)","[65,75)","[75,+)"
0.716828970480527,1.02188277070597,1.00929802252021,0.947004532680898,0.955824012093175,0.932417249872363,1.09007684852977,1.28102217123447
1.02188277070597,0.784297720958415,0.966928231195787,0.88700130300087,0.939089954970754,0.924416442523615,1.23853715741276,1.27552511573462
1.00929802252021,0.966928231195787,0.797026358654526,0.830696360304834,0.964677103922229,0.903737107527191,1.16863418024612,1.25238344095284
0.947004532680898,0.88700130300087,0.830696360304834,0.568064876457842,0.909044420090069,0.868654149822232,1.06345826770534,1.13839337894156
0.955824012093175,0.939089954970754,0.964677103922229,0.909044420090069,0.947445498045012,0.886969132416539,1.14294492432577,1.26179902221485
0.932417249872363,0.924416442523614,0.903737107527191,0.868654149822232,0.886969132416539,0.879314079966477,1.01924846604937,1.05033911195973
1.09007684852977,1.23853715741276,1.16863418024612,1.06345826770534,1.14294492432577,1.01924846604937,1.21399864464083,1.23023045627994
1.28102217123447,1.27552511573462,1.25238344095284,1.13839337894156,1.26179902221485,1.05033911195973,1.23023045627994,1
