"[0,1)","[1,5)","[5,15)","[15,25)","[25,45)","[45,65)","[65,75)","[75,+)"
0.155270308909314,0.575404796407672,0.689559861959979,0.724462790620242,0.674583437061348,0.438467352973648,0.440248947438141,0.630891981040325
0.575404796407672,0.369740745275193,0.672289271049038,0.648164562462088,0.660406944719687,0.499475274941708,0.578197431938499,0.618293245507734
0.689559861959978,0.672289271049038,0.349577218902669,0.621463718731344,0.727400876115058,0.510623868259544,0.651707978660872,0.593098406631734
0.724462790620242,0.648164562462088,0.621463718731344,0.67527205451224,0.63962475794275,0.596154398828588,0.612456742388105,0.584562232776034
0.674583437061348,0.660406944719687,0.727400876115058,0.63962475794275,0.586253457798777,0.478856244799457,0.593498464878309,0.61236957276538
0.438467352973649,0.499475274941708,0.510623868259544,0.596154398828588,0.478856244799457,0.557603362427653,0.511992887094774,0.485516773314244
0.440248947438141,0.578197431938499,0.651707978660872,0.612456742388105,0.593498464878309,0.511992887094774,0.686127628773789,0.641765223845828
0.630891981040325,0.618293245507734,0.593098406631734,0.584562232776034,0.61236957276538,0.485516773314244,0.641765223845828,1
