"[0,1)","[1,5)","[5,15)","[15,25)","[25,45)","[45,65)","[65,75)","[75,+)"
0.0500752814417642,0.418313269293998,0.61492295460015,0.67593195359106,0.616395547111848,0.324155376939262,0.361983017045607,0.20000079671509
0.418313269293998,0.210229841641489,0.58674147588343,0.503507470554297,0.56334029922156,0.380587412482479,0.222176214844933,0.206108184629877
0.61492295460015,0.58674147588343,0.210557352070777,0.444021444326096,0.649170668614103,0.397916814687537,0.39243124782889,0.219557204872012
0.67593195359106,0.503507470554297,0.444021444326096,0.244666695263863,0.527432043547156,0.523302957541638,0.416479814938617,0.217185789389989
0.616395547111848,0.56334029922156,0.649170668614104,0.527432043547156,0.504952442023981,0.397644108197759,0.369751877302046,0.287825444297117
0.324155376939262,0.380587412482479,0.397916814687536,0.523302957541638,0.397644108197759,0.519242900572797,0.367207330872679,0.251710742432829
0.361983017045607,0.222176214844933,0.39243124782889,0.416479814938617,0.369751877302046,0.367207330872679,0.438259117807636,0.39639083909433
0.20000079671509,0.206108184629877,0.219557204872012,0.217185789389989,0.287825444297117,0.251710742432829,0.39639083909433,1
