"[0,1)","[1,5)","[5,15)","[15,25)","[25,45)","[45,65)","[65,75)","[75,+)"
1.01229276216341,0.997611386250451,1.03535358920692,0.993020064110625,1.02631567055941,1.08214153507039,1.25483430093453,1.03761005118868
0.997611386250451,1.01348957609893,0.991824691735919,0.932149254543308,0.973516158169326,1.00876572386453,1.06824266717174,1.04416631903937
1.03535358920692,0.991824691735919,1.01357754956795,0.89891059286436,0.989435943838419,0.996645797617026,1.04459852921771,1.04634325437251
0.993020064110624,0.932149254543308,0.89891059286436,0.63693212548821,0.938949121484048,0.9775823172559,1.05117567780179,1.07381153750609
1.02631567055941,0.973516158169325,0.989435943838419,0.938949121484048,0.973932267899037,0.999487861432456,1.06393204538155,1.13550374124286
1.08214153507039,1.00876572386453,0.996645797617026,0.9775823172559,0.999487861432456,1.02697517310441,1.08703694754032,1.08715683904324
1.25483430093453,1.06824266717174,1.04459852921771,1.05117567780179,1.06393204538155,1.08703694754032,1.13680996506742,1.1437793092845
1.03761005118868,1.04416631903937,1.04634325437251,1.07381153750609,1.13550374124286,1.08715683904324,1.1437793092845,1
