"[0,1)","[1,5)","[5,15)","[15,25)","[25,45)","[45,65)","[65,75)","[75,+)"
1.03160038408443,1.10544552705552,1.05860429446779,1.0737199657801,1.02501180739086,1.13951833739074,1.13808170232514,1.01128489201992
1.10544552705552,1.01360150025316,1.0470551282864,1.00449593978377,0.997356479354303,1.09166972590851,1.03245431897239,1.01599883606405
1.05860429446779,1.0470551282864,1.0198959407081,0.940733409921246,0.986789749178256,1.04260607151495,0.99427201335025,1.00848988669838
1.0737199657801,1.00449593978377,0.940733409921246,0.71206566976773,0.911338949762584,1.00007472333095,1.00748304364655,1.02912710070939
1.02501180739086,0.997356479354303,0.986789749178257,0.911338949762584,0.884086167434171,0.974132188201991,0.979919759806336,1.07852257413742
1.13951833739074,1.09166972590851,1.04260607151495,1.00007472333095,0.974132188201991,1.03640947660643,1.01504177989055,1.00242812654502
1.13808170232514,1.03245431897239,0.99427201335025,1.00748304364655,0.979919759806336,1.01504177989055,0.946184209178872,0.994480426570166
1.01128489201992,1.01599883606405,1.00848988669838,1.02912710070939,1.07852257413742,1.00242812654502,0.994480426570166,0.939390853889673
