"[0,1)","[1,5)","[5,15)","[15,25)","[25,45)","[45,65)","[65,75)","[75,+)"
1.0669837138537,1.28227462710609,1.16949543013066,1.15769867946966,1.11349971874743,1.3255494151722,1.33478899549918,1.18734119752222
1.28227462710609,1.06794497679218,1.12490111063691,1.11430229718673,1.07252393159762,1.24994839198691,1.20169375184928,1.19158601859104
1.16949543013066,1.12490111063692,1.08321920872759,1.07210530194413,1.07963370129475,1.19533681846546,1.14235831176712,1.18354418469939
1.15769867946966,1.11430229718673,1.07210530194413,0.846306253071371,1.09761342275968,1.16196869473945,1.18263726480301,1.21106930627809
1.11349971874743,1.07252393159762,1.07963370129475,1.09761342275968,1.06921740882589,1.12929249281045,1.03320469387612,1.07779521610355
1.3255494151722,1.24994839198691,1.19533681846546,1.16196869473945,1.12929249281045,1.13909315942859,1.12980273319186,1.08633591069242
1.33478899549918,1.20169375184928,1.14235831176712,1.18263726480301,1.03320469387612,1.12980273319186,1.04773258172214,1.11578185630042
1.18734119752222,1.19158601859104,1.18354418469939,1.21106930627809,1.07779521610355,1.08633591069242,1.11578185630042,1
