"[0,1)","[1,5)","[5,15)","[15,25)","[25,45)","[45,65)","[65,75)","[75,+)"
0.804319676743197,0.991527128183049,1.09265553957429,1.11502942056434,1.09641927231147,1.02125964130604,1.78225031788951,0.971622418266069
0.991527128183049,0.877156435209463,0.991211697900822,1.02689648818073,1.01887744403445,0.900509015134962,1.09151063550136,0.994959290260815
1.09265553957429,0.991211697900822,0.882077448593677,1.00968260705332,1.02840825390081,0.900702615004059,1.03090291010551,1.00021909004689
1.11502942056434,1.02689648818073,1.00968260705332,0.950619982200074,1.05192692602147,0.975485860446027,1.19145389844426,1.11042778574662
1.09641927231147,1.01887744403445,1.02840825390081,1.05192692602147,1.10026872806041,1.00293909251731,1.1806043864508,1.25273659801134
1.02125964130603,0.900509015134962,0.900702615004059,0.975485860446027,1.00293909251731,0.906160032392273,1.04544379731512,0.964266287232863
1.78225031788951,1.09151063550136,1.03090291010551,1.19145389844426,1.1806043864508,1.04544379731512,1.14479960287862,1.2247143068755
0.971622418266069,0.994959290260815,1.00021909004689,1.11042778574662,1.25273659801134,0.964266287232863,1.2247143068755,1
