"[0,1)","[1,5)","[5,15)","[15,25)","[25,45)","[45,65)","[65,75)","[75,+)"
0.516089764685507,0.57608557863632,0.609918194433663,0.60366957288765,0.582546117160639,0.53456435704029,0.384814122756232,0.587202605498427
0.57608557863632,0.529703914342275,0.625567778233366,0.587551302003712,0.595851101668583,0.583747220827692,0.559440798157432,0.628966698618975
0.609918194433663,0.625567778233366,0.524667982625389,0.564961905491014,0.605368779646144,0.568731353764451,0.543796645486756,0.577347760943554
0.60366957288765,0.587551302003712,0.564961905491014,0.506753648845563,0.57458758552056,0.570242071441363,0.524805835992018,0.605682455332703
0.58254611716064,0.595851101668583,0.605368779646143,0.57458758552056,0.569366775932803,0.540394958383201,0.513934079011156,0.452059655949341
0.53456435704029,0.583747220827692,0.568731353764451,0.570242071441363,0.540394958383201,0.514074419363517,0.448052071468107,0.428404085849004
0.384814122756232,0.559440798157432,0.543796645486756,0.524805835992018,0.513934079011156,0.448052071468107,0.416264492494329,0.415408057809687
0.587202605498427,0.628966698618975,0.577347760943554,0.605682455332703,0.452059655949341,0.428404085849004,0.415408057809687,0.449994138925315
