"[0,1)","[1,5)","[5,15)","[15,25)","[25,45)","[45,65)","[65,75)","[75,+)"
0.810388887438526,0.681858015607294,0.783080875596292,0.768508630082254,0.82687094295402,0.562689974263842,0.682077072006161,0.492814090628111
0.681858015607294,0.796564195034558,0.76171920844992,0.708055058336428,0.758422337590896,0.58666924765825,0.556653864324329,0.498281793825816
0.783080875596292,0.76171920844992,0.788646910854883,0.735403118698221,0.781843482165194,0.636816033770715,0.606436915805737,0.507033392426732
0.768508630082254,0.708055058336428,0.735403118698221,0.723169172050124,0.666172363008807,0.65391907320008,0.613952978233215,0.486847217310151
0.82687094295402,0.758422337590896,0.781843482165194,0.666172363008807,0.641582602203117,0.589445323305004,0.636020687541358,0.666667541328039
0.562689974263842,0.58666924765825,0.636816033770715,0.65391907320008,0.589445323305003,0.588200302738894,0.573565806253068,0.522040761246094
0.682077072006161,0.556653864324329,0.606436915805737,0.613952978233214,0.636020687541358,0.573565806253068,0.65269578955003,0.670449482675392
0.492814090628111,0.498281793825816,0.507033392426732,0.486847217310151,0.666667541328039,0.522040761246094,0.670449482675392,0.834458590315077
