"[0,1)","[1,5)","[5,15)","[15,25)","[25,45)","[45,65)","[65,75)","[75,+)"
0.896394154707175,0.868563137951944,0.917925999017701,0.92086196366545,0.945326160175462,0.887176207340035,1.02314829008863,0.898911414427683
0.868563137951944,0.927901425557934,0.910390876531998,0.881225180785407,0.930097165823254,0.881868259374518,0.939543318505276,0.903491825805737
0.917925999017701,0.910390876531998,0.94155741637537,0.837475368903606,0.926366630380154,0.894517340246793,0.9465750628375,0.908127560324922
0.92086196366545,0.881225180785407,0.837475368903606,0.653468455139484,0.884841907097471,0.91346582224833,0.988738062107585,1.02025780018811
0.945326160175462,0.930097165823254,0.926366630380154,0.884841907097471,0.85706537284563,0.909510663451009,1.07842544647615,1.10117653950067
0.887176207340035,0.881868259374518,0.894517340246793,0.91346582224833,0.909510663451009,0.936216578299019,1.0047259122482,0.990481148031346
1.02314829008863,0.939543318505276,0.9465750628375,0.988738062107585,1.07842544647615,1.0047259122482,1.01978880993416,1.04279375898092
0.898911414427683,0.903491825805737,0.908127560324922,1.02025780018811,1.10117653950067,0.990481148031346,1.04279375898092,1.00243795896247
