"[0,1)","[1,5)","[5,15)","[15,25)","[25,45)","[45,65)","[65,75)","[75,+)"
0.215093201108229,0.554501456001359,0.753659099291878,0.8357990727701,0.751109365316523,0.514928722410915,0.863570179774862,0.463583698779071
0.554501456001359,0.397565398251205,0.68446125825786,0.677966574871531,0.702554151427486,0.51672650304115,0.533671932407578,0.490016995582316
0.753659099291878,0.68446125825786,0.378960225371503,0.607894291109452,0.763340835741426,0.526993403617127,0.599830070954649,0.483176870129743
0.8357990727701,0.677966574871531,0.607894291109452,0.426345105452623,0.728185076625169,0.685393974609308,0.728226500755351,0.601099365524741
0.751109365316522,0.702554151427486,0.763340835741425,0.728185076625169,0.723571881646648,0.623904600199143,0.723610503506825,0.731324097060172
0.514928722410915,0.51672650304115,0.526993403617127,0.685393974609308,0.623904600199143,0.648796406815888,0.616921609676431,0.55680455935448
0.863570179774862,0.533671932407578,0.599830070954649,0.72822650075535,0.723610503506825,0.616921609676431,0.696822688042238,0.690738246209531
0.463583698779071,0.490016995582316,0.483176870129743,0.601099365524741,0.731324097060172,0.55680455935448,0.690738246209531,1
