"[0,1)","[1,5)","[5,15)","[15,25)","[25,45)","[45,65)","[65,75)","[75,+)"
0.594209282468122,0.912075670215611,0.987339250185033,0.991544281573176,1.01572903402176,0.96978613842229,1.24681952322237,0.837140352976774
0.912075670215611,0.70825066430191,0.93193512397542,0.909048954709103,0.967525672684085,0.924765972740384,0.897264019119271,0.85198709471796
0.987339250185033,0.93193512397542,0.723279866702673,0.852865062685796,0.993354061525543,0.904272157391564,0.911737663024725,0.862793020761044
0.991544281573176,0.909048954709103,0.852865062685796,0.660601432341116,1.01586437903948,0.961988755517603,0.98044049339378,0.927580028450199
1.01572903402176,0.967525672684085,0.993354061525543,1.01586437903948,1.08521335864632,1.03092335412047,1.07468435962415,1.14058559059424
0.96978613842229,0.924765972740384,0.904272157391564,0.961988755517603,1.03092335412047,0.963202335638021,0.959883007474458,0.921118932049288
1.24681952322237,0.897264019119271,0.911737663024725,0.98044049339378,1.07468435962415,0.959883007474459,0.928820861236881,0.9639669084148
0.837140352976774,0.85198709471796,0.862793020761044,0.927580028450198,1.14058559059424,0.921118932049288,0.9639669084148,1
