"[0,1)","[1,5)","[5,15)","[15,25)","[25,45)","[45,65)","[65,75)","[75,+)"
0.531702139021863,1.23478282197202,1.17904505980326,1.10063924836749,1.07519191848923,1.20996139413294,1.38352240755383,1.24638178097061
1.23478282197202,0.939395636545583,1.08485010678174,1.05891444901472,1.02929920837943,1.11084130208455,1.25571159767849,1.25177609068759
1.17904505980326,1.08485010678174,0.938062915980393,1.04388668325216,1.04191759286476,1.05175552222535,1.17189313690379,1.23559421317581
1.10063924836749,1.05891444901472,1.04388668325216,1.00189081953585,0.981571743646865,0.972520416547613,1.04617702110464,1.02031071646446
1.07519191848923,1.02929920837943,1.04191759286476,0.981571743646865,1.00614634895409,0.976775502610189,1.01542510705924,1.09185145370618
1.20996139413294,1.11084130208455,1.05175552222535,0.972520416547613,0.976775502610189,0.960730395737565,0.982394047404584,0.992203542326952
1.38352240755383,1.25571159767849,1.17189313690379,1.04617702110464,1.01542510705923,0.982394047404584,1.00932116583922,1.00093983301147
1.24638178097061,1.25177609068759,1.23559421317581,1.02031071646446,1.09185145370618,0.992203542326952,1.00093983301147,1
