"[0,1)","[1,5)","[5,15)","[15,25)","[25,45)","[45,65)","[65,75)","[75,+)"
0.127940844014169,0.508773596469969,0.699087520538648,0.676330212482595,0.607306874875495,0.461183633741148,0.364412918751766,0.442843254677378
0.508773596469969,0.321366348323673,0.612843400870101,0.587957150367765,0.583974523172247,0.496971180736423,0.41785844070317,0.43652846021504
0.699087520538648,0.612843400870101,0.286759094630212,0.558625542209035,0.602207131243091,0.466947393553931,0.457927205855368,0.423737807774724
0.676330212482595,0.587957150367765,0.558625542209035,0.589746473896447,0.523421702633309,0.552182365329126,0.464709780344309,0.431612510126715
0.607306874875495,0.583974523172247,0.602207131243091,0.523421702633309,0.479017112416187,0.449914867067403,0.424048080186144,0.39233506114042
0.461183633741148,0.496971180736423,0.466947393553931,0.552182365329126,0.449914867067403,0.485546829494743,0.414714351397761,0.389836668606842
0.364412918751766,0.41785844070317,0.457927205855368,0.464709780344309,0.424048080186144,0.414714351397761,0.488078464197763,0.47252562692679
0.442843254677378,0.43652846021504,0.423737807774724,0.431612510126715,0.39233506114042,0.389836668606842,0.47252562692679,0.787875785625162
