"[0,1)","[1,5)","[5,15)","[15,25)","[25,45)","[45,65)","[65,75)","[75,+)"
0.77167907305516,0.720964598990715,0.803264371875673,0.791368403952171,0.796903810293279,0.649729684387973,0.601241215760042,0.62771620244441
0.720964598990715,0.769712222338749,0.794655905702045,0.750003747037004,0.763841554158606,0.687408435279154,0.637514724505756,0.625584577004688
0.803264371875673,0.794655905702045,0.765187032901783,0.763910549517935,0.785524749308575,0.712340579165587,0.669958017163112,0.621068421542056
0.791368403952171,0.750003747037004,0.763910549517935,0.765299023333562,0.696247876228774,0.714748560601464,0.660377927835756,0.622977977664007
0.796903810293279,0.763841554158605,0.785524749308575,0.696247876228774,0.667709164687194,0.642351554291024,0.63191733075635,0.612818542885108
0.649729684387973,0.687408435279154,0.712340579165587,0.714748560601464,0.642351554291024,0.668348906697716,0.628087468377985,0.608717517506513
0.601241215760042,0.637514724505756,0.669958017163112,0.660377927835756,0.63191733075635,0.628087468377985,0.67542952995292,0.666263646642663
0.62771620244441,0.625584577004688,0.621068421542057,0.622977977664007,0.612818542885108,0.608717517506513,0.666263646642663,0.864519932186832
