"[0,1)","[1,5)","[5,15)","[15,25)","[25,45)","[45,65)","[65,75)","[75,+)"
0.0869622931120812,0.519328111305724,0.67003888505918,0.700974805131428,0.626727711368404,0.452149393136793,0.419319543725324,0.393302829407178
0.519328111305724,0.257660236380386,0.641298915288758,0.570475091611982,0.611134237849106,0.502133886461258,0.389653171975085,0.394573683297913
0.67003888505918,0.641298915288758,0.265798810052113,0.503303735309558,0.680623966693421,0.502981242181647,0.519494016210348,0.397687309909297
0.700974805131429,0.570475091611982,0.503303735309558,0.304548991914173,0.577158191289133,0.597804925021425,0.507028827415311,0.390182702217784
0.626727711368404,0.611134237849106,0.680623966693422,0.577158191289133,0.545919645426615,0.486896236650338,0.462135658082489,0.405471993646571
0.452149393136793,0.502133886461258,0.502981242181647,0.597804925021425,0.486896236650338,0.608537999593024,0.478035900158774,0.415220420003822
0.419319543725324,0.389653171975085,0.519494016210348,0.507028827415311,0.462135658082489,0.478035900158774,0.537684092607338,0.485960533304092
0.393302829407178,0.394573683297913,0.397687309909297,0.390182702217784,0.405471993646571,0.415220420003822,0.485960533304092,1
