"[0,1)","[1,5)","[5,15)","[15,25)","[25,45)","[45,65)","[65,75)","[75,+)"
0.283494850076977,0.622252618371916,0.737323556014679,0.761250842885301,0.693142384692515,0.567770768485852,0.545632903225167,0.525000171983293
0.622252618371916,0.388545114972029,0.702946962150742,0.643923310409215,0.673275352896175,0.600043154725252,0.519127291849063,0.526092863478592
0.737323556014679,0.702946962150742,0.373802688682832,0.572173256526778,0.731946844808481,0.585935973569913,0.613059866710069,0.523407710295291
0.761250842885301,0.643923310409215,0.572173256526778,0.364876052962967,0.645596795670654,0.666400171304366,0.599903012235095,0.516470408426159
0.693142384692514,0.673275352896175,0.731946844808481,0.645596795670654,0.617431802193029,0.577031006703593,0.565075865668215,0.532091817630916
0.567770768485852,0.600043154725252,0.585935973569913,0.666400171304366,0.577031006703593,0.67318259827165,0.559829746014554,0.532341285311596
0.545632903225167,0.519127291849063,0.613059866710069,0.599903012235095,0.565075865668215,0.559829746014554,0.60470854322305,0.557791824285339
0.525000171983293,0.526092863478592,0.523407710295291,0.516470408426159,0.532091817630916,0.532341285311596,0.557791824285339,1
