"[0,1)","[1,5)","[5,15)","[15,25)","[25,45)","[45,65)","[65,75)","[75,+)"
0.716949950309275,0.689348087806718,0.833167851432046,0.870945440605315,0.820517341452311,0.621448752885771,1.02156625725552,0.603865072430566
0.689348087806718,0.717708211605209,0.719494972567981,0.768063208781242,0.757035129812761,0.596530073115158,0.71928463794589,0.629032162896006
0.833167851432046,0.719494972567981,0.700901471431884,0.713087715285388,0.765649112953147,0.617746150632802,0.7025128444241,0.630333532895167
0.870945440605315,0.768063208781242,0.713087715285388,0.614424690724299,0.762138635349457,0.768616125350336,0.874476098541376,1.00976542347006
0.820517341452311,0.757035129812761,0.765649112953147,0.762138635349457,0.646190568114625,0.641596827051441,0.765276531773144,0.805955023043742
0.621448752885771,0.596530073115158,0.617746150632802,0.768616125350336,0.641596827051441,0.660833101299912,0.72121627893469,0.705880060521405
1.02156625725552,0.71928463794589,0.7025128444241,0.874476098541376,0.765276531773144,0.72121627893469,0.898726833720053,0.891964179727265
0.603865072430566,0.629032162896006,0.630333532895167,1.00976542347006,0.805955023043742,0.705880060521405,0.891964179727265,0.969009593085817
