"[0,1)","[1,5)","[5,15)","[15,25)","[25,45)","[45,65)","[65,75)","[75,+)"
0.774256628941849,0.857554576932575,0.844008522863634,0.833375222404028,0.833120216331639,0.805791584878074,0.770907997689826,0.805125372846759
0.857554576932575,0.845485007279356,0.851276416508702,0.849836528218136,0.837323067238224,0.829272699487457,0.830146575627013,0.825192951610601
0.844008522863634,0.851276416508702,0.843784193333254,0.855439046140339,0.84404847610266,0.818047136851525,0.817296339245304,0.809700130223043
0.833375222404028,0.849836528218136,0.855439046140339,0.905320203039954,0.826728894192132,0.806977597654324,0.808416710726007,0.81966108058758
0.833120216331639,0.837323067238224,0.84404847610266,0.826728894192132,0.801407894385342,0.777214421040066,0.802529211205971,0.801687427374236
0.805791584878074,0.829272699487457,0.818047136851525,0.806977597654324,0.777214421040066,0.771552952132922,0.767671534931658,0.777408169278265
0.770907997689826,0.830146575627013,0.817296339245304,0.808416710726007,0.802529211205971,0.767671534931658,0.801166540942333,0.807449191939952
0.805125372846759,0.825192951610601,0.809700130223043,0.81966108058758,0.801687427374236,0.777408169278265,0.807449191939952,0.758980891661744
