"[0,1)","[1,5)","[5,15)","[15,25)","[25,45)","[45,65)","[65,75)","[75,+)"
0.822666380555987,0.863292274364943,0.845070101607373,0.853485761927069,0.888692640546235,0.8726949134324,1.13495938380424,0.792178825496551
0.863292274364943,0.821563547110339,0.833860007901969,0.858842052417954,0.840021434601024,0.849374315233929,0.879765665810392,0.827089346124513
0.845070101607373,0.833860007901969,0.821493120121742,0.860379679548262,0.851584838077717,0.821680445167115,0.823549577360294,0.812951129027754
0.853485761927069,0.858842052417954,0.860379679548262,0.930084196156963,0.845311752174528,0.834316833892404,0.861176607248442,0.815559129123931
0.888692640546235,0.840021434601024,0.851584838077717,0.845311752174528,0.841867877536152,0.823846143083141,0.850396692145527,0.867670738778534
0.8726949134324,0.849374315233929,0.821680445167115,0.834316833892404,0.823846143083141,0.800109928064059,0.822144582729965,0.820855115611933
1.13495938380424,0.879765665810392,0.823549577360294,0.861176607248442,0.850396692145527,0.822144582729965,0.789418077987464,0.821755748695142
0.792178825496551,0.827089346124513,0.812951129027754,0.815559129123931,0.867670738778534,0.820855115611933,0.821755748695142,0.742968723510412
