"[0,1)","[1,5)","[5,15)","[15,25)","[25,45)","[45,65)","[65,75)","[75,+)"
1.00618766935614,0.985940550591938,0.967447552175643,0.958270142438436,0.972518789121185,1.00210910610752,1.17441921853069,0.831475211576575
0.985940550591938,1.02477434481223,0.968381496691118,0.951908254115433,0.951649597503269,0.933144226177237,0.946470944422066,0.860233672168692
0.967447552175643,0.968381496691118,1.02318780060496,0.968150190624009,0.937502909572123,0.926171974566472,0.918901585968303,0.864951923295683
0.958270142438436,0.951908254115433,0.968150190624009,0.939855916932635,0.890142262697464,0.900611451324391,0.941948508361636,0.85788491965366
0.972518789121185,0.951649597503269,0.937502909572123,0.890142262697464,0.852734357163204,0.88257596497432,0.969373393729811,1.05351804633656
1.00210910610752,0.933144226177237,0.926171974566472,0.900611451324391,0.88257596497432,0.880834025729141,0.918184700888267,0.89602621639955
1.17441921853069,0.946470944422066,0.918901585968303,0.941948508361636,0.969373393729811,0.918184700888267,0.865447526704309,0.906705237975462
0.831475211576575,0.860233672168692,0.864951923295683,0.85788491965366,1.05351804633656,0.89602621639955,0.906705237975462,0.793163196298939
