"[0,1)","[1,5)","[5,15)","[15,25)","[25,45)","[45,65)","[65,75)","[75,+)"
0.628242965240604,0.92144364801912,0.952877135957699,0.949939869758828,0.920087329460433,0.921930479614694,0.917678071991703,0.91143851226475
0.92144364801912,0.876094915841077,0.944404691939749,0.89092805187706,0.919342702924238,0.920116568827434,0.908943241748802,0.911768953919232
0.952877135957699,0.944404691939749,0.892402204139609,0.855575013239888,0.938788292528216,0.915369665914731,0.925781496385473,0.908415990312214
0.949939869758828,0.89092805187706,0.855575013239888,0.64512898867541,0.900119570095736,0.916286993616163,0.923418692535158,0.908241012416987
0.920087329460433,0.919342702924238,0.938788292528216,0.900119570095736,0.902417900312076,0.885945002497917,0.8928101829038,0.90020133398012
0.921930479614694,0.920116568827434,0.915369665914731,0.916286993616163,0.885945002497917,0.925655522862187,0.911348524004435,0.893016541411666
0.917678071991703,0.908943241748802,0.925781496385473,0.923418692535158,0.8928101829038,0.911348524004435,0.934209570011887,0.93524758950742
0.91143851226475,0.911768953919232,0.908415990312214,0.908241012416987,0.90020133398012,0.893016541411666,0.93524758950742,1
