"[0,1)","[1,5)","[5,15)","[15,25)","[25,45)","[45,65)","[65,75)","[75,+)"
0.781408632499001,0.745540990568929,0.822012953163175,0.822057142317798,0.848281268151974,0.705048927914611,0.716693029507363,0.677951162632882
0.745540990568929,0.899215518620023,0.829011318341026,0.780560088666161,0.814364048977998,0.725879911606698,0.690499303639102,0.67928761684292
0.822012953163175,0.829011318341026,0.893750962049252,0.795025114002583,0.848630313270275,0.755068218613835,0.737284457205152,0.676868705391054
0.822057142317798,0.780560088666161,0.795025114002583,0.76188506033416,0.746180189469304,0.760872782556493,0.728438246046338,0.692212508919537
0.848281268151974,0.814364048977998,0.848630313270275,0.746180189469304,0.72246759635963,0.700623924711871,0.727254368417877,0.734069189823402
0.705048927914612,0.725879911606698,0.755068218613835,0.760872782556493,0.700623924711871,0.774781150364749,0.701547107267411,0.707092578128623
0.716693029507363,0.690499303639102,0.737284457205152,0.728438246046338,0.727254368417876,0.701547107267411,0.765968079647444,0.715703084917496
0.677951162632882,0.67928761684292,0.676868705391055,0.692212508919536,0.734069189823402,0.707092578128623,0.715703084917496,1
