"[0,1)","[1,5)","[5,15)","[15,25)","[25,45)","[45,65)","[65,75)","[75,+)"
0.95577191149933,0.762426025906142,0.822413856545362,0.798978004897378,0.836798201585637,0.650768968453901,0.721913842922566,0.558404297891133
0.762426025906142,0.911250749311214,0.817077182989162,0.746691663978708,0.782543511885656,0.669007051876789,0.617811168617651,0.563127998509787
0.822413856545362,0.817077182989162,0.907503404957634,0.776228717662313,0.804323615788973,0.71170042293471,0.659397019875126,0.565174884227397
0.798978004897378,0.746691663978708,0.776228717662313,0.711994712378426,0.669021045991903,0.689727783467099,0.650493665057789,0.532594275526686
0.836798201585637,0.782543511885656,0.804323615788973,0.669021045991903,0.629728231972413,0.613739208496123,0.643678566878525,0.650509369837979
0.650768968453901,0.669007051876789,0.71170042293471,0.689727783467099,0.613739208496123,0.639918084853779,0.616820150417695,0.564932054446225
0.721913842922566,0.617811168617651,0.659397019875126,0.650493665057789,0.643678566878525,0.616820150417695,0.648759242180393,0.676289298681318
0.558404297891133,0.563127998509787,0.565174884227397,0.532594275526686,0.650509369837979,0.564932054446225,0.676289298681318,0.828696569334794
