"[0,1)","[1,5)","[5,15)","[15,25)","[25,45)","[45,65)","[65,75)","[75,+)"
0.282879226145038,0.85649011969705,0.990391485535731,1.03840725621259,0.976971905028042,0.979768847297813,1.28401327479614,0.767096636771785
0.85649011969705,0.464468969045264,0.872912370541294,0.90715126850944,0.952577937452105,0.891975427786791,0.885264200570029,0.781368267362754
0.990391485535731,0.872912370541294,0.454021046033565,0.778334423220436,0.90913239495452,0.800475643894596,0.857392412388132,0.809606729557129
1.03840725621259,0.907151268509439,0.778334423220435,0.62911364892632,0.964129547094459,0.943842447120533,0.991687302999258,0.832835119965738
0.976971905028042,0.952577937452105,0.90913239495452,0.964129547094459,1.00333547139824,1.02067733158891,1.1792476936574,1.33593703602935
0.979768847297813,0.89197542778679,0.800475643894596,0.943842447120533,1.02067733158891,0.963769746065023,0.99212158643178,0.945335663210454
1.28401327479614,0.885264200570029,0.857392412388132,0.991687302999258,1.1792476936574,0.99212158643178,0.906889018478407,0.987018567443511
0.767096636771785,0.781368267362754,0.809606729557129,0.832835119965738,1.33593703602935,0.945335663210454,0.987018567443511,0.907068087353127
