"[0,1)","[1,5)","[5,15)","[15,25)","[25,45)","[45,65)","[65,75)","[75,+)"
0.171984311640616,0.483766813351237,0.673519836178209,0.647983111222765,0.584666741611264,0.415730189227579,0.326874860314649,0.396910680381537
0.483766813351237,0.321410478765116,0.590272600947458,0.556644507869291,0.562242475587842,0.466804360851964,0.376515098005817,0.393431062330584
0.673519836178209,0.590272600947458,0.284576666553675,0.521955595732206,0.578647606295361,0.44802246226829,0.422587067863587,0.383917980835498
0.647983111222765,0.556644507869291,0.521955595732206,0.514702088079958,0.508596130003587,0.534143830544509,0.429179320839385,0.391622600532015
0.584666741611264,0.562242475587842,0.578647606295361,0.508596130003587,0.474264808674422,0.440546323143542,0.398358020100802,0.347507179481795
0.415730189227579,0.466804360851964,0.44802246226829,0.534143830544509,0.440546323143542,0.471456740974928,0.382380845619851,0.348908332297234
0.326874860314649,0.376515098005817,0.422587067863587,0.429179320839385,0.398358020100802,0.382380845619851,0.455396260263445,0.438942812044714
0.396910680381537,0.393431062330584,0.383917980835498,0.391622600532015,0.347507179481795,0.348908332297234,0.438942812044714,0.77251337545682
