"[0,1)","[1,5)","[5,15)","[15,25)","[25,45)","[45,65)","[65,75)","[75,+)"
0.0753192504370147,0.51067495950347,0.70762071948002,0.68105751915493,0.601705714099363,0.475462107147944,0.383106538761965,0.46922584132556
0.51067495950347,0.215915065957919,0.596947680241666,0.590161148092906,0.582461628512632,0.513077656150395,0.435635532551953,0.465079120449761
0.70762071948002,0.596947680241666,0.203316255417466,0.553265189801476,0.593596517373013,0.47425118830017,0.467859176589456,0.452339425557776
0.68105751915493,0.590161148092906,0.553265189801476,0.600467482940338,0.554947769577263,0.57828658232887,0.48253906937219,0.46111669167912
0.601705714099363,0.582461628512632,0.593596517373014,0.554947769577263,0.517554660520212,0.488016196456498,0.451642260731105,0.404038645999252
0.475462107147944,0.513077656150395,0.47425118830017,0.57828658232887,0.488016196456498,0.515628484690578,0.432722765014873,0.404349397182564
0.383106538761965,0.435635532551953,0.467859176589456,0.48253906937219,0.451642260731105,0.432722765014873,0.499178742362511,0.484472180526326
0.46922584132556,0.465079120449761,0.452339425557776,0.46111669167912,0.404038645999252,0.404349397182564,0.484472180526326,0.792737969349948
