"[0,1)","[1,5)","[5,15)","[15,25)","[25,45)","[45,65)","[65,75)","[75,+)"
0.0882985360474449,0.589895135174299,0.775352852658456,0.756144278571401,0.664789524691871,0.597424474739954,0.571627055981194,0.550084535152469
0.589895135174299,0.249841111178029,0.655366013748118,0.670066703476902,0.654624110031987,0.606708275848657,0.548674594553419,0.551309694939948
0.775352852658456,0.655366013748118,0.23817340896498,0.623383848644189,0.653425406750906,0.548335047909225,0.5699582718208,0.549882566164375
0.756144278571401,0.670066703476902,0.623383848644189,0.680236335758076,0.644318136212866,0.667450167571293,0.610325320122732,0.554001733724513
0.664789524691871,0.654624110031987,0.653425406750906,0.644318136212866,0.610962845807235,0.597087365139676,0.581137679137642,0.572402579576229
0.597424474739954,0.606708275848657,0.548335047909225,0.667450167571294,0.597087365139676,0.632639979858015,0.593737262832305,0.57662794945175
0.571627055981194,0.548674594553419,0.5699582718208,0.610325320122732,0.581137679137642,0.593737262832305,0.653452741284945,0.641560565692467
0.550084535152469,0.551309694939948,0.549882566164375,0.554001733724513,0.572402579576229,0.57662794945175,0.641560565692467,0.850750582303265
