"[0,1)","[1,5)","[5,15)","[15,25)","[25,45)","[45,65)","[65,75)","[75,+)"
0.845170920849228,0.65760469443858,0.701836890043789,0.740538134584222,0.757819840355817,0.489119471731289,0.549392975528131,0.641257378791542
0.65760469443858,0.877184056963543,0.778273154582534,0.742498141873275,0.761336723168365,0.580385094343778,0.63593452734528,0.637928219855679
0.70183689004379,0.778273154582534,0.831629308113502,0.764257576499072,0.797292197141072,0.619813781604134,0.684942193987429,0.62608259831985
0.740538134584222,0.742498141873275,0.764257576499072,0.826923987621885,0.712082955218132,0.662613512500983,0.672283162286823,0.632168739483768
0.757819840355818,0.761336723168365,0.797292197141072,0.712082955218132,0.640338430325791,0.553591802103918,0.692548361987964,0.671121290616718
0.489119471731289,0.580385094343778,0.619813781604134,0.662613512500983,0.553591802103918,0.61597834782916,0.574093479876537,0.568259684446263
0.549392975528131,0.63593452734528,0.684942193987429,0.672283162286823,0.692548361987964,0.574093479876537,0.690208654611491,0.665154276301718
0.641257378791542,0.637928219855679,0.62608259831985,0.632168739483768,0.671121290616718,0.568259684446263,0.665154276301718,1
