"[0,1)","[1,5)","[5,15)","[15,25)","[25,45)","[45,65)","[65,75)","[75,+)"
0.981453526652031,0.892601161123467,0.978789870782473,1.0200615508772,1.01169482732875,0.877456308197872,1.44510109866114,0.757104612396034
0.892601161123467,0.96224536261954,0.863131966250994,0.951603162497503,0.964981786456582,0.79015348831486,0.93765678809307,0.782682361008183
0.978789870782473,0.863131966250994,0.961775691834482,0.90297801843839,0.957383902978495,0.828504580281033,0.881563680930898,0.792170846076195
1.0200615508772,0.951603162497503,0.90297801843839,0.804410396970536,1.01038876167655,0.982807237918196,1.10622414284109,1.28312467681245
1.01169482732875,0.964981786456582,0.957383902978496,1.01038876167655,0.924143858965516,0.931384485472058,1.10306423519957,1.15934604575576
0.877456308197872,0.79015348831486,0.828504580281033,0.982807237918196,0.931384485472058,0.897615139711062,0.961382088895196,0.942011530186709
1.44510109866114,0.937656788093071,0.881563680930898,1.10622414284109,1.10306423519957,0.961382088895196,1.04244303187081,1.07178027590514
0.757104612396034,0.782682361008183,0.792170846076195,1.28312467681245,1.15934604575576,0.942011530186709,1.07178027590514,1.01440635374045
