"[0,1)","[1,5)","[5,15)","[15,25)","[25,45)","[45,65)","[65,75)","[75,+)"
0.939167141382338,0.940271651870652,1.04042086343732,1.09274759403129,1.02946089439452,0.973216751174511,1.62790971451917,0.984054230011391
0.940271651870652,0.938187186168924,0.880954809638235,1.02307708345574,0.975623229988083,0.833863704011538,1.13614560665525,1.00265486002298
1.04042086343732,0.880954809638235,0.938831454050672,0.962372319567139,0.963586579074825,0.85193732827358,1.03570448856024,1.0043597795795
1.09274759403129,1.02307708345574,0.962372319567139,0.920710635598332,1.07087266453678,1.06190017997417,1.32023140106594,1.66431277431171
1.02946089439452,0.975623229988083,0.963586579074825,1.07087266453678,0.926292360788419,0.95027151000956,1.21592217919488,1.30025173026016
0.973216751174511,0.833863704011538,0.85193732827358,1.06190017997417,0.95027151000956,0.93736441186161,1.10634433323814,1.12167411736877
1.62790971451917,1.13614560665525,1.03570448856024,1.32023140106594,1.21592217919488,1.10634433323814,1.30315791455811,1.30676825592319
0.984054230011391,1.00265486002298,1.0043597795795,1.66431277431171,1.30025173026016,1.12167411736877,1.30676825592319,1.15312834492969
