"[0,1)","[1,5)","[5,15)","[15,25)","[25,45)","[45,65)","[65,75)","[75,+)"
0.0531087149246373,0.429812309915151,0.674510620233574,0.661859847686678,0.579567709412135,0.389160286802562,0.499555820845414,0.296325225902168
0.429812309915151,0.203620947913063,0.546441012212818,0.507585830042449,0.531409189667857,0.40938508865852,0.350544791269007,0.303422321716012
0.674510620233574,0.546441012212818,0.182379059122574,0.417495559975379,0.538728965411156,0.375363931251243,0.395612424077867,0.312828882789054
0.661859847686678,0.507585830042449,0.417495559975379,0.264101600950884,0.442253044639642,0.49214999227192,0.440343314519004,0.341564778775337
0.579567709412135,0.531409189667857,0.538728965411156,0.442253044639642,0.387607983001746,0.379756814289257,0.441269825476818,0.4544550459028
0.389160286802562,0.40938508865852,0.375363931251243,0.49214999227192,0.379756814289257,0.429981771087523,0.407874041194146,0.349007943222996
0.499555820845414,0.350544791269007,0.395612424077867,0.440343314519004,0.441269825476818,0.407874041194146,0.498507170334782,0.527906924842953
0.296325225902168,0.303422321716012,0.312828882789054,0.341564778775337,0.4544550459028,0.349007943222996,0.527906924842953,0.76150693693842
