"[0,1)","[1,5)","[5,15)","[15,25)","[25,45)","[45,65)","[65,75)","[75,+)"
0.824486526513388,1.22796869690821,1.18730873354214,1.14176201335993,1.09486556324606,1.25665154813561,1.4264796575928,1.28707271753148
1.22796869690821,0.941573692611291,1.12037381555319,1.043777448771,1.07207994222345,1.14107925296792,1.28627265151627,1.29221242449079
1.18730873354214,1.12037381555319,0.953329725694798,0.959538563909663,1.04246174827592,1.04557708211951,1.19547519295739,1.27775045405705
1.14176201335993,1.043777448771,0.959538563909663,0.688329875839585,0.976233243165989,0.994303937033809,1.09618753981611,1.06997510806286
1.09486556324606,1.07207994222345,1.04246174827592,0.976233243165989,0.980143755151376,1.01773909162572,1.16725608687221,1.30787862895474
1.25665154813561,1.14107925296792,1.04557708211951,0.994303937033809,1.01773909162572,1.01804745896718,1.11264534587111,1.10486537129066
1.4264796575928,1.28627265151627,1.19547519295739,1.09618753981611,1.16725608687221,1.11264534587111,1.12539989353922,1.17694855322815
1.28707271753148,1.29221242449079,1.27775045405705,1.06997510806286,1.30787862895474,1.10486537129066,1.17694855322815,1.03179889792399
