"[0,1)","[1,5)","[5,15)","[15,25)","[25,45)","[45,65)","[65,75)","[75,+)"
0.0894024789737053,0.43183840843356,0.62208434289994,0.685306418338135,0.622139483218309,0.343145536160834,0.416827914167745,0.250856430038868
0.43183840843356,0.22556634170697,0.592802650082856,0.531776890741404,0.570085792989506,0.398265176037607,0.27287321767796,0.257114229409068
0.62208434289994,0.592802650082856,0.223692065724194,0.463059377081317,0.652518776777712,0.412561379347145,0.430049080986983,0.26921732006991
0.685306418338136,0.531776890741404,0.463059377081317,0.27261895408031,0.542968017585755,0.549034401547411,0.463629807233352,0.281015841999874
0.622139483218309,0.570085792989506,0.652518776777712,0.542968017585755,0.495563855998731,0.403303259564084,0.392822805527381,0.311529131466213
0.343145536160834,0.398265176037607,0.412561379347145,0.549034401547411,0.403303259564084,0.532483724115903,0.404745449819257,0.303869833709915
0.416827914167745,0.27287321767796,0.430049080986983,0.463629807233352,0.392822805527381,0.404745449819257,0.484490859845293,0.441087779356374
0.250856430038868,0.257114229409068,0.26921732006991,0.281015841999874,0.311529131466213,0.303869833709915,0.441087779356374,1
