"[0,1)","[1,5)","[5,15)","[15,25)","[25,45)","[45,65)","[65,75)","[75,+)"
0.786387140066329,0.958770967321989,1.03994846035202,1.04933521775571,1.04557729299547,0.975549961155427,1.54266991529313,0.948304382208627
0.958770967321989,0.861842297094218,0.95178293383188,0.968341485551297,0.960478416427465,0.877390702135053,1.0406233800283,0.970714377986678
1.03994846035202,0.95178293383188,0.852912405762558,0.951918064350496,0.977487343572903,0.866323502398715,0.995079460815673,0.971499509577185
1.04933521775571,0.968341485551297,0.951918064350496,0.903194891756924,0.958540253575746,0.919192541413761,1.07651643723363,1.0073743103076
1.04557729299547,0.960478416427466,0.977487343572903,0.958540253575746,0.995503024254618,0.919559863455128,1.04292987490326,1.10101710995193
0.975549961155427,0.877390702135054,0.866323502398715,0.919192541413761,0.919559863455128,0.880147780243509,0.973908979460494,0.914006740882358
1.54266991529313,1.0406233800283,0.995079460815673,1.07651643723363,1.04292987490326,0.973908979460494,1.07030111359446,1.11004527123804
0.948304382208627,0.970714377986678,0.971499509577185,1.0073743103076,1.10101710995193,0.914006740882358,1.11004527123804,1
