"[0,1)","[1,5)","[5,15)","[15,25)","[25,45)","[45,65)","[65,75)","[75,+)"
0.896810005486072,0.864594121444042,0.902088087701892,0.907715405514564,0.914900880428636,0.815529252909187,0.922263551935155,0.746099932802008
0.864594121444042,0.88870436490468,0.88788132885201,0.869930913931189,0.884413902325908,0.813153969217234,0.775857265606086,0.753029178687379
0.902088087701892,0.887881328852011,0.885400684443254,0.869359973155392,0.905346133497737,0.834697884176858,0.805442175379883,0.749058733461142
0.907715405514564,0.869930913931189,0.869359973155392,0.814725295241136,0.863849076911651,0.867674190681952,0.85370498563926,0.819531391374329
0.914900880428636,0.884413902325909,0.905346133497737,0.863849076911651,0.838417634739574,0.809911328319758,0.768690249821282,0.74650094405875
0.815529252909188,0.813153969217234,0.834697884176858,0.867674190681952,0.809911328319758,0.84800402586474,0.801724137587731,0.730053898253318
0.922263551935155,0.775857265606086,0.805442175379883,0.85370498563926,0.768690249821282,0.801724137587731,0.840044389830109,0.854408748920225
0.746099932802008,0.753029178687379,0.749058733461142,0.819531391374329,0.74650094405875,0.730053898253318,0.854408748920225,1
