"[0,1)","[1,5)","[5,15)","[15,25)","[25,45)","[45,65)","[65,75)","[75,+)"
0.831916580755362,1.03126184759301,1.08161177273474,1.10737989006766,1.07161179370326,1.07190922785197,1.66292940780456,1.02238080720577
1.03126184759301,0.896475558429965,0.994080969685335,0.997278152940238,1.0317043929142,0.946493686954066,1.17249672942266,1.04006581157755
1.08161177273474,0.994080969685335,0.896343083714928,0.917717552395856,1.00590009387519,0.914553667399501,1.09310045399368,1.05944071613433
1.10737989006766,0.997278152940238,0.917717552395856,0.692901071778014,0.985797549283764,0.973939648990665,1.19738913777359,1.09901925529917
1.07161179370326,1.0317043929142,1.00590009387519,0.985797549283763,1.01450013616319,1.01451123093705,1.28729732230074,1.4642541787103
1.07190922785197,0.946493686954067,0.914553667399501,0.973939648990665,1.01451123093705,0.975538064158052,1.16652995054248,1.14085988586208
1.66292940780456,1.17249672942266,1.09310045399368,1.19738913777359,1.28729732230074,1.16652995054248,1.23859716048518,1.31898145361071
1.02238080720577,1.04006581157755,1.05944071613433,1.09901925529917,1.4642541787103,1.14085988586208,1.31898145361071,1.06268083824388
