"[0,1)","[1,5)","[5,15)","[15,25)","[25,45)","[45,65)","[65,75)","[75,+)"
0.795891414302409,0.956922729807798,1.04874020357465,0.989609911912265,0.939764792442254,0.84405772448575,1.53973468868723,0.580207473677437
0.956922729807798,0.899214659069602,0.902988267578931,0.889750698938469,0.890163711788965,0.759646940791963,0.833502188778052,0.613715502243791
1.04874020357465,0.902988267578931,0.921293119570875,0.839465531821833,0.890597435030137,0.770656642723612,0.780367221890776,0.637810641368152
0.989609911912265,0.889750698938469,0.839465531821833,0.639335930693435,0.819004966637483,0.807054805068975,0.855048706205908,0.849633736161547
0.939764792442254,0.890163711788965,0.890597435030137,0.819004966637483,0.763181940735332,0.726345921172133,0.81385059871889,0.856212570927864
0.84405772448575,0.759646940791963,0.770656642723612,0.807054805068975,0.726345921172133,0.708777841108556,0.73514013599713,0.690252863072894
1.53973468868723,0.833502188778052,0.780367221890777,0.855048706205908,0.81385059871889,0.73514013599713,0.77820257743787,0.84157642269242
0.580207473677437,0.613715502243791,0.637810641368152,0.849633736161547,0.856212570927864,0.690252863072894,0.84157642269242,0.869996830230547
