"[0,1)","[1,5)","[5,15)","[15,25)","[25,45)","[45,65)","[65,75)","[75,+)"
0.682160520304748,0.576535060831174,0.740538889697261,0.75733632708501,0.788547782617127,0.534129261758522,0.661294372488357,0.443156255655013
0.576535060831174,0.823672695401336,0.734069965892953,0.713279866562399,0.759877583884776,0.567938978050473,0.491667107973461,0.451188134260278
0.740538889697261,0.734069965892953,0.805450580680392,0.730971150906277,0.796345155445036,0.621837926491672,0.566620155474831,0.451022001507347
0.75733632708501,0.713279866562399,0.730971150906277,0.762865825621577,0.714671157779667,0.690582176803902,0.622434484131956,0.573335261703326
0.788547782617127,0.759877583884776,0.796345155445036,0.714671157779667,0.678468672481695,0.63164541729111,0.672539099407776,0.659971051817743
0.534129261758522,0.567938978050473,0.621837926491672,0.690582176803902,0.63164541729111,0.680819064252678,0.565261621213384,0.584625225271268
0.661294372488357,0.491667107973461,0.566620155474831,0.622434484131956,0.672539099407776,0.565261621213384,0.640837012703815,0.573501549467167
0.443156255655013,0.451188134260278,0.451022001507348,0.573335261703326,0.659971051817742,0.584625225271268,0.573501549467167,1
