"[0,1)","[1,5)","[5,15)","[15,25)","[25,45)","[45,65)","[65,75)","[75,+)"
0.285633311277418,0.869494420564734,1.00030154024805,1.05110124316192,0.985058761946326,0.992914820881373,1.30545142123704,0.783087302573716
0.869494420564734,0.471912914561879,0.884218100309334,0.916368102785539,0.954852629636179,0.905688568793407,0.901182128197251,0.801328986119951
1.00030154024805,0.884218100309334,0.461216744653648,0.785719008259374,0.909448962122666,0.79668713195133,0.876604636298409,0.834632888678997
1.05110124316192,0.916368102785539,0.785719008259374,0.624883985114553,0.935373782418737,0.921810273660723,0.994164384125352,0.846597862960693
0.985058761946326,0.954852629636179,0.909448962122666,0.935373782418736,0.958197402050707,0.973278744430347,1.16739552739071,1.34425596243901
0.992914820881373,0.905688568793407,0.79668713195133,0.921810273660723,0.973278744430347,0.931423589284013,0.988260255808984,0.952533469786342
1.30545142123704,0.901182128197251,0.876604636298409,0.994164384125352,1.16739552739071,0.988260255808984,0.920315213622443,1.00190300547314
0.783087302573716,0.801328986119951,0.834632888678997,0.846597862960693,1.34425596243901,0.952533469786342,1.00190300547314,0.912870367021277
