"[0,1)","[1,5)","[5,15)","[15,25)","[25,45)","[45,65)","[65,75)","[75,+)"
0.877187253050586,0.990790586117722,1.04466752394499,1.0677194725506,1.04462610357949,1.00309011070011,1.56081366081404,0.961797842376707
0.990790586117722,0.867112491013855,0.958859277285232,0.943193260802897,0.98291985606642,0.899800864369849,1.10358924686455,0.983192462907476
1.04466752394499,0.958859277285232,0.876952472954194,0.873875502435356,0.964729368712276,0.865585417184674,1.03557789213286,0.999411402115317
1.0677194725506,0.943193260802897,0.873875502435356,0.649433510431753,0.906703034328339,0.90555639470642,1.11913357002865,1.03391461809376
1.04462610357949,0.98291985606642,0.964729368712276,0.906703034328339,0.914187923873434,0.911904782103771,1.18810296419783,1.35598928594465
1.00309011070011,0.899800864369849,0.865585417184674,0.905556394706421,0.911904782103771,0.894625749922216,1.08079848264215,1.05966655394621
1.56081366081404,1.10358924686455,1.03557789213286,1.11913357002865,1.18810296419783,1.08079848264215,1.1676296986249,1.24578143222556
0.961797842376707,0.983192462907476,0.999411402115317,1.03391461809376,1.35598928594465,1.05966655394621,1.24578143222556,1.03847518066883
