"[0,1)","[1,5)","[5,15)","[15,25)","[25,45)","[45,65)","[65,75)","[75,+)"
0.599639621235596,0.767841570828901,0.875475241578761,0.919269042858805,0.897663877108013,0.776886479404306,1.08131943665345,0.684072611903063
0.767841570828901,0.702556172659861,0.824706266061093,0.873267638029284,0.850070955518811,0.755459085360116,0.791004985195436,0.698260793268221
0.875475241578761,0.824706266061093,0.702968996862466,0.872975472849424,0.843551696370635,0.755373766786458,0.795012533252589,0.716294478131265
0.919269042858805,0.873267638029284,0.872975472849424,0.980921094578332,0.857235990058777,0.864815285134199,0.901899817099194,0.766185479881649
0.897663877108013,0.850070955518811,0.843551696370635,0.857235990058777,0.760134782904276,0.78225932711915,0.965450109147499,1.06458017743811
0.776886479404306,0.755459085360116,0.755373766786458,0.864815285134199,0.78225932711915,0.777891229904284,0.831432784711493,0.768380209250438
1.08131943665345,0.791004985195436,0.795012533252589,0.901899817099194,0.965450109147499,0.831432784711493,0.827377528764654,0.912700704103647
0.684072611903063,0.698260793268221,0.716294478131265,0.766185479881649,1.06458017743811,0.768380209250438,0.912700704103647,0.880889327539156
