"[0,1)","[1,5)","[5,15)","[15,25)","[25,45)","[45,65)","[65,75)","[75,+)"
1.11866314991598,0.960855458508641,0.923793523257017,0.921539681052637,0.946252161922847,0.873337854744919,1.14425543519684,1.1349019250069
0.960855458508641,0.991677567794875,0.967432698335013,0.915106135482768,0.953618185729501,0.889366423349186,1.13448334056109,1.13525459034868
0.923793523257018,0.967432698335013,1.00235843666252,0.877476773224679,0.968073002821431,0.897433374056276,1.08314695687244,1.11847030579653
0.921539681052638,0.915106135482768,0.877476773224679,0.657242035443047,0.954267470300231,0.902250206287805,1.08686002635716,1.14021806217121
0.946252161922848,0.953618185729501,0.968073002821431,0.954267470300231,0.939798671247999,0.883146880103711,1.12577096236665,1.18057035528973
0.873337854744919,0.889366423349186,0.897433374056276,0.902250206287805,0.883146880103711,0.87960807367031,1.03679244023529,1.0046132620561
1.14425543519684,1.13448334056109,1.08314695687244,1.08686002635716,1.12577096236665,1.03679244023529,1.17709592028743,1.25292649198807
1.1349019250069,1.13525459034868,1.11847030579653,1.14021806217121,1.18057035528973,1.0046132620561,1.25292649198807,1
