"[0,1)","[1,5)","[5,15)","[15,25)","[25,45)","[45,65)","[65,75)","[75,+)"
0.0461652827613314,0.42697158114385,0.621752304792142,0.680771495543286,0.624212120865883,0.335608009693434,0.37933952711009,0.210577392301142
0.42697158114385,0.213181169851853,0.591702778870135,0.509416289840324,0.569388860571573,0.390132397348364,0.233302911434064,0.216693319136518
0.621752304792142,0.591702778870135,0.213940329974418,0.450183015629186,0.654727408092192,0.405775048683402,0.402055503618784,0.229909802738428
0.680771495543286,0.509416289840324,0.450183015629186,0.251024878807229,0.535748155801351,0.530713178005218,0.426814920209034,0.228231235504362
0.624212120865883,0.569388860571573,0.654727408092192,0.535748155801352,0.5151022642072,0.408814790197387,0.382298986701335,0.301525074590011
0.335608009693434,0.390132397348364,0.405775048683402,0.530713178005218,0.408814790197387,0.526428456114872,0.376297114261647,0.263241217292644
0.379339527110089,0.233302911434064,0.402055503618784,0.426814920209034,0.382298986701335,0.376297114261647,0.444699307311801,0.403547040774945
0.210577392301142,0.216693319136518,0.229909802738428,0.228231235504362,0.301525074590011,0.263241217292644,0.403547040774945,1
