"[0,1)","[1,5)","[5,15)","[15,25)","[25,45)","[45,65)","[65,75)","[75,+)"
0.744095947370241,0.916252678945343,1.00894095999926,1.08394261749338,0.984660043428627,0.905661338393564,1.43729452065699,0.755472264282876
0.916252678945343,0.812312214745414,0.905387475697222,0.96855771258984,0.944282687165143,0.852315873959424,0.946905874665303,0.778925960991369
1.00894095999926,0.905387475697222,0.823493042582187,0.898038288717057,0.929841875092403,0.852193640578074,0.925381752148232,0.805163185778727
1.08394261749338,0.96855771258984,0.898038288717057,0.766869969830284,0.949072218591792,0.965689865566941,1.16941974189824,1.12337681061725
0.984660043428627,0.944282687165143,0.929841875092403,0.949072218591792,0.881388491840421,0.898863152688414,1.11608683718759,1.182267285259
0.905661338393564,0.852315873959424,0.852193640578075,0.965689865566941,0.898863152688414,0.892318332959331,1.00130524580262,0.969144211207626
1.43729452065699,0.946905874665302,0.925381752148232,1.16941974189823,1.11608683718759,1.00130524580262,1.02429819817451,1.0795696731071
0.755472264282876,0.778925960991369,0.805163185778727,1.12337681061725,1.182267285259,0.969144211207626,1.0795696731071,0.976524293723465
