"[0,1)","[1,5)","[5,15)","[15,25)","[25,45)","[45,65)","[65,75)","[75,+)"
0.0639548745681158,0.422011329170354,0.617937477546153,0.663319719981863,0.609269738679846,0.326760878504144,0.361106083483316,0.21645203430797
0.422011329170354,0.213812191913578,0.580071638658758,0.502775553057345,0.562923095826291,0.383920345705079,0.235759737567644,0.222141878101954
0.617937477546153,0.580071638658758,0.214820599303242,0.439665736963709,0.647819585705034,0.402763528955535,0.394600280533859,0.228145283132406
0.663319719981863,0.502775553057345,0.439665736963709,0.241662914038081,0.526321197458198,0.52336809493021,0.419867545660717,0.241065248552999
0.609269738679846,0.562923095826291,0.647819585705034,0.526321197458198,0.494491798372123,0.396004526735404,0.380679330139723,0.311528058999786
0.326760878504144,0.383920345705079,0.402763528955535,0.52336809493021,0.396004526735404,0.523332078510814,0.372672543638845,0.27014947091218
0.361106083483316,0.235759737567644,0.394600280533859,0.419867545660717,0.380679330139723,0.372672543638845,0.449503383852001,0.409385771750806
0.21645203430797,0.222141878101954,0.228145283132406,0.241065248552999,0.311528058999786,0.27014947091218,0.409385771750806,1
