"[0,1)","[1,5)","[5,15)","[15,25)","[25,45)","[45,65)","[65,75)","[75,+)"
0.756790529094382,1.28095225958691,1.20752497457045,1.12471683001686,1.11291599589357,1.25862757897089,1.43987283214247,1.29718022931432
1.28095225958691,0.963392113446756,1.10973645999702,1.08352236499973,1.05000842154223,1.14601491801196,1.30668907674421,1.30210260774304
1.20752497457045,1.10973645999702,0.965365533793588,1.06910589740287,1.06100299427366,1.08268572703502,1.21088179415059,1.2865160242029
1.12471683001686,1.08352236499973,1.06910589740287,1.02158040541886,1.00330408658072,0.994984134884953,1.08007092750523,1.06402880288079
1.11291599589357,1.05000842154223,1.06100299427366,1.00330408658072,1.03138560364471,1.00509980856724,1.0496634164269,1.13312018900314
1.25862757897089,1.14601491801196,1.08268572703502,0.994984134884953,1.00509980856724,0.983269917414167,1.01465737063731,1.03000498868724
1.43987283214247,1.30668907674421,1.21088179415059,1.08007092750523,1.0496634164269,1.01465737063731,1.03839031059194,1.03231100782442
1.29718022931432,1.30210260774304,1.2865160242029,1.06402880288079,1.13312018900314,1.03000498868724,1.03231100782442,1
