"[0,1)","[1,5)","[5,15)","[15,25)","[25,45)","[45,65)","[65,75)","[75,+)"
0.0537766325463807,0.429328923505057,0.593592377779931,0.642548978900858,0.564302607533394,0.333900448903982,0.290429698010787,0.26709897046354
0.429328923505057,0.22006837140428,0.576685321612145,0.497936045830253,0.54546040017696,0.400023638662483,0.265814034838205,0.268256624550584
0.593592377779931,0.576685321612145,0.220208779961312,0.43107324249866,0.623766898096804,0.413681896658655,0.412435680468173,0.268418750909036
0.642548978900858,0.497936045830253,0.43107324249866,0.238197296793785,0.49558240344304,0.516704941247959,0.411043464362632,0.265896864151241
0.564302607533394,0.545460400176961,0.623766898096803,0.49558240344304,0.454987058672183,0.380577611649134,0.354113810048202,0.281083504539925
0.333900448903982,0.400023638662483,0.413681896658655,0.516704941247959,0.380577611649134,0.527892366512077,0.371102873880912,0.292813893812375
0.290429698010787,0.265814034838205,0.412435680468173,0.411043464362633,0.354113810048202,0.371102873880912,0.448643633948785,0.39632797067332
0.26709897046354,0.268256624550584,0.268418750909036,0.265896864151241,0.281083504539925,0.292813893812375,0.39632797067332,1
