"[0,1)","[1,5)","[5,15)","[15,25)","[25,45)","[45,65)","[65,75)","[75,+)"
0.561850948829084,0.780777404306929,0.847700128392118,0.861140869377232,0.836294355274317,0.74551182478349,0.734638260059387,0.718796951912064
0.780777404306929,0.736409554270002,0.84832552187153,0.81355635896657,0.825640915279614,0.770307509802471,0.722338548365092,0.719628635669175
0.847700128392118,0.84832552187153,0.749006322233206,0.813784998882905,0.857623710662045,0.779918559658974,0.771188981621251,0.717908460586496
0.861140869377232,0.81355635896657,0.813784998882905,0.803095830518451,0.787123532022481,0.796964654313053,0.758636935299086,0.71097252799153
0.836294355274317,0.825640915279615,0.857623710662044,0.787123532022481,0.760184179983473,0.725876258378512,0.728860425982033,0.715895145155129
0.74551182478349,0.770307509802471,0.779918559658974,0.796964654313053,0.725876258378512,0.791075622537689,0.722851583085683,0.70960763574305
0.734638260059387,0.722338548365092,0.771188981621251,0.758636935299086,0.728860425982033,0.722851583085683,0.758131152877089,0.731647236452975
0.718796951912064,0.719628635669175,0.717908460586496,0.71097252799153,0.715895145155129,0.70960763574305,0.731647236452975,1
