"[0,1)","[1,5)","[5,15)","[15,25)","[25,45)","[45,65)","[65,75)","[75,+)"
0.106384394498048,0.470294168163149,0.627298286876421,0.666266284718118,0.594667329622603,0.386642393736581,0.348268679223433,0.322593765543908
0.470294168163149,0.243937026936265,0.606904706049212,0.531659306180898,0.577865422758755,0.446200161568415,0.320564175528583,0.3238979036388
0.627298286876421,0.606904706049212,0.245498557434427,0.46606854648669,0.651012222228721,0.454496160585567,0.460349825621486,0.326378161516541
0.666266284718118,0.531659306180898,0.46606854648669,0.26970260906945,0.536540914238396,0.556314844496093,0.452098252545457,0.321113240352309
0.594667329622603,0.577865422758755,0.651012222228722,0.536540914238395,0.500389224887324,0.434447804957273,0.405966336260448,0.338459174881794
0.386642393736581,0.446200161568415,0.454496160585567,0.556314844496093,0.434447804957273,0.566961744806663,0.421797118984361,0.350818795160517
0.348268679223433,0.320564175528583,0.460349825621486,0.452098252545457,0.405966336260448,0.421797118984361,0.489109848116143,0.43588978493472
0.322593765543908,0.3238979036388,0.32637816151654,0.321113240352309,0.338459174881794,0.350818795160517,0.43588978493472,1
