"[0,1)","[1,5)","[5,15)","[15,25)","[25,45)","[45,65)","[65,75)","[75,+)"
0.182932893985617,0.513979319293535,0.645100833006856,0.680223732426475,0.619512918139222,0.416572973819383,0.327124764905129,0.397371086321594
0.513979319293535,0.341513216290607,0.635341671486383,0.58496159948164,0.614379942405653,0.489043945445642,0.377557544846257,0.393939722553276
0.645100833006856,0.635341671486383,0.324284331528117,0.541272152940054,0.678095731105459,0.498546066323203,0.50181001306431,0.389024076457382
0.680223732426475,0.58496159948164,0.541272152940054,0.46017818740102,0.581924870706415,0.591698750267435,0.488836108329391,0.391207503853502
0.619512918139222,0.614379942405653,0.678095731105459,0.581924870706415,0.535857895245388,0.478812222109332,0.461320954439051,0.399218798817907
0.416572973819383,0.489043945445642,0.498546066323203,0.591698750267435,0.478812222109332,0.592715506528733,0.442851134214637,0.407985561225111
0.327124764905129,0.377557544846257,0.501810013064311,0.488836108329391,0.461320954439051,0.442851134214637,0.507332726529027,0.448129151137038
0.397371086321594,0.393939722553276,0.389024076457383,0.391207503853502,0.399218798817907,0.407985561225111,0.448129151137038,1
