"[0,1)","[1,5)","[5,15)","[15,25)","[25,45)","[45,65)","[65,75)","[75,+)"
0.782654884567792,1.01626447427494,1.06421690043938,1.05833937324996,1.04750424501916,1.10474779615572,1.52893695562359,0.954852883690375
1.01626447427494,0.897149959913333,0.988332829311992,0.979208939551979,0.968363173730737,1.00847370138496,1.04552475864445,0.975990746444121
1.06421690043938,0.988332829311992,0.925823506786053,0.937820467871647,0.989620023107365,0.979939006341942,0.995669850789204,0.973727802989343
1.05833937324996,0.979208939551979,0.937820467871647,0.725429287304162,0.974292418100822,1.00602084574295,1.08819176524264,1.03849351762412
1.04750424501916,0.968363173730737,0.989620023107365,0.974292418100822,0.987128951333632,0.977858000370366,0.992534721582998,1.01882506012303
1.10474779615572,1.00847370138496,0.979939006341942,1.00602084574295,0.977858000370366,0.99350375223843,1.03293617219779,1.00513640643926
1.52893695562359,1.04552475864445,0.995669850789203,1.08819176524264,0.992534721582998,1.03293617219779,1.00512341802107,1.05348775388724
0.954852883690375,0.975990746444121,0.973727802989343,1.03849351762412,1.01882506012303,1.00513640643926,1.05348775388724,1
