"[0,1)","[1,5)","[5,15)","[15,25)","[25,45)","[45,65)","[65,75)","[75,+)"
0.239639277471804,0.601597140305631,0.798776420398035,0.794847878132648,0.706686987125709,0.573256385273982,0.849897798572945,0.509788650157531
0.601597140305631,0.344024427613383,0.65602832232907,0.636573475457342,0.662428942622572,0.542987259965862,0.586459648181299,0.522327920844228
0.798776420398035,0.65602832232907,0.306343069648175,0.536037138668905,0.655997581132394,0.495252902641224,0.581102193325315,0.529540317723966
0.794847878132648,0.636573475457342,0.536037138668905,0.3547579656381,0.598865525293918,0.612401864895165,0.633381475913821,0.544460611129425
0.706686987125709,0.662428942622572,0.655997581132394,0.598865525293918,0.60376970151458,0.573358082947146,0.670116600834538,0.711215913168413
0.573256385273982,0.542987259965862,0.495252902641224,0.612401864895165,0.573358082947146,0.565258670120521,0.582522786753872,0.52823214373892
0.849897798572945,0.586459648181299,0.581102193325315,0.633381475913821,0.670116600834538,0.582522786753872,0.668625346300323,0.719628078097256
0.50978865015753,0.522327920844228,0.529540317723966,0.544460611129425,0.711215913168413,0.52823214373892,0.719628078097256,0.832113944834819
