"[0,1)","[1,5)","[5,15)","[15,25)","[25,45)","[45,65)","[65,75)","[75,+)"
0.0626663477680968,0.734319863857964,0.960116892016547,1.00142921810873,0.829879804100997,0.837171930763353,1.39964252901428,0.844438478442754
0.734319863857964,0.301435998830849,0.694228610613469,0.842431261500976,0.784296707833595,0.700204751520091,0.95389849874335,0.864907948049504
0.960116892016547,0.694228610613469,0.297471184580426,0.715336543657866,0.760461367615358,0.606010122821385,0.852201660123949,0.856906688258741
1.00142921810873,0.842431261500976,0.715336543657866,0.687089386666406,0.856486675439591,0.874276492342708,1.1217652273311,1.41648519284116
0.829879804100997,0.784296707833595,0.760461367615358,0.856486675439591,0.717417155036112,0.736571218289651,1.00513840796285,1.10031001634917
0.837171930763353,0.700204751520091,0.606010122821385,0.874276492342708,0.736571218289651,0.758768554158676,0.927967904320817,0.947348190555688
1.39964252901428,0.95389849874335,0.852201660123949,1.1217652273311,1.00513840796285,0.927967904320817,1.13864447101074,1.14210627843621
0.844438478442754,0.864907948049504,0.856906688258741,1.41648519284116,1.10031001634917,0.947348190555688,1.14210627843621,1.08224609209546
