"[0,1)","[1,5)","[5,15)","[15,25)","[25,45)","[45,65)","[65,75)","[75,+)"
0.534263666547649,0.897745366354587,0.971831352675559,0.978927053150977,0.950676690629564,0.9009626144569,1.17180858895048,0.868287212607844
0.897745366354587,0.778634946230436,0.904789880096117,0.900014147397803,0.909110964398898,0.84769325751789,0.929110157282581,0.886574807218837
0.971831352675559,0.904789880096117,0.760921457612344,0.874389831807517,0.899414464149984,0.804038095833142,0.90075472074444,0.888202999818835
0.978927053150977,0.900014147397803,0.874389831807516,0.850842597035994,0.847481942489454,0.842691445432608,0.904442758808608,0.845230474485183
0.950676690629564,0.909110964398898,0.899414464149984,0.847481942489454,0.832653858389376,0.813128390903547,0.951381575515073,1.0587574397061
0.9009626144569,0.84769325751789,0.804038095833142,0.842691445432608,0.813128390903547,0.794390938430962,0.862372767131482,0.831935582941523
1.17180858895048,0.929110157282581,0.900754720744441,0.904442758808608,0.951381575515073,0.862372767131482,0.911447361335622,0.976710249287006
0.868287212607844,0.886574807218837,0.888202999818835,0.845230474485183,1.0587574397061,0.831935582941523,0.976710249287006,0.932208252071332
