"[0,1)","[1,5)","[5,15)","[15,25)","[25,45)","[45,65)","[65,75)","[75,+)"
0.761719138228109,1.0933661313524,1.08757783394052,1.07763242162631,1.01490870314781,1.13698400558668,1.34711984830993,1.0605712166402
1.0933661313524,0.972094795098534,1.03994987754453,0.976261808915366,0.993509866437315,1.05547922760724,1.11324192985291,1.07783617924499
1.08757783394052,1.03994987754453,0.99774868661316,0.918240508388194,0.979648336165953,0.98420681680509,1.05732420038129,1.06407523468739
1.07763242162631,0.976261808915366,0.918240508388193,0.655792741032851,0.881926331293975,0.933291568589737,1.02972377131729,1.00174479976074
1.01490870314781,0.993509866437315,0.979648336165953,0.881926331293975,0.855508087284315,0.900806579368705,1.0342057643011,1.14083789711187
1.13698400558668,1.05547922760724,0.984206816805091,0.933291568589737,0.900806579368705,0.942318629868828,1.02760267451146,1.01463384797288
1.34711984830993,1.11324192985291,1.05732420038129,1.02972377131729,1.0342057643011,1.02760267451146,1.0081009828502,1.08420010171833
1.0605712166402,1.07783617924499,1.06407523468739,1.00174479976074,1.14083789711187,1.01463384797288,1.08420010171833,0.966974008859379
