"[0,1)","[1,5)","[5,15)","[15,25)","[25,45)","[45,65)","[65,75)","[75,+)"
1.11271024809665,0.857438069796994,0.860774753935895,0.906684601166664,0.919206426902244,0.840200230835494,0.960819316592989,0.85636507216094
0.857438069796994,1.05418839180879,0.937210162163221,0.901915814923285,0.925043221566897,0.871006292808808,0.892407675115537,0.861075081757414
0.860774753935895,0.937210162163221,1.03643345002588,0.872280174970996,0.939769164854045,0.890898845384056,0.898132209476466,0.866194474691478
0.906684601166664,0.901915814923285,0.872280174970996,0.677929028314075,0.936321736026453,0.932903957434081,0.985417934711994,0.976992092317249
0.919206426902244,0.925043221566897,0.939769164854045,0.936321736026453,0.894265766572114,0.886709477715728,1.0346393904929,1.00167256607559
0.840200230835494,0.871006292808808,0.890898845384056,0.932903957434081,0.886709477715728,0.91958639842897,0.976786594366328,0.959469172763231
0.960819316592989,0.892407675115537,0.898132209476466,0.985417934711993,1.0346393904929,0.976786594366329,0.961045303769369,1.00631600933917
0.85636507216094,0.861075081757415,0.866194474691478,0.976992092317249,1.00167256607559,0.959469172763231,1.00631600933917,1
