"[0,1)","[1,5)","[5,15)","[15,25)","[25,45)","[45,65)","[65,75)","[75,+)"
1.01742028824706,1.2312220285329,1.17706411184304,1.16757677392415,1.1086701539385,1.31051636531074,1.5592657609199,1.22814280836007
1.2312220285329,1.03276455385515,1.12363256254911,1.07408924099187,1.08164290846208,1.18604689588167,1.28601733997846,1.24035077263293
1.17706411184304,1.12363256254911,1.04903165000568,1.00251822173756,1.0541165480633,1.08950226208995,1.18932101954408,1.23139326122342
1.16757677392415,1.07408924099187,1.00251822173756,0.73421985012916,0.985828923283877,1.04190476238451,1.17963903770809,1.15882239082828
1.1086701539385,1.08164290846208,1.0541165480633,0.985828923283877,0.967313803647621,1.03669876637051,1.21515324872677,1.35973476464511
1.31051636531074,1.18604689588167,1.08950226208995,1.04190476238451,1.03669876637051,1.06669388970435,1.18806788609728,1.17520173036937
1.5592657609199,1.28601733997846,1.18932101954408,1.17963903770809,1.21515324872677,1.18806788609728,1.13294516987021,1.22492345536291
1.22814280836007,1.24035077263293,1.23139326122342,1.15882239082828,1.35973476464511,1.17520173036937,1.22492345536291,1.0133317847592
