"[0,1)","[1,5)","[5,15)","[15,25)","[25,45)","[45,65)","[65,75)","[75,+)"
0.735073051693498,1.0415388281025,1.06166977541089,1.05232404132621,1.06028455374056,1.05547241531528,1.38753140187459,1.03432616400838
1.0415388281025,0.847806825520784,0.98550518576439,0.988256368210988,0.975275340660751,0.962000468696482,1.08264357668991,1.04764343671141
1.06166977541089,0.98550518576439,0.84302523558555,0.97023402294486,0.993582164350866,0.928048393801988,1.03792960107862,1.04401869380151
1.05232404132621,0.988256368210988,0.97023402294486,0.9377612267517,0.964987197635614,0.941317052794528,1.03927625377757,0.997425470907134
1.06028455374056,0.975275340660751,0.993582164350867,0.964987197635614,1.00660311838821,0.944217701479825,0.994044056464408,1.05102566831266
1.05547241531528,0.962000468696483,0.928048393801988,0.941317052794528,0.944217701479825,0.914302757204407,0.956778105238675,0.916764603380951
1.38753140187459,1.08264357668991,1.03792960107862,1.03927625377757,0.994044056464408,0.956778105238675,1.00347192168003,1.0165137236352
1.03432616400838,1.04764343671141,1.04401869380151,0.997425470907134,1.05102566831266,0.916764603380951,1.0165137236352,1
