"[0,1)","[1,5)","[5,15)","[15,25)","[25,45)","[45,65)","[65,75)","[75,+)"
0.649865425561526,1.1485317101374,1.17003690985638,1.15339060850706,1.07661692498558,1.12480979248371,1.59768060708164,0.997321834124888
1.1485317101374,0.772010326973923,1.0313849624873,1.05870786349231,1.00779952104883,1.03416106859388,1.10521707513261,1.02439297515251
1.17003690985638,1.0313849624873,0.804157928443768,1.00185939406525,1.02696635224115,1.00553942440545,1.040515018541,1.01980747478727
1.15339060850706,1.05870786349231,1.00185939406525,0.834159186838478,1.08503763992339,1.06617286274352,1.1886339951153,1.15305797329208
1.07661692498558,1.00779952104883,1.02696635224115,1.08503763992339,1.08303211682584,1.01529361904213,1.10012892532091,1.04377228707144
1.12480979248371,1.03416106859388,1.00553942440545,1.06617286274352,1.01529361904213,0.986894535720471,1.0673184752515,0.988913550095868
1.59768060708164,1.10521707513261,1.040515018541,1.1886339951153,1.10012892532091,1.0673184752515,1.00097350240562,1.07565973261997
0.997321834124888,1.02439297515251,1.01980747478727,1.15305797329208,1.04377228707144,0.988913550095868,1.07565973261997,1
