"[0,1)","[1,5)","[5,15)","[15,25)","[25,45)","[45,65)","[65,75)","[75,+)"
1.09021235393499,1.33030984940634,1.24819111522491,1.18551106947109,1.16865590431993,1.40699868673405,1.67484843216324,1.31986092946734
1.33030984940634,1.10563779276253,1.15894956651572,1.12889415449566,1.10376347070632,1.25659420958349,1.3660311311573,1.33116852320393
1.24819111522491,1.15894956651572,1.12637326417882,1.08120779616748,1.1037003290691,1.1898351263469,1.24803649286025,1.31827681886836
1.18551106947109,1.12889415449566,1.08120779616748,0.810860394612522,1.08155673225713,1.11922137958782,1.23814243519601,1.23768926352418
1.16865590431993,1.10376347070632,1.1037003290691,1.08155673225713,1.10405187295103,1.1257939031658,1.14967017454141,1.23254738899195
1.40699868673405,1.25659420958349,1.1898351263469,1.11922137958782,1.1257939031658,1.11390929252964,1.18615152654898,1.19107564521589
1.67484843216324,1.3660311311573,1.24803649286025,1.23814243519601,1.14967017454141,1.18615152654898,1.14769817145341,1.19811656794276
1.31986092946734,1.33116852320393,1.31827681886836,1.23768926352418,1.23254738899195,1.19107564521589,1.19811656794276,1
