"[0,1)","[1,5)","[5,15)","[15,25)","[25,45)","[45,65)","[65,75)","[75,+)"
0.79211466261596,1.14712387008568,1.07729687491797,1.07419432474908,1.02448844049933,1.16518638325305,1.16546487396921,1.03473021251149
1.14712387008568,0.980486024444556,1.042390188237,1.02526123934076,1.00221284923295,1.11689545140726,1.04851727842536,1.03849388516714
1.07729687491797,1.042390188237,1.00330747534366,0.982415149465727,1.01761093546038,1.07925177424924,1.02078211978234,1.03110357360746
1.07419432474908,1.02526123934076,0.982415149465727,0.756340498760032,1.01491446826229,1.06805218677335,1.05864273577237,1.05545706747436
1.02448844049933,1.00221284923295,1.01761093546038,1.01491446826229,0.987199200486521,1.031302523755,0.92885540776313,0.946229495049692
1.16518638325305,1.11689545140726,1.07925177424924,1.06805218677335,1.031302523755,1.0508680638802,1.00620327767636,0.958685508587703
1.16546487396921,1.04851727842536,1.02078211978234,1.05864273577237,0.92885540776313,1.00620327767636,0.941471269142184,0.989991152494068
1.03473021251149,1.03849388516714,1.03110357360746,1.05545706747436,0.946229495049693,0.958685508587703,0.989991152494068,1
