"[0,1)","[1,5)","[5,15)","[15,25)","[25,45)","[45,65)","[65,75)","[75,+)"
0.487537511822799,0.630969975743941,0.769981017782585,0.749607051977705,0.687398214348832,0.587806584763062,0.566110282094564,0.548548070969867
0.630969975743941,0.446692279336639,0.68807204373051,0.63713097784337,0.65497644536043,0.604112056071405,0.546746636084963,0.549326002798086
0.769981017782585,0.68807204373051,0.384484033160724,0.549756239371765,0.65322034053354,0.551020899660086,0.563782940142814,0.546461637459408
0.749607051977705,0.63713097784337,0.549756239371765,0.371740429633368,0.588040625346658,0.624110882825506,0.56490990427872,0.5450384536696
0.687398214348832,0.65497644536043,0.65322034053354,0.588040625346657,0.581001914088159,0.567694719165669,0.559558399757034,0.542020597974774
0.587806584763062,0.604112056071405,0.551020899660086,0.624110882825506,0.567694719165669,0.597056390884485,0.550300599688092,0.523432016579546
0.566110282094564,0.546746636084963,0.563782940142814,0.56490990427872,0.559558399757034,0.550300599688092,0.602086516052898,0.607492263645624
0.548548070969867,0.549326002798086,0.546461637459408,0.5450384536696,0.542020597974774,0.523432016579546,0.607492263645624,0.823618032444907
