"[0,1)","[1,5)","[5,15)","[15,25)","[25,45)","[45,65)","[65,75)","[75,+)"
1.04943776048494,1.21204953809206,1.11493023511029,1.1066289660132,1.07260214691652,1.23221719224857,1.24202938221461,1.09995544540163
1.21204953809206,1.03892279185601,1.07584304605973,1.0639442688588,1.03301309726951,1.17490889928385,1.11599344835892,1.10636178733093
1.11493023511029,1.07584304605973,1.04781599623966,1.0217508776075,1.04419977232223,1.12909612988523,1.07230193923426,1.09155018227467
1.1066289660132,1.0639442688588,1.0217508776075,0.792882242239127,1.04915371368371,1.10510838092338,1.10592726263479,1.11918538555166
1.07260214691652,1.03301309726951,1.04419977232223,1.04915371368371,1.02076399907518,1.07367053809417,0.965373748857383,1.00981138370203
1.23221719224857,1.17490889928385,1.12909612988523,1.10510838092338,1.07367053809417,1.08749403973529,1.05206235990975,1.01571240588619
1.24202938221461,1.11599344835892,1.07230193923426,1.10592726263479,0.965373748857382,1.05206235990975,0.975750768744866,1.03350587779859
1.09995544540163,1.10636178733093,1.09155018227467,1.11918538555166,1.00981138370203,1.01571240588619,1.03350587779859,1
