"[0,1)","[1,5)","[5,15)","[15,25)","[25,45)","[45,65)","[65,75)","[75,+)"
0.925647419820869,0.653718489670822,0.720372522000239,0.701857718626853,0.744987157343915,0.470432221360978,0.52921894820173,0.617044411868097
0.653718489670822,0.889271752350448,0.756499972889211,0.70787495090858,0.712840002860018,0.557022078076869,0.608971115015898,0.614619625197044
0.720372522000239,0.756499972889212,0.848594214744304,0.75958630519632,0.741064642256044,0.613554752937583,0.65350170122911,0.60062439783796
0.701857718626853,0.70787495090858,0.75958630519632,0.828751087325792,0.657771139252342,0.633166919403065,0.627085609038248,0.614031149792369
0.744987157343915,0.712840002860018,0.741064642256044,0.657771139252342,0.581746191560533,0.520761184517724,0.632172633583039,0.571221806673379
0.470432221360978,0.557022078076869,0.613554752937583,0.633166919403065,0.520761184517724,0.51682833595031,0.547869767782826,0.496387270034393
0.52921894820173,0.608971115015898,0.65350170122911,0.627085609038248,0.632172633583039,0.547869767782826,0.660503551233957,0.703192068223632
0.617044411868097,0.614619625197044,0.60062439783796,0.614031149792369,0.571221806673379,0.496387270034393,0.703192068223632,0.849872506766278
