"[0,1)","[1,5)","[5,15)","[15,25)","[25,45)","[45,65)","[65,75)","[75,+)"
0.972642853341514,0.98989637813325,1.01276133550479,1.01041189584593,1.00086397377974,1.11261718023744,1.16539685517956,0.98344950200794
0.98989637813325,0.974546415573592,0.971060758986108,0.92875128735614,0.963236015860291,1.03293383572908,1.02234990680287,0.98870586073962
1.01276133550479,0.971060758986108,0.974771742875653,0.877365899000762,0.95197151801426,0.988675595877667,0.998911511932566,0.995905248003242
1.01041189584593,0.92875128735614,0.877365899000762,0.654718897065978,0.876250811564871,0.973891569326994,1.01536283045619,1.05055435007539
1.00086397377974,0.963236015860291,0.95197151801426,0.876250811564871,0.850454142977459,0.957149589280911,1.03015279826059,1.13204638612182
1.11261718023744,1.03293383572908,0.988675595877667,0.973891569326994,0.957149589280911,1.04714830489193,1.08862268765274,1.10693929567178
1.16539685517956,1.02234990680287,0.998911511932566,1.01536283045619,1.03015279826059,1.08862268765274,1.09413537460502,1.09156852252492
0.98344950200794,0.98870586073962,0.995905248003242,1.05055435007539,1.13204638612182,1.10693929567178,1.09156852252492,1.03281002171591
