"[0,1)","[1,5)","[5,15)","[15,25)","[25,45)","[45,65)","[65,75)","[75,+)"
0.819592328505338,0.581105450665435,0.690934026666867,0.730329723383766,0.758606286354651,0.453775302831009,0.423518020432527,0.39447873979286
0.581105450665435,0.793900031589344,0.741715210864675,0.66072257760371,0.710863832197883,0.534174266899398,0.409121951722869,0.395403742463046
0.690934026666866,0.741715210864675,0.774128465160738,0.699115886060625,0.762269269554666,0.596389371403085,0.530058098960239,0.399002661032214
0.730329723383766,0.66072257760371,0.699115886060625,0.694087282754772,0.619013530543376,0.622781374050074,0.539194574177968,0.395931866599709
0.758606286354651,0.710863832197883,0.762269269554666,0.619013530543376,0.575921611960823,0.48052086199903,0.468860754334232,0.398705095106897
0.453775302831009,0.534174266899398,0.596389371403085,0.622781374050074,0.48052086199903,0.615466254138584,0.501314460452263,0.40657419735731
0.423518020432527,0.409121951722869,0.530058098960239,0.539194574177968,0.468860754334232,0.501314460452263,0.581578913705035,0.554698518729068
0.39447873979286,0.395403742463045,0.399002661032214,0.395931866599709,0.398705095106897,0.40657419735731,0.554698518729068,1
