"[0,1)","[1,5)","[5,15)","[15,25)","[25,45)","[45,65)","[65,75)","[75,+)"
0.0557080583372618,0.436986660958539,0.601258104978267,0.648539845647965,0.569897516805797,0.344665140070065,0.301228428373101,0.278075006247614
0.436986660958539,0.222463609278779,0.583689414083079,0.5038579104274,0.550641961963833,0.40894056646982,0.276427509042994,0.27922386256589
0.601258104978267,0.583689414083079,0.224484913687762,0.437785672031932,0.628619717743611,0.422205775861809,0.422210373910002,0.279751944263138
0.648539845647965,0.5038579104274,0.437785672031932,0.243758617706301,0.500873023965399,0.522656994254853,0.419594395163982,0.276612747603363
0.569897516805797,0.550641961963833,0.628619717743611,0.5008730239654,0.461287126819858,0.386593370381302,0.36083362612224,0.290429330653933
0.344665140070065,0.40894056646982,0.422205775861809,0.522656994254853,0.386593370381302,0.534090364436541,0.380418290798214,0.301364811744373
0.301228428373101,0.276427509042994,0.422210373910002,0.419594395163982,0.36083362612224,0.380418290798214,0.457688634014421,0.406014581010392
0.278075006247614,0.27922386256589,0.279751944263138,0.276612747603363,0.290429330653933,0.301364811744373,0.406014581010392,1
