"[0,1)","[1,5)","[5,15)","[15,25)","[25,45)","[45,65)","[65,75)","[75,+)"
1.1039334645889,0.897115034109075,0.967404164229516,0.935993359863797,0.990186101412534,0.966036321902083,1.23900528387746,1.02144903892212
0.897115034109075,1.06197411190971,0.935014756037552,0.889504707399912,0.942621839899652,0.908803797453654,1.05693185943992,1.03000642848196
0.967404164229516,0.935014756037552,1.05054523754543,0.860379357263118,0.956351198885375,0.912870342421901,1.01437237681986,1.01997382621352
0.935993359863797,0.889504707399912,0.860379357263118,0.606978623117401,0.912918765926442,0.927841179019059,1.05503760506955,1.13963863768258
0.990186101412534,0.942621839899653,0.956351198885375,0.912918765926442,0.936596590219355,0.944543064219523,1.0891226556028,1.18092564626113
0.966036321902083,0.908803797453654,0.912870342421901,0.927841179019059,0.944543064219523,0.961460704937833,1.04719387500108,1.09125329081971
1.23900528387746,1.05693185943992,1.01437237681986,1.05503760506955,1.0891226556028,1.04719387500108,1.16338727746248,1.15695566412791
1.02144903892212,1.03000642848196,1.01997382621352,1.13963863768258,1.18092564626113,1.09125329081971,1.15695566412791,1
