"[0,1)","[1,5)","[5,15)","[15,25)","[25,45)","[45,65)","[65,75)","[75,+)"
0.222694114256618,0.630491535516314,0.78863822241799,0.819805264047345,0.755396206011619,0.584995885464775,0.880088412753418,0.52901742814433
0.630491535516314,0.334258631146771,0.692821288089899,0.664461021961702,0.689446015264197,0.563640770654799,0.576594601256232,0.542826506247664
0.78863822241799,0.692821288089899,0.331612223315138,0.585135125009037,0.75359881019015,0.549829954334039,0.642492765968808,0.542632676783542
0.819805264047345,0.664461021961702,0.585135125009037,0.377213659624209,0.682235587950364,0.66754448454059,0.684981122041149,0.556264661897784
0.755396206011619,0.689446015264197,0.75359881019015,0.682235587950364,0.686484757069816,0.599842965692993,0.643040582859135,0.62896159328402
0.584995885464775,0.563640770654799,0.549829954334039,0.667544484540589,0.599842965692993,0.650904193716705,0.598236577203953,0.528345743311711
0.880088412753418,0.576594601256232,0.642492765968808,0.684981122041149,0.643040582859135,0.598236577203953,0.686456013275025,0.659804135441406
0.52901742814433,0.542826506247664,0.542632676783542,0.556264661897784,0.62896159328402,0.528345743311711,0.659804135441406,1
