"[0,1)","[1,5)","[5,15)","[15,25)","[25,45)","[45,65)","[65,75)","[75,+)"
0.99189912966224,0.899370157754158,1.03633168978545,0.937969791678508,1.01825433468491,1.02222545627341,1.50000502638631,0.948758173434533
0.899370157754158,0.998589989746157,0.933252625311799,0.873073402645674,0.952486530233527,0.901848528800821,1.03454881579012,0.966317314008257
1.03633168978545,0.933252625311799,0.99715659487743,0.844892492005995,0.964730227046492,0.912793765383298,0.982904706529203,0.962483624848144
0.937969791678508,0.873073402645674,0.844892492005995,0.582118197513666,0.908377169885447,0.922909699802668,1.03063430509435,1.07619222647267
1.01825433468491,0.952486530233527,0.964730227046492,0.908377169885447,0.96299942920106,0.985735050615669,1.12071276204716,1.20320791286174
1.02222545627341,0.901848528800821,0.912793765383297,0.922909699802668,0.98573505061567,0.989182242073317,1.07390131759339,1.10757896266176
1.50000502638631,1.03454881579012,0.982904706529203,1.03063430509435,1.12071276204716,1.07390131759339,1.16336650733213,1.16972363532252
0.948758173434533,0.966317314008257,0.962483624848144,1.07619222647267,1.20320791286174,1.10757896266176,1.16972363532252,1
