"[0,1)","[1,5)","[5,15)","[15,25)","[25,45)","[45,65)","[65,75)","[75,+)"
0.251748633538583,0.716679195894951,0.816948391554526,0.832567451449419,0.757373635210824,0.691749745768827,0.671235319684312,0.655958205933377
0.716679195894951,0.502367267267246,0.787414763846697,0.733247836682453,0.756320226550069,0.71380462382842,0.649086668201473,0.65655261855892
0.816948391554526,0.787414763846697,0.472389778485768,0.664698898329649,0.801050272870318,0.696409173976484,0.737032333088335,0.661698285118924
0.832567451449419,0.733247836682453,0.664698898329649,0.45854166395495,0.74727074268157,0.768475599503437,0.727109390773253,0.655507053714439
0.757373635210824,0.756320226550069,0.801050272870318,0.74727074268157,0.736417808749415,0.704367564489315,0.689586859770148,0.658618575497712
0.691749745768827,0.713804623828419,0.696409173976484,0.768475599503437,0.704367564489315,0.782592259554538,0.720212716904543,0.665763207571761
0.671235319684312,0.649086668201473,0.737032333088336,0.727109390773253,0.689586859770149,0.720212716904543,0.760243009244633,0.731130621772894
0.655958205933377,0.65655261855892,0.661698285118923,0.655507053714439,0.658618575497712,0.665763207571761,0.731130621772894,1
