"[0,1)","[1,5)","[5,15)","[15,25)","[25,45)","[45,65)","[65,75)","[75,+)"
1.11295345503647,1.06841951760097,1.01024718236567,1.05491600685547,1.02306475094458,1.10970050163412,1.08846815969645,0.928911221118088
1.06841951760097,0.983231007070865,1.0117534687238,1.00923411764834,0.987400707860755,1.07452017267859,0.953794175841576,0.934927166055783
1.01024718236567,1.0117534687238,1.00143606632076,0.968198590788944,1.00303821911529,1.05194659037496,0.955131734450226,0.93561800593859
1.05491600685547,1.00923411764834,0.968198590788944,0.763052856167329,1.01547569401044,1.0735942654469,1.03276972544829,0.991273360073678
1.02306475094458,0.987400707860755,1.00303821911529,1.01547569401044,0.983337322373233,1.04752483892254,0.926899694056295,0.930145932754582
1.10970050163412,1.07452017267859,1.05194659037496,1.0735942654469,1.04752483892254,1.06793228955777,1.01145603662337,0.948454978762679
1.08846815969645,0.953794175841576,0.955131734450226,1.03276972544829,0.926899694056295,1.01145603662337,0.906233500985174,0.959682092452617
0.928911221118088,0.934927166055783,0.93561800593859,0.991273360073678,0.930145932754582,0.948454978762679,0.959682092452617,1
