"[0,1)","[1,5)","[5,15)","[15,25)","[25,45)","[45,65)","[65,75)","[75,+)"
1.18622706427672,0.918438820277095,0.899337908366218,0.965671399808333,0.966102477658091,0.918268655781293,1.09857358291699,1.05154628024812
0.918438820277095,1.11327641840423,0.970239154848677,1.04041653855108,0.993353408985258,0.931028817521545,1.07258224812489,1.05290013217346
0.899337908366218,0.970239154848677,1.09612145278104,1.05780432542638,0.991416626809909,0.949620670938436,1.03738111483764,1.05038978199229
0.965671399808333,1.04041653855108,1.05780432542638,1.21766188956663,1.07654377771739,1.03800486979476,1.18250780343379,1.28696798495137
0.966102477658091,0.993353408985259,0.991416626809909,1.07654377771739,0.986042965990922,0.976663932731163,1.20149745996909,1.19669777443517
0.918268655781293,0.931028817521545,0.949620670938435,1.03800486979476,0.976663932731163,0.973133956144119,1.1181563703952,1.1043744757202
1.09857358291699,1.07258224812489,1.03738111483764,1.18250780343379,1.20149745996909,1.1181563703952,1.15028496523481,1.2040817248215
1.05154628024811,1.05290013217346,1.05038978199229,1.28696798495137,1.19669777443517,1.1043744757202,1.2040817248215,1
