"[0,1)","[1,5)","[5,15)","[15,25)","[25,45)","[45,65)","[65,75)","[75,+)"
0.218933451808652,0.898987180337774,0.971853078695609,0.939021593466938,0.870281942757936,0.976368059033955,1.02249224241987,0.873662479822321
0.898987180337774,0.656929837924346,0.911820356808889,0.865906950999977,0.866198645580872,0.914619651267189,0.912265160374158,0.892980483034145
0.971853078695609,0.911820356808889,0.677511583317131,0.815067047516377,0.887710235181793,0.882383000090129,0.898202428328887,0.883236761006116
0.939021593466938,0.865906950999977,0.815067047516377,0.595820106104806,0.86532552249989,0.884982982575691,0.91975891171531,0.893541398446501
0.870281942757936,0.866198645580872,0.887710235181793,0.86532552249989,0.890119342731995,0.890343993635957,0.955497153845933,0.931517071190691
0.976368059033955,0.914619651267189,0.882383000090129,0.884982982575691,0.890343993635957,0.896919401472735,0.908385184521002,0.934575920615485
1.02249224241987,0.912265160374158,0.898202428328888,0.91975891171531,0.955497153845933,0.908385184521002,0.829881516715206,0.822084882082228
0.873662479822321,0.892980483034145,0.883236761006116,0.8935413984465,0.931517071190691,0.934575920615485,0.822084882082227,0.843746941776335
