"[0,1)","[1,5)","[5,15)","[15,25)","[25,45)","[45,65)","[65,75)","[75,+)"
0.313729021440548,1.062596969012,1.10208582637275,1.03182588674859,0.954715252987199,1.10968144044807,1.04186639583649,1.02335130967087
1.062596969012,0.643119765105027,1.00171249282853,0.913715721770835,0.955342659904441,1.03192119613541,1.01091837909976,1.02403393075972
1.10208582637275,1.00171249282853,0.632880891185619,0.810269239149693,0.921299062076947,0.902848944294604,0.972339629483165,1.01108159716092
1.03182588674859,0.913715721770835,0.810269239149693,0.557157173184988,0.824160093918916,0.86338113333933,0.900122537606736,0.796024305601092
0.9547152529872,0.955342659904441,0.921299062076947,0.824160093918916,0.846954155134988,0.895988812147992,1.04041673413091,1.0604456194448
1.10968144044807,1.03192119613541,0.902848944294604,0.86338113333933,0.895988812147992,0.917784273115186,0.950600670177673,0.921292631849963
1.04186639583649,1.01091837909976,0.972339629483165,0.900122537606737,1.04041673413091,0.950600670177673,0.842711495204781,0.870005232711259
1.02335130967087,1.02403393075972,1.01108159716092,0.796024305601092,1.0604456194448,0.921292631849963,0.870005232711259,0.909923406845484
