"[0,1)","[1,5)","[5,15)","[15,25)","[25,45)","[45,65)","[65,75)","[75,+)"
0.044201797187924,0.381734333716439,0.637875471953303,0.623151827350343,0.558291266006444,0.303509554257667,0.332436011574803,0.182818504290687
0.381734333716439,0.177721793488686,0.520252907192754,0.46032000018412,0.501918772534016,0.347735535700562,0.229044859219762,0.186949316953366
0.637875471953303,0.520252907192754,0.156166817846293,0.378156135097737,0.513364448415218,0.325514329405143,0.306871782939035,0.199450287728124
0.623151827350343,0.46032000018412,0.378156135097737,0.220075843345056,0.401942361710721,0.437011234407837,0.340120104386503,0.201007617990035
0.558291266006444,0.501918772534016,0.513364448415218,0.401942361710721,0.372038142204657,0.341425399646856,0.349752966696442,0.332146307864522
0.303509554257667,0.347735535700562,0.325514329405143,0.437011234407837,0.341425399646856,0.377204866675998,0.300331177396793,0.236480947524073
0.332436011574803,0.229044859219762,0.306871782939035,0.340120104386503,0.349752966696442,0.300331177396793,0.383913764004276,0.390755097392027
0.182818504290687,0.186949316953366,0.199450287728124,0.201007617990035,0.332146307864522,0.236480947524073,0.390755097392027,0.719836165469384
