"[0,1)","[1,5)","[5,15)","[15,25)","[25,45)","[45,65)","[65,75)","[75,+)"
0.689821945108144,0.610889992655284,0.708238122253934,0.689207981367523,0.709379301565808,0.45188963108874,0.493302200312117,0.572617597216791
0.610889992655284,0.851211211466012,0.737418781574646,0.676356748262612,0.682328513054297,0.522980844424258,0.578010270472461,0.567838731746158
0.708238122253934,0.737418781574646,0.798619932741722,0.725288808783863,0.712093869035697,0.576448113899823,0.606468509847878,0.545801855728688
0.689207981367523,0.676356748262612,0.725288808783863,0.79544383904908,0.595496466203329,0.591277135761997,0.591229684327185,0.561759385712819
0.709379301565808,0.682328513054297,0.712093869035697,0.595496466203329,0.516601153823287,0.462418422173133,0.578426634215558,0.539497793253028
0.45188963108874,0.522980844424257,0.576448113899824,0.591277135761997,0.462418422173133,0.473851312150797,0.507558919571655,0.468071541846044
0.493302200312117,0.578010270472461,0.606468509847878,0.591229684327185,0.578426634215558,0.507558919571655,0.630703514427489,0.668303034658611
0.572617597216791,0.567838731746158,0.545801855728688,0.561759385712819,0.539497793253028,0.468071541846044,0.668303034658611,0.83842010979768
