"[0,1)","[1,5)","[5,15)","[15,25)","[25,45)","[45,65)","[65,75)","[75,+)"
0.0753192504370147,0.510674958453879,0.70762071948002,0.681057524122879,0.601706071618735,0.475462107147944,0.383106538761965,0.46922584132556
0.510674958453879,0.215915054356486,0.596947715210874,0.590161215103379,0.582461910551376,0.513077772500459,0.435635621515604,0.465079120449761
0.70762071948002,0.596947715210874,0.203316583553383,0.553265411707423,0.593596917146903,0.474251658496776,0.467859386165332,0.452339429553331
0.681057524122879,0.590161215103379,0.553265411707423,0.60046798949067,0.554948009342684,0.578286751059535,0.48253918408438,0.46111669167912
0.601706071618735,0.582461910551376,0.593596917146903,0.554948009342685,0.5175549194461,0.488016343849975,0.45164239228243,0.404038669752631
0.475462107147944,0.513077772500459,0.474251658496776,0.578286751059535,0.488016343849975,0.515628590820207,0.432722832528394,0.404349397882092
0.383106538761965,0.435635621515604,0.467859386165332,0.48253918408438,0.45164239228243,0.432722832528394,0.499178745056721,0.48447218230899
0.46922584132556,0.465079120449761,0.452339429553331,0.46111669167912,0.404038669752631,0.404349397882092,0.48447218230899,0.792737969349948
