"[0,1)","[1,5)","[5,15)","[15,25)","[25,45)","[45,65)","[65,75)","[75,+)"
0.805447682878913,1.09014726016232,1.09865538680496,1.08444179818109,1.09579047621184,1.11965765429081,1.46797537254661,1.09921483941314
1.09014726016232,0.874263939295056,1.01869376468234,0.99398705076707,1.00859327946954,1.011874283749,1.14856091383019,1.11279265827184
1.09865538680496,1.01869376468234,0.90106497987902,0.944080662250663,1.02496229456481,0.979607500558291,1.09559950353076,1.11001845169183
1.08444179818109,0.99398705076707,0.944080662250664,0.706166225059381,1.00212192899065,0.983537249288784,1.10979237211837,1.06979788289389
1.09579047621184,1.00859327946954,1.02496229456481,1.00212192899065,1.07456716864683,1.01324104486012,1.06171725418742,1.1160437970283
1.11965765429081,1.011874283749,0.979607500558291,0.983537249288784,1.01324104486012,0.975863139202182,1.0569620668925,0.982819952611081
1.46797537254661,1.14856091383019,1.09559950353076,1.10979237211837,1.06171725418742,1.0569620668925,1.10769583226053,1.15058528861721
1.09921483941314,1.11279265827184,1.11001845169183,1.06979788289389,1.1160437970283,0.982819952611081,1.15058528861721,1
