"[0,1)","[1,5)","[5,15)","[15,25)","[25,45)","[45,65)","[65,75)","[75,+)"
0.63751285559374,0.850394896056045,0.899033806696033,0.906712944274237,0.881285201587353,0.833523124220096,0.819781762907266,0.812588924815048
0.850394896056045,0.837492265092766,0.903266155697075,0.840015276550258,0.875429617198713,0.844686707121434,0.812475942277106,0.813222806706703
0.899033806696033,0.903266155697075,0.858112596107651,0.808015002589883,0.901622831254257,0.853569968171257,0.846409566984069,0.810233504949998
0.906712944274237,0.840015276550258,0.808015002589883,0.597584628342671,0.844225095081401,0.858291713344203,0.841903923940189,0.810552751755923
0.881285201587352,0.875429617198713,0.901622831254258,0.844225095081401,0.841644436807355,0.811858462621918,0.799704058663094,0.801834218360795
0.833523124220096,0.844686707121434,0.853569968171257,0.858291713344203,0.811858462621918,0.869022291671663,0.834303909080714,0.800678824675798
0.819781762907266,0.812475942277106,0.846409566984069,0.841903923940189,0.799704058663094,0.834303909080714,0.865802957272397,0.861588183095466
0.812588924815048,0.813222806706703,0.810233504949998,0.810552751755923,0.801834218360795,0.800678824675798,0.861588183095466,1
