"[0,1)","[1,5)","[5,15)","[15,25)","[25,45)","[45,65)","[65,75)","[75,+)"
0.972604285147861,1.36826770441979,1.2675688488136,1.16478614800919,1.16645968690633,1.35472324356825,1.55225724488325,1.40415046786016
1.36826770441979,0.961512332368082,1.14648734973593,1.09000587600418,1.08455499057557,1.22010714065072,1.41094071199619,1.40973469517994
1.2675688488136,1.14648734973593,1.00296859551635,1.0310047907775,1.09476947050022,1.14823840664771,1.29053185036936,1.38598121181369
1.16478614800919,1.09000587600419,1.0310047907775,0.747947627765276,1.0417106665109,1.04387851721292,1.16694743788498,1.15766684418493
1.16645968690633,1.08455499057557,1.09476947050022,1.0417106665109,1.09932192539536,1.08527588144151,1.13592229108135,1.22796673277171
1.35472324356825,1.22010714065072,1.14823840664771,1.04387851721292,1.08527588144151,1.05441309205807,1.12615386584852,1.12086261448876
1.55225724488325,1.41094071199619,1.29053185036936,1.16694743788498,1.13592229108135,1.12615386584852,1.15538514885737,1.18707373601828
1.40415046786016,1.40973469517994,1.38598121181369,1.15766684418493,1.22796673277171,1.12086261448876,1.18707373601828,1
