"[0,1)","[1,5)","[5,15)","[15,25)","[25,45)","[45,65)","[65,75)","[75,+)"
1.00064296943152,1.23872726436353,1.17738688328986,1.12930238980049,1.1158293920828,1.28061415550225,1.53364803695018,1.20620240292296
1.23872726436353,1.02119287371441,1.09359668950169,1.08914789964258,1.04773743276026,1.16693776152691,1.25181942410877,1.2180690076121
1.17738688328986,1.09359668950169,1.04172845535302,1.07391923920582,1.05710052667501,1.10341649764123,1.15484504073259,1.20419680475491
1.12930238980049,1.08914789964258,1.07391923920582,0.990101124217573,1.01473782999697,1.04238943578361,1.13076220552932,1.12136439557375
1.1158293920828,1.04773743276026,1.05710052667501,1.01473782999697,1.01101419352721,1.0217209309105,1.05188662531756,1.12498844337275
1.28061415550225,1.16693776152691,1.10341649764123,1.04238943578361,1.0217209309105,1.01945971657039,1.04974503422628,1.0811621343635
1.53364803695018,1.25181942410877,1.15484504073259,1.13076220552932,1.05188662531756,1.04974503422628,1.02505065178788,1.04495689067901
1.20620240292296,1.2180690076121,1.20419680475491,1.12136439557375,1.12498844337275,1.0811621343635,1.04495689067901,1
