"[0,1)","[1,5)","[5,15)","[15,25)","[25,45)","[45,65)","[65,75)","[75,+)"
0.581017781000831,0.557299048236026,0.695805621731864,0.749853368739445,0.753744747831853,0.482130491170953,0.646471590350977,0.388852277500652
0.557299048236026,0.725088728977374,0.724435914599921,0.69273368492454,0.710572567404354,0.52869361624383,0.443053184476045,0.398896595398154
0.695805621731864,0.724435914599921,0.706916236107951,0.711196128075916,0.760509235649955,0.582404500467221,0.541865336377179,0.407169509394848
0.749853368739445,0.69273368492454,0.711196128075915,0.756073218280693,0.665939366214408,0.662082643351995,0.603529114012884,0.452030960729778
0.753744747831853,0.710572567404354,0.760509235649955,0.665939366214408,0.626455179895838,0.54034363837199,0.532006086264981,0.457046517581008
0.482130491170953,0.52869361624383,0.582404500467221,0.662082643351995,0.54034363837199,0.642942022687793,0.561005395350991,0.462882932402803
0.646471590350977,0.443053184476045,0.541865336377179,0.603529114012884,0.532006086264981,0.561005395350991,0.622125969507429,0.608462033303909
0.388852277500652,0.398896595398154,0.407169509394848,0.452030960729778,0.457046517581008,0.462882932402803,0.608462033303909,1
