"[0,1)","[1,5)","[5,15)","[15,25)","[25,45)","[45,65)","[65,75)","[75,+)"
0.699816400299143,0.823807361329941,0.885355096103226,0.874822932048902,0.867624634752121,0.79304036736023,0.77765052670233,0.770225621564332
0.823807361329941,0.859351722050539,0.878339902766746,0.850495524611957,0.861463691366073,0.815783599874565,0.782309885126797,0.77059756423366
0.885355096103226,0.878339902766746,0.860517031113114,0.86204427437223,0.873354802791858,0.829275407218629,0.808372021065605,0.771085436277762
0.874822932048902,0.850495524611958,0.86204427437223,0.865179374541467,0.818081886293669,0.828636362843607,0.803316175575869,0.770464395117175
0.867624634752122,0.861463691366073,0.873354802791858,0.818081886293669,0.796676124085555,0.782555471232802,0.78488254951212,0.778843439659575
0.79304036736023,0.815783599874565,0.829275407218629,0.828636362843607,0.782555471232802,0.803870643380715,0.788735159823714,0.77875090545781
0.77765052670233,0.782309885126796,0.808372021065605,0.803316175575869,0.78488254951212,0.788735159823714,0.820990126167002,0.814056426926474
0.770225621564332,0.77059756423366,0.771085436277762,0.770464395117175,0.778843439659575,0.77875090545781,0.814056426926474,0.924339378359128
