"[0,1)","[1,5)","[5,15)","[15,25)","[25,45)","[45,65)","[65,75)","[75,+)"
0.0488040306621823,0.678234073889858,0.904339516891506,0.895674160761795,0.784438622173714,0.672845905698065,1.14949346979736,0.546377095636279
0.678234073889858,0.271406716955961,0.678061454539347,0.738170120608707,0.68947045204389,0.59550665851643,0.633943878652574,0.569891996457329
0.904339516891506,0.678061454539347,0.297451133937226,0.65391290713999,0.762077660955083,0.570035025947903,0.663887243908209,0.559406348225816
0.895674160761795,0.738170120608707,0.65391290713999,0.540003070754568,0.79672031939778,0.786418196929594,0.890226132713959,0.949893550300025
0.784438622173714,0.68947045204389,0.762077660955083,0.79672031939778,0.683391027349702,0.605245626640658,0.707117671799536,0.748619002981964
0.672845905698065,0.595506658516429,0.570035025947903,0.786418196929594,0.605245626640658,0.684754166032076,0.676458541338638,0.620959550193809
1.14949346979736,0.633943878652574,0.663887243908209,0.890226132713959,0.707117671799536,0.676458541338638,0.840843994212224,0.833251043416865
0.546377095636279,0.569891996457329,0.559406348225816,0.949893550300025,0.748619002981964,0.620959550193809,0.833251043416865,1
