"[0,1)","[1,5)","[5,15)","[15,25)","[25,45)","[45,65)","[65,75)","[75,+)"
0.144685991152517,0.531105083019828,0.669720325369777,0.715284842495194,0.643637953513563,0.427196064048256,0.343764545968186,0.409703056414888
0.531105083019828,0.342158126063139,0.638605730720784,0.616735970070833,0.623644810531501,0.497512509022234,0.394680930508599,0.407428416419463
0.669720325369777,0.638605730720784,0.322100780668271,0.585048291008111,0.690769786604347,0.505001006287805,0.512865612684095,0.400027388183807
0.715284842495194,0.616735970070833,0.585048291008111,0.60109939820619,0.603106321979833,0.605160514685968,0.519172401942692,0.402254692884144
0.643637953513563,0.623644810531501,0.690769786604347,0.603106321979833,0.543386870673519,0.474614407096621,0.471020997310312,0.410035363417427
0.427196064048256,0.497512509022234,0.505001006287805,0.605160514685968,0.474614407096621,0.586292011812915,0.445214727879767,0.409081455855028
0.343764545968186,0.394680930508599,0.512865612684095,0.519172401942692,0.471020997310312,0.445214727879767,0.524682004807646,0.472347721144536
0.409703056414888,0.407428416419463,0.400027388183807,0.402254692884144,0.410035363417427,0.409081455855028,0.472347721144536,1
