"[0,1)","[1,5)","[5,15)","[15,25)","[25,45)","[45,65)","[65,75)","[75,+)"
0.229126002273745,1.14242014978696,1.19398993629041,1.14979602111038,0.976477552215116,1.17841919352686,1.41728913771303,1.05308038848012
1.14242014978696,0.436442498461226,1.01007792448368,1.02966001742766,0.957795825716547,1.05587446300597,1.11534326904199,1.06608857247792
1.19398993629041,1.01007792448368,0.439071591589394,0.931817004952745,0.911447198061309,0.87888685093775,1.01994166536906,1.05768329587267
1.14979602111038,1.02966001742766,0.931817004952745,0.933786792237118,0.943575796158567,0.959552988746937,1.09578114855599,1.00125642052898
0.976477552215115,0.957795825716547,0.911447198061309,0.943575796158567,0.87567971525008,0.903581618780894,1.15596512490647,1.17138989981328
1.17841919352686,1.05587446300597,0.878886850937749,0.959552988746937,0.903581618780894,0.901898425515862,1.03316605685327,0.968410754484332
1.41728913771303,1.11534326904199,1.01994166536906,1.09578114855599,1.15596512490647,1.03316605685327,0.872960442699921,0.962845959199764
1.05308038848012,1.06608857247792,1.05768329587267,1.00125642052898,1.17138989981328,0.968410754484332,0.962845959199764,0.890855755749167
