"[0,1)","[1,5)","[5,15)","[15,25)","[25,45)","[45,65)","[65,75)","[75,+)"
0.0567115661609316,0.412583831869301,0.659512996428175,0.627978595569373,0.562254201822147,0.355704868699001,0.375304007036786,0.290569607041588
0.412583831869301,0.193939314406536,0.527339503804147,0.479816014894563,0.517488119468585,0.389997255875553,0.315362576878956,0.293350793497364
0.659512996428175,0.527339503804147,0.173339449429239,0.397522150114927,0.52817945150613,0.364773824900792,0.365593262429774,0.293668346488185
0.627978595569373,0.479816014894563,0.397522150114927,0.24773931622894,0.429309063702536,0.475330743436516,0.401570462764931,0.331421043412664
0.562254201822147,0.517488119468585,0.52817945150613,0.429309063702536,0.382423596524866,0.372161004411228,0.40626492583799,0.36859087082292
0.355704868699001,0.389997255875553,0.364773824900792,0.475330743436516,0.372161004411228,0.423563146549472,0.372282397513206,0.321215359066404
0.375304007036786,0.315362576878956,0.365593262429774,0.401570462764931,0.40626492583799,0.372282397513206,0.462121392599911,0.467028725751047
0.290569607041588,0.293350793497364,0.293668346488185,0.331421043412664,0.36859087082292,0.321215359066404,0.467028725751047,0.764060897252458
