"[0,1)","[1,5)","[5,15)","[15,25)","[25,45)","[45,65)","[65,75)","[75,+)"
0.0753192504370147,0.510674956516048,0.70762071948002,0.681057524050021,0.601706066375492,0.475462107147944,0.383106538761965,0.46922584132556
0.510674956516048,0.215915032937059,0.596947711382068,0.590161212267833,0.582461904298577,0.513077769833946,0.435635619585504,0.465079120449761
0.70762071948002,0.596947711382068,0.203316570448281,0.553265406879304,0.593596910277361,0.474251650410179,0.467859382495567,0.452339429419001
0.681057524050021,0.590161212267833,0.553265406879304,0.600467982061796,0.554948005826376,0.578286748584995,0.482539182402055,0.46111669167912
0.601706066375492,0.582461904298577,0.593596910277361,0.554948005826376,0.517554915648792,0.488016341688358,0.451642390353149,0.404038669404273
0.475462107147944,0.513077769833946,0.474251650410179,0.578286748584995,0.488016341688359,0.51562858926375,0.432722831538266,0.404349397871833
0.383106538761965,0.435635619585504,0.467859382495567,0.482539182402055,0.451642390353149,0.432722831538266,0.499178745017209,0.484472182282846
0.46922584132556,0.465079120449761,0.452339429419001,0.46111669167912,0.404038669404273,0.404349397871833,0.484472182282846,0.792737969349948
