"[0,1)","[1,5)","[5,15)","[15,25)","[25,45)","[45,65)","[65,75)","[75,+)"
0.163288228675564,0.958527634632107,1.01456360956151,0.995085326077448,0.899925911010603,1.01912729219126,1.01995029618418,1.01652421742822
0.958527634632107,0.455165635100653,0.9055920942162,0.896691439400004,0.884668568010369,0.972380673395247,0.99364869006022,1.01669824254385
1.01456360956151,0.9055920942162,0.49034650567811,0.813741586019879,0.92212462105827,0.909926490621285,1.00094971122175,1.00550425524478
0.995085326077447,0.896691439400004,0.813741586019878,0.630373714718591,0.934223730602104,0.961914017782666,1.00258964932531,1.01028877735142
0.899925911010603,0.884668568010369,0.92212462105827,0.934223730602104,0.938353423340744,0.93733173159202,0.954750272831789,0.992615886380278
1.01912729219126,0.972380673395247,0.909926490621285,0.961914017782666,0.93733173159202,0.976040855840811,0.988599548313134,0.976373688409904
1.01995029618418,0.99364869006022,1.00094971122175,1.00258964932531,0.954750272831789,0.988599548313134,1.01023835546115,1.02227709855784
1.01652421742822,1.01669824254385,1.00550425524478,1.01028877735142,0.992615886380278,0.976373688409904,1.02227709855784,1
