"[0,1)","[1,5)","[5,15)","[15,25)","[25,45)","[45,65)","[65,75)","[75,+)"
0.067325486525533,0.48496787752669,0.693153208879503,0.665445433138363,0.579949087472493,0.445008891633316,0.412001589753618,0.386536978781213
0.48496787752669,0.229767082467182,0.588536925509361,0.53466295756962,0.556630143246182,0.476634969413643,0.391632899188871,0.387664953569124
0.693153208879503,0.588536925509361,0.211000747380069,0.448349681005896,0.563867103165153,0.430698463779955,0.432974056009572,0.390008474634578
0.665445433138363,0.53466295756962,0.448349681005896,0.287853390168851,0.477170920165189,0.518093409131931,0.436224985109765,0.385466153600703
0.579949087472493,0.556630143246182,0.563867103165153,0.477170920165189,0.458888117610025,0.43613391850222,0.41955390858256,0.395426069232317
0.445008891633316,0.476634969413643,0.430698463779955,0.518093409131931,0.43613391850222,0.478410497159403,0.417980219997563,0.382362756242859
0.412001589753618,0.391632899188871,0.432974056009572,0.436224985109765,0.41955390858256,0.417980219997563,0.492044016448615,0.488599997127487
0.386536978781213,0.387664953569124,0.390008474634578,0.385466153600703,0.395426069232317,0.382362756242859,0.488599997127487,0.774817261416737
