"[0,1)","[1,5)","[5,15)","[15,25)","[25,45)","[45,65)","[65,75)","[75,+)"
0.773835590646503,0.620788708927219,0.716011931548168,0.695747884112082,0.712153970504232,0.488147440917325,0.39950468433493,0.485916407940838
0.620788708927219,0.776029955484072,0.725137404200056,0.66067189853318,0.681438499845894,0.56739479788977,0.474183493935208,0.482690612569009
0.716011931548168,0.725137404200056,0.736308756187036,0.683074372100294,0.708974833601008,0.612241528441917,0.543226746217818,0.476992298556708
0.695747884112082,0.66067189853318,0.683074372100294,0.668285640861192,0.607251955349631,0.618521819262539,0.511006266646179,0.480268791186098
0.712153970504232,0.681438499845894,0.708974833601008,0.607251955349631,0.578943989755299,0.537210762852691,0.487616706809622,0.421650598667582
0.488147440917325,0.56739479788977,0.612241528441917,0.618521819262539,0.537210762852691,0.554492490838403,0.460023337087083,0.420737221125407
0.39950468433493,0.474183493935208,0.543226746217818,0.511006266646179,0.487616706809622,0.460023337087083,0.513097332966621,0.500342708243009
0.485916407940838,0.482690612569009,0.476992298556708,0.480268791186098,0.421650598667582,0.420737221125407,0.500342708243009,0.797384443608851
