"[0,1)","[1,5)","[5,15)","[15,25)","[25,45)","[45,65)","[65,75)","[75,+)"
0.709373775492653,0.5813627401686,0.715070589692884,0.766521566109175,0.768338373299562,0.501558157817534,0.623075105970611,0.381023937985977
0.5813627401686,0.707091876423036,0.736329104731538,0.676740566147721,0.702723052327387,0.541628862507092,0.443842200922065,0.397020004525479
0.715070589692884,0.736329104731538,0.696719394808378,0.690199322613069,0.760017997102726,0.589628246748048,0.531964147024877,0.406301492199591
0.766521566109175,0.676740566147721,0.690199322613069,0.67205771013962,0.630435853891172,0.640039351837794,0.565759504369211,0.419811519493012
0.768338373299562,0.702723052327387,0.760017997102726,0.630435853891172,0.597412810342096,0.50500242013245,0.472021730400982,0.444275493255156
0.501558157817535,0.541628862507092,0.589628246748047,0.640039351837794,0.50500242013245,0.627070255303168,0.533624377839203,0.433517088138333
0.623075105970611,0.443842200922065,0.531964147024877,0.565759504369211,0.472021730400982,0.533624377839203,0.594343946032688,0.576731333324359
0.381023937985976,0.397020004525479,0.406301492199591,0.419811519493012,0.444275493255156,0.433517088138333,0.576731333324359,1
