"[0,1)","[1,5)","[5,15)","[15,25)","[25,45)","[45,65)","[65,75)","[75,+)"
0.68273368859247,0.544578636244235,0.681020829417825,0.749533459452123,0.761640985606998,0.443013586037216,0.563085649732845,0.347581746754615
0.544578636244235,0.725297745476907,0.72824494414498,0.695118862666202,0.711205071786029,0.507898501079935,0.39224898107402,0.353785810296602
0.681020829417825,0.72824494414498,0.713331321830531,0.727791355891975,0.762006645164455,0.571784169218267,0.522333575313873,0.368686740626846
0.749533459452123,0.695118862666202,0.727791355891975,0.813792000205623,0.668678919437615,0.650473894965414,0.573781273252991,0.392844330389223
0.761640985606998,0.71120507178603,0.762006645164456,0.668678919437615,0.626001070840092,0.524296384589024,0.516711612085191,0.417675356805584
0.443013586037217,0.507898501079935,0.571784169218267,0.650473894965414,0.524296384589024,0.620755112481602,0.525790437515032,0.410139915124126
0.563085649732845,0.39224898107402,0.522333575313873,0.573781273252991,0.516711612085191,0.525790437515032,0.589829374813331,0.567098630426704
0.347581746754615,0.353785810296602,0.368686740626846,0.392844330389223,0.417675356805584,0.410139915124126,0.567098630426704,1
