"[0,1)","[1,5)","[5,15)","[15,25)","[25,45)","[45,65)","[65,75)","[75,+)"
0.24471985992436,1.17946186177602,1.197514509094,1.120467910052,1.02207001628157,1.26542074415039,1.19040928229171,1.17391338445186
1.17946186177602,0.672797296852624,1.09761759172916,1.01440222437052,1.04516571878434,1.16208916305873,1.1575592883805,1.17436882222058
1.197514509094,1.09761759172916,0.663056716592076,0.896933613994682,0.994935856179947,1.00544047670935,1.09700823353093,1.16829299266686
1.120467910052,1.01440222437052,0.896933613994682,0.635423688707046,0.913408597618174,0.952526092059577,1.01526616461865,0.908331712744392
1.02207001628157,1.04516571878434,0.994935856179947,0.913408597618174,0.939376314449114,1.00490796311007,1.17101763390834,1.22113071095754
1.26542074415039,1.16208916305873,1.00544047670935,0.952526092059577,1.00490796311007,1.02147472854351,1.07857953043541,1.05662590561367
1.19040928229171,1.1575592883805,1.09700823353093,1.01526616461865,1.17101763390834,1.07857953043541,0.948657757107312,0.978102154295545
1.17391338445186,1.17436882222058,1.16829299266686,0.908331712744392,1.22113071095754,1.05662590561367,0.978102154295545,0.949842337473767
