"[0,1)","[1,5)","[5,15)","[15,25)","[25,45)","[45,65)","[65,75)","[75,+)"
0.574826122794597,0.539848281711855,0.699788689574828,0.719275996317729,0.737799495528394,0.430003545378798,0.512957838338777,0.311649998271034
0.539848281711855,0.633543670627298,0.675644669856009,0.660599929914739,0.68074787834092,0.489596002277375,0.393323875484038,0.317207937244508
0.699788689574828,0.675644669856009,0.624867046215891,0.683883710894659,0.702409373237414,0.558652407094657,0.498227973511459,0.33786962294513
0.719275996317729,0.660599929914739,0.683883710894659,0.747501242572758,0.627535067617118,0.632907979807091,0.559809656300836,0.370597823445816
0.737799495528394,0.68074787834092,0.702409373237414,0.627535067617118,0.560668703012895,0.536465709878787,0.568419760272997,0.563356095499561
0.430003545378798,0.489596002277375,0.558652407094657,0.632907979807091,0.536465709878787,0.551501584007631,0.495506760124556,0.418318986053253
0.512957838338777,0.393323875484038,0.498227973511459,0.559809656300836,0.568419760272997,0.495506760124556,0.538672626287288,0.55287937975557
0.311649998271034,0.317207937244508,0.33786962294513,0.370597823445816,0.563356095499561,0.418318986053253,0.55287937975557,0.777642788367095
