"[0,1)","[1,5)","[5,15)","[15,25)","[25,45)","[45,65)","[65,75)","[75,+)"
0.125457745354656,0.592377243939381,0.724166869224978,0.729136686689396,0.690068644634699,0.477195740277803,0.515723965230062,0.584979537777006
0.592377243939381,0.284819006886345,0.671310027326102,0.644710467735585,0.664341237652194,0.528301635530888,0.565367870186717,0.582889264318578
0.724166869224978,0.671310027326102,0.296204349811927,0.618099113737493,0.730257181554004,0.537761339937173,0.651232950572458,0.572405329742784
0.729136686689396,0.644710467735585,0.618099113737493,0.660935897052118,0.650921493693934,0.622651245523107,0.620579546468372,0.524766409829977
0.690068644634699,0.664341237652194,0.730257181554005,0.650921493693934,0.621384538023708,0.527857994722629,0.617669128698507,0.591459258416348
0.477195740277803,0.528301635530888,0.537761339937173,0.622651245523107,0.527857994722629,0.616552279467656,0.571971571729122,0.509110220522944
0.515723965230062,0.565367870186717,0.651232950572458,0.620579546468372,0.617669128698507,0.571971571729122,0.722330702958446,0.701532423950089
0.584979537777006,0.582889264318578,0.572405329742784,0.524766409829977,0.591459258416348,0.509110220522944,0.701532423950089,1
