"[0,1)","[1,5)","[5,15)","[15,25)","[25,45)","[45,65)","[65,75)","[75,+)"
0.705524954779962,0.862572181449508,0.903768556394982,0.910306255512066,0.895602827089529,0.837622617208148,0.833775283537373,0.822338442558504
0.862572181449508,0.864274653907133,0.909467749957955,0.87903407939446,0.887582001302338,0.853677692416557,0.825992787128742,0.822938887596649
0.903768556394982,0.909467749957955,0.873389682031746,0.883328642873654,0.908651307903227,0.859400791207221,0.852417627947626,0.820708661423993
0.910306255512066,0.87903407939446,0.883328642873654,0.866166412785971,0.850562231957003,0.858814020208419,0.837056729757577,0.812443692588533
0.895602827089529,0.887582001302338,0.908651307903227,0.850562231957003,0.828443675483745,0.806521152900455,0.816613050764491,0.816350120106653
0.837622617208148,0.853677692416557,0.859400791207221,0.858814020208419,0.806521152900455,0.850175107422425,0.799925906741851,0.806336152729868
0.833775283537373,0.825992787128742,0.852417627947626,0.837056729757577,0.816613050764491,0.799925906741851,0.823841882549517,0.800551697765494
0.822338442558504,0.822938887596649,0.820708661423993,0.812443692588533,0.816350120106653,0.806336152729868,0.800551697765494,1
