"[0,1)","[1,5)","[5,15)","[15,25)","[25,45)","[45,65)","[65,75)","[75,+)"
0.0837318500044554,0.484972007169474,0.692771981364294,0.665464070374022,0.579741588127863,0.44579352648517,0.412854084275347,0.386027834718946
0.484972007169474,0.230084528300283,0.588553222087511,0.536771550010761,0.55924324126428,0.476751001892356,0.391390078478395,0.387319542451633
0.692771981364294,0.588553222087511,0.210412337817385,0.450418766753789,0.567139489937524,0.43289875791938,0.433416072690408,0.390379949049948
0.665464070374022,0.536771550010761,0.450418766753789,0.290504440384969,0.485911670985755,0.524441602040932,0.4390545325343,0.38582275091247
0.579741588127863,0.55924324126428,0.567139489937524,0.485911670985755,0.471808663650612,0.44879985296763,0.424814244016058,0.397417193459651
0.44579352648517,0.476751001892356,0.43289875791938,0.524441602040932,0.44879985296763,0.487506172053875,0.422135490917337,0.385303050338151
0.412854084275347,0.391390078478395,0.433416072690408,0.4390545325343,0.424814244016058,0.422135490917337,0.492868148665768,0.486594316871626
0.386027834718946,0.387319542451633,0.390379949049948,0.38582275091247,0.397417193459651,0.385303050338151,0.486594316871626,0.774469352665106
