"[0,1)","[1,5)","[5,15)","[15,25)","[25,45)","[45,65)","[65,75)","[75,+)"
0.800760534298692,0.852654166252352,0.895956348446123,0.905501777416221,0.896113780849372,0.825423973560953,0.811079595561919,0.804734582150081
0.852654166252352,0.861593847670817,0.905362646391483,0.877356963234689,0.889767518793566,0.844863130995018,0.807285669171764,0.805056872374939
0.895956348446123,0.905362646391483,0.862134134903585,0.88356585966957,0.908741681458827,0.860274611913996,0.845489414601877,0.805006885129463
0.90550177741622,0.877356963234689,0.88356585966957,0.880030638716866,0.866078804761724,0.871164598446756,0.844645031229384,0.805111209319471
0.896113780849371,0.889767518793566,0.908741681458827,0.866078804761724,0.854086231749923,0.824620410725822,0.820096542878993,0.80299750520711
0.825423973560953,0.844863130995017,0.860274611913996,0.871164598446756,0.824620410725822,0.874124117703442,0.837059900003125,0.804062550316992
0.811079595561919,0.807285669171764,0.845489414601877,0.844645031229384,0.820096542878993,0.837059900003125,0.863924272861401,0.857407788907991
0.804734582150081,0.805056872374939,0.805006885129463,0.805111209319471,0.80299750520711,0.804062550316992,0.857407788907991,1
