"[0,1)","[1,5)","[5,15)","[15,25)","[25,45)","[45,65)","[65,75)","[75,+)"
0.790074156456054,0.938645409654531,0.971347629835899,0.962325176173376,0.934446446257754,0.948526661859293,0.946569409846543,0.94099232819253
0.938645409654531,0.878396402787634,0.950198231385715,0.899089807189111,0.927562707921009,0.938086383751581,0.937802299945258,0.941271706123816
0.971347629835899,0.950198231385715,0.895635311720748,0.84564142714031,0.927130642475121,0.907943114778901,0.932720631973998,0.937972324865595
0.962325176173376,0.899089807189111,0.84564142714031,0.646508949591396,0.870265345381769,0.893967330031674,0.917849690254865,0.936920613634361
0.934446446257754,0.927562707921009,0.92713064247512,0.870265345381769,0.876889398985158,0.881570115807306,0.916018216804871,0.937294316319758
0.948526661859293,0.93808638375158,0.907943114778901,0.893967330031674,0.881570115807306,0.904085435044887,0.924774950825394,0.932120394120902
0.946569409846543,0.937802299945257,0.932720631973998,0.917849690254866,0.916018216804871,0.924774950825394,0.950091080260331,0.950685487534544
0.94099232819253,0.941271706123816,0.937972324865595,0.936920613634362,0.937294316319758,0.932120394120902,0.950685487534544,0.98067045901663
