"[0,1)","[1,5)","[5,15)","[15,25)","[25,45)","[45,65)","[65,75)","[75,+)"
0.718142511330637,0.838273146382817,0.897769582448405,0.887164036100258,0.873234848440733,0.813359063013281,0.798216074375079,0.791970513665803
0.838273146382817,0.843073279335004,0.884656686574933,0.860269372366896,0.865666442788651,0.830278153885794,0.800616089802705,0.792283378339288
0.897769582448405,0.884656686574933,0.836334842163349,0.865038477233523,0.872955982291154,0.830629313876012,0.821736503360339,0.793090864057561
0.887164036100258,0.860269372366896,0.865038477233523,0.866762488045327,0.823727227467308,0.836417941676448,0.818540584137285,0.791616977608919
0.873234848440733,0.865666442788651,0.872955982291154,0.823727227467308,0.800817990280515,0.790701477877069,0.798842710810267,0.799342047966556
0.813359063013281,0.830278153885794,0.830629313876012,0.836417941676448,0.790701477877069,0.814443209180194,0.806242126160149,0.800152792176954
0.798216074375079,0.800616089802705,0.821736503360339,0.818540584137285,0.798842710810267,0.80624212616015,0.840222422188232,0.833048936275185
0.791970513665803,0.792283378339288,0.793090864057561,0.79161697760892,0.799342047966557,0.800152792176954,0.833048936275184,0.932734228416508
