"[0,1)","[1,5)","[5,15)","[15,25)","[25,45)","[45,65)","[65,75)","[75,+)"
0.582832060280398,0.94668671736804,0.976675582845228,0.969908049133632,0.935134969555358,0.958204259401189,0.955458376981854,0.94968902242201
0.94668671736804,0.887324314906607,0.965221579953034,0.913704340117453,0.939128437346086,0.951103542372665,0.946085882468261,0.949994562419939
0.976675582845228,0.965221579953034,0.907322252299018,0.878136955594895,0.956161597184357,0.943652126897945,0.958841208679716,0.947817955552639
0.969908049133632,0.913704340117453,0.878136955594895,0.666941344317502,0.924312370626153,0.940913779117455,0.954859710177278,0.946534377213154
0.935134969555358,0.939128437346086,0.956161597184357,0.924312370626153,0.930050034651761,0.916402066139462,0.923707275813442,0.93637485624346
0.958204259401189,0.951103542372665,0.943652126897945,0.940913779117456,0.916402066139462,0.950929672251749,0.94672300751139,0.928589216390563
0.955458376981854,0.946085882468261,0.958841208679716,0.954859710177278,0.923707275813442,0.94672300751139,0.966267876705245,0.969316159641533
0.94968902242201,0.949994562419939,0.947817955552639,0.946534377213154,0.93637485624346,0.928589216390563,0.969316159641533,1
