"[0,1)","[1,5)","[5,15)","[15,25)","[25,45)","[45,65)","[65,75)","[75,+)"
0.0651328727697521,0.401897694633965,0.572949248527236,0.620925458940316,0.551007731480325,0.300101170968108,0.252674079991381,0.229218532878094
0.401897694633965,0.206433028354019,0.560804939110577,0.472416590946997,0.525857071130321,0.370535577168881,0.228680719928051,0.230449971428928
0.572949248527236,0.560804939110577,0.20649873852726,0.412008924796891,0.608399404764242,0.389291531427648,0.38199397920508,0.230788429090947
0.620925458940316,0.472416590946997,0.412008924796891,0.218264474395719,0.469489556651335,0.492108035394735,0.378041000056088,0.228295639772039
0.551007731480325,0.525857071130321,0.608399404764242,0.469489556651335,0.426442966369004,0.344682755432616,0.315277343073252,0.242706704370551
0.300101170968108,0.370535577168881,0.389291531427649,0.492108035394735,0.344682755432616,0.503585626148771,0.341732777210477,0.25427972940624
0.252674079991381,0.228680719928051,0.38199397920508,0.378041000056088,0.315277343073252,0.341732777210477,0.426005721121599,0.373838740116236
0.229218532878094,0.230449971428928,0.230788429090947,0.228295639772039,0.242706704370551,0.25427972940624,0.373838740116236,1
