"[0,1)","[1,5)","[5,15)","[15,25)","[25,45)","[45,65)","[65,75)","[75,+)"
0.143169811453688,0.868627483690335,0.941373964760054,0.930790771219617,0.839729289447228,0.903973742546842,0.899748262880904,0.891280294530418
0.868627483690335,0.376995924317251,0.836845706628297,0.811715006610236,0.808965551475051,0.869922567934619,0.871229017114249,0.891710418668324
0.941373964760054,0.836845706628297,0.412035459779516,0.733785427976815,0.859645043947204,0.815033868179881,0.896084254571407,0.877926589534175
0.930790771219616,0.811715006610236,0.733785427976815,0.550911344074095,0.839865567057816,0.872081993235532,0.898001256604775,0.883032877921813
0.839729289447228,0.808965551475051,0.859645043947204,0.839865567057816,0.831945053441418,0.813434176712508,0.834233681005112,0.86478012415783
0.903973742546842,0.869922567934619,0.815033868179881,0.872081993235532,0.813434176712508,0.884873873021241,0.870343297453515,0.846028690435758
0.899748262880904,0.871229017114249,0.896084254571407,0.898001256604775,0.834233681005112,0.870343297453515,0.912056266893233,0.918996993897529
0.891280294530418,0.891710418668324,0.877926589534175,0.883032877921813,0.86478012415783,0.846028690435758,0.918996993897529,1
