"[0,1)","[1,5)","[5,15)","[15,25)","[25,45)","[45,65)","[65,75)","[75,+)"
0.0466522029724868,0.379765101009085,0.611437669505516,0.581712299937226,0.507684329948958,0.305693816651602,0.259525348815173,0.236805420302793
0.379765101009085,0.180877163115123,0.510068570090085,0.437931804451553,0.469846546348122,0.354663605786122,0.248966464676572,0.237943550784027
0.611437669505516,0.510068570090085,0.161160427588125,0.364619947296725,0.489480612105286,0.32798297700373,0.308228793261884,0.23864011480823
0.581712299937225,0.437931804451553,0.364619947296725,0.209551428116055,0.368229158844882,0.413005038138558,0.312730715835762,0.237326539718335
0.507684329948958,0.469846546348122,0.489480612105286,0.368229158844882,0.338144526393873,0.304662578331059,0.282343589551908,0.249316837623427
0.305693816651602,0.354663605786122,0.32798297700373,0.413005038138558,0.304662578331059,0.357763150476913,0.283645121370829,0.242386594886047
0.259525348815173,0.248966464676572,0.308228793261883,0.312730715835762,0.282343589551908,0.283645121370829,0.38030728335177,0.364998022324263
0.236805420302793,0.237943550784027,0.23864011480823,0.237326539718335,0.249316837623427,0.242386594886047,0.364998022324263,0.729803518133491
