"[0,1)","[1,5)","[5,15)","[15,25)","[25,45)","[45,65)","[65,75)","[75,+)"
0.71581462699867,0.616432526214058,0.69670292661058,0.730540408102474,0.727948081953916,0.501263255080453,0.406536794881142,0.500087105758545
0.616432526214058,0.715890038274599,0.743804112822015,0.684222283104585,0.721461702003567,0.58522132758802,0.487326955993361,0.495517398181168
0.69670292661058,0.743804112822015,0.70395402195866,0.692317180127225,0.762719556788148,0.624030489916392,0.583539842989764,0.492532399447595
0.730540408102474,0.684222283104585,0.692317180127225,0.674032489922228,0.654193197924463,0.65537210971924,0.560519307423114,0.489949444894808
0.727948081953916,0.721461702003567,0.762719556788148,0.654193197924463,0.609291521122621,0.554038405416753,0.546671207619427,0.494631407311629
0.501263255080453,0.58522132758802,0.624030489916393,0.65537210971924,0.554038405416753,0.646960699253177,0.509742585248679,0.498094189573763
0.406536794881142,0.487326955993361,0.583539842989765,0.560519307423114,0.546671207619427,0.509742585248679,0.564537898012249,0.504281095321704
0.500087105758545,0.495517398181169,0.492532399447595,0.489949444894808,0.494631407311629,0.498094189573763,0.504281095321704,1
