"[0,1)","[1,5)","[5,15)","[15,25)","[25,45)","[45,65)","[65,75)","[75,+)"
0.726308725247904,0.989212028409541,1.00791609568153,0.99695602532536,0.968452468127376,1.0075244419544,1.00742998370805,1.00312298960983
0.989212028409541,0.907958974578225,0.991479904433647,0.942454796136984,0.963574960344776,0.992158342530134,0.99885173811254,1.00329056914821
1.00791609568153,0.991479904433646,0.928683190536268,0.906228168175945,0.977760934305354,0.979610247129395,1.00179241914023,1.00149037701544
0.996956025325359,0.942454796136984,0.906228168175945,0.693765512701036,0.954815564160307,0.973036989917771,0.998417728146697,1.00004804858607
0.968452468127376,0.963574960344777,0.977760934305354,0.954815564160307,0.964261583758217,0.955680117546056,0.970448485278237,0.989392365870014
1.0075244419544,0.992158342530134,0.979610247129395,0.973036989917771,0.955680117546056,0.982954093382882,0.991682926058617,0.97885635762526
1.00742998370805,0.998851738112541,1.00179241914023,0.998417728146697,0.970448485278237,0.991682926058617,1.006674943949,1.01345022023569
1.00312298960983,1.00329056914821,1.00149037701544,1.00004804858607,0.989392365870014,0.97885635762526,1.01345022023569,1
