"[0,1)","[1,5)","[5,15)","[15,25)","[25,45)","[45,65)","[65,75)","[75,+)"
0.718554528475702,0.948284386347214,0.983699024444749,0.973579927037853,0.936832833983461,0.968343480388001,0.967699428802614,0.960864438603848
0.948284386347215,0.881089270123397,0.961906069159841,0.912694061258833,0.939103947257353,0.955032303811522,0.957862670426021,0.961119592405087
0.983699024444749,0.961906069159841,0.897304320047324,0.856857271694689,0.935992200821393,0.920680210010301,0.949197195605219,0.959484965592503
0.973579927037853,0.912694061258833,0.856857271694689,0.656028740216342,0.884882041073744,0.909616720334998,0.936417608175858,0.957843607971307
0.936832833983461,0.939103947257353,0.935992200821393,0.884882041073744,0.893535675601708,0.901170458059584,0.937488502891828,0.961781731472696
0.968343480388001,0.955032303811522,0.920680210010301,0.909616720334998,0.901170458059584,0.922796169541813,0.946938159533694,0.957409410317318
0.967699428802614,0.957862670426021,0.949197195605219,0.936417608175858,0.937488502891828,0.946938159533694,0.969824043620668,0.970258445991061
0.960864438603848,0.961119592405087,0.959484965592503,0.957843607971307,0.961781731472696,0.957409410317318,0.970258445991061,0.988791636200044
