"[0,1)","[1,5)","[5,15)","[15,25)","[25,45)","[45,65)","[65,75)","[75,+)"
0.994925942488005,0.890151103095403,0.89927918028618,0.919712694934231,0.923801887376403,0.893058743136715,1.02218061909106,0.91928281102734
0.890151103095403,1.02423136823442,0.953748639464618,0.920239220468495,0.932221464771345,0.915411181073851,0.966418050946946,0.92287614599281
0.89927918028618,0.953748639464618,1.04714831976405,0.882215018586344,0.935482424297151,0.931809487310306,0.991358702916159,0.930538648710129
0.91971269493423,0.920239220468495,0.882215018586344,0.700858617222148,0.903261906316418,0.939323421593993,1.04698072450975,1.04402077665716
0.923801887376403,0.932221464771345,0.935482424297151,0.903261906316418,0.842869473677036,0.894224472875289,1.10414997128574,1.10094124220301
0.893058743136716,0.915411181073851,0.931809487310305,0.939323421593993,0.894224472875289,0.943385247597881,1.07993298614029,1.05000121696519
1.02218061909106,0.966418050946946,0.991358702916159,1.04698072450975,1.10414997128574,1.07993298614029,1.04565562007264,1.10109415537778
0.91928281102734,0.92287614599281,0.930538648710129,1.04402077665716,1.10094124220301,1.05000121696519,1.10109415537778,0.991917391040318
