"[0,1)","[1,5)","[5,15)","[15,25)","[25,45)","[45,65)","[65,75)","[75,+)"
0.192440692104336,0.963368366277169,1.07875126345847,1.09221752021404,0.960752735211796,0.990131256169891,1.53346009104625,0.886842550757437
0.963368366277169,0.420082427110111,0.891305367184908,0.956263195716219,0.886127007943709,0.889494341919285,0.973828241582947,0.909148515950163
1.07875126345847,0.891305367184908,0.459998840062241,0.871413578239095,0.930642280658275,0.84599596727397,0.949396457487922,0.906670690653376
1.09221752021404,0.956263195716219,0.871413578239095,0.740299876432779,1.01919044688764,1.00940494086772,1.16388189477231,1.15679875321449
0.960752735211797,0.886127007943709,0.930642280658275,1.01919044688764,0.998090867803369,0.935203805127,1.03487124976466,1.02094949259275
0.990131256169891,0.889494341919285,0.84599596727397,1.00940494086772,0.935203805127,0.928347473213913,1.0116665488059,0.9260432640954
1.53346009104625,0.973828241582947,0.949396457487922,1.16388189477231,1.03487124976466,1.0116665488059,1.01553884183185,1.08076003382157
0.886842550757437,0.909148515950163,0.906670690653376,1.15679875321449,1.02094949259275,0.9260432640954,1.08076003382157,1
