"[0,1)","[1,5)","[5,15)","[15,25)","[25,45)","[45,65)","[65,75)","[75,+)"
0.974631720960115,1.18038305875758,1.11057568240493,1.13376586421646,1.08393829078927,1.21545079652114,1.10924969656696,1.12602104454563
1.18038305875758,0.990313403050222,1.10968930215794,1.08705168723819,1.06980698709198,1.1720396866837,1.11371428009445,1.12531186705559
1.11057568240493,1.10968930215794,0.997224139514212,1.04976793184189,1.05161942448667,1.12877778970732,1.08647380409632,1.11291165597487
1.13376586421646,1.08705168723819,1.04976793184189,0.955256070122822,0.99765976444253,1.07332017184395,1.06906302425213,0.960126099520241
1.08393829078927,1.06980698709198,1.05161942448667,0.99765976444253,0.963237692260827,1.07100054470362,1.09347540940052,1.15698408051443
1.21545079652114,1.1720396866837,1.12877778970732,1.07332017184395,1.07100054470362,1.12023636478098,1.07921410976214,1.04927505334918
1.10924969656696,1.11371428009445,1.08647380409632,1.06906302425213,1.09347540940052,1.07921410976214,0.943486999399225,0.99143449625053
1.12602104454563,1.12531186705559,1.11291165597487,0.960126099520241,1.15698408051443,1.04927505334918,0.99143449625053,0.937655303049217
