"[0,1)","[1,5)","[5,15)","[15,25)","[25,45)","[45,65)","[65,75)","[75,+)"
0.814447435076149,0.618725067096228,0.685265070129701,0.753464359944756,0.756242820810381,0.495587083536232,0.503202413819112,0.562051882641696
0.618725067096228,0.892947697733248,0.766279820726883,0.758414733986286,0.761075534078016,0.579317720456067,0.575451779923151,0.55988503625818
0.685265070129701,0.766279820726883,0.879504442786057,0.787447633109188,0.796409499903884,0.627978336764591,0.632537575080152,0.553893971880742
0.753464359944756,0.758414733986286,0.787447633109188,0.902570140170531,0.736593228842555,0.700415308113765,0.697887663645358,0.676217707980492
0.756242820810381,0.761075534078015,0.796409499903885,0.736593228842555,0.637382801420768,0.564364405107246,0.706959923477422,0.643431743226244
0.495587083536232,0.579317720456067,0.627978336764591,0.700415308113766,0.564364405107246,0.638412830452902,0.585696328994732,0.590344657739595
0.503202413819112,0.575451779923151,0.632537575080151,0.697887663645358,0.706959923477422,0.585696328994732,0.653401851477016,0.61692860920701
0.562051882641696,0.55988503625818,0.553893971880742,0.676217707980492,0.643431743226244,0.590344657739595,0.61692860920701,1
