"[0,1)","[1,5)","[5,15)","[15,25)","[25,45)","[45,65)","[65,75)","[75,+)"
0.747158989705136,0.752376062908195,0.877602768489245,0.901752186844564,0.889115627089797,0.700913372396307,1.13043625193897,0.583212426183799
0.752376062908195,0.856722199956358,0.780156799381805,0.840778486081166,0.852884224498597,0.660551056531946,0.73669776291071,0.603387677891445
0.877602768489245,0.780156799381805,0.855426818690012,0.819895563424332,0.857951220227251,0.717293457893192,0.72187380744777,0.613077893037055
0.901752186844564,0.840778486081166,0.819895563424332,0.781519315970873,0.877574214431122,0.858140791725641,0.903238411320089,0.992611842807341
0.889115627089797,0.852884224498597,0.857951220227251,0.877574214431122,0.789310962510328,0.785854020972635,0.887304320501144,0.908875203041577
0.700913372396307,0.660551056531946,0.717293457893192,0.858140791725641,0.785854020972635,0.768366302435479,0.776610049232673,0.743020773771238
1.13043625193897,0.73669776291071,0.72187380744777,0.903238411320089,0.887304320501144,0.776610049232672,0.860730421769883,0.878045238467275
0.583212426183799,0.603387677891445,0.613077893037055,0.992611842807341,0.908875203041577,0.743020773771238,0.878045238467275,0.936569913539404
