"[0,1)","[1,5)","[5,15)","[15,25)","[25,45)","[45,65)","[65,75)","[75,+)"
0.816377822470184,0.911150507314747,1.00318674638278,0.914420689107358,0.9705494284409,0.973948188593203,1.43195777887751,0.905559857969333
0.911150507314747,0.923848493076893,0.8988766435056,0.835606501605486,0.934841743941978,0.885949027447879,1.03730977391858,0.924967292464803
1.00318674638278,0.8988766435056,0.946340193907164,0.798171963817986,0.934120758451556,0.901948005402513,0.979641479846484,0.930004072336391
0.914420689107358,0.835606501605486,0.798171963817986,0.549343617478899,0.83152965406468,0.882561617323537,0.955392560489649,1.02560536482337
0.9705494284409,0.934841743941978,0.934120758451556,0.83152965406468,0.882229648792669,0.946090193909236,1.07992996749422,1.12452487339421
0.973948188593203,0.885949027447879,0.901948005402513,0.882561617323537,0.946090193909236,0.981831429291927,1.0595735389312,1.05685675952582
1.43195777887751,1.03730977391858,0.979641479846484,0.955392560489649,1.07992996749422,1.0595735389312,1.12965906140315,1.15478995385477
0.905559857969333,0.924967292464803,0.930004072336391,1.02560536482337,1.12452487339421,1.05685675952582,1.15478995385477,1.06416180421191
