"[0,1)","[1,5)","[5,15)","[15,25)","[25,45)","[45,65)","[65,75)","[75,+)"
0.748874119566724,1.07097913056305,1.02100237299249,1.02102722765868,0.982833489811902,1.03082880300222,0.925469916534855,0.93968596134085
1.07097913056305,0.884122439364877,1.00747043611756,0.945292667491624,0.958946932490073,1.01430712004276,0.934188316440994,0.938746487259652
1.02100237299249,1.00747043611756,0.918434362666926,0.907533066721131,0.983142339254493,0.998394299287761,0.942712222793303,0.930258998012861
1.02102722765868,0.945292667491624,0.907533066721131,0.651739486656456,0.928750581956892,0.947956908273635,0.901470804933909,0.800992914668988
0.982833489811902,0.958946932490074,0.983142339254493,0.928750581956892,0.928663031705472,0.937677528297504,0.875628521332906,0.907065746429218
1.03082880300222,1.01430712004276,0.998394299287761,0.947956908273635,0.937677528297504,0.955217265508044,0.888614715166968,0.839430424593216
0.925469916534854,0.934188316440995,0.942712222793303,0.901470804933909,0.875628521332906,0.888614715166968,0.824786341020236,0.848621432266109
0.93968596134085,0.938746487259652,0.930258998012861,0.800992914668988,0.907065746429218,0.839430424593216,0.848621432266109,1
