"[0,1)","[1,5)","[5,15)","[15,25)","[25,45)","[45,65)","[65,75)","[75,+)"
0.396970411629122,0.566716222218863,0.765609884076892,0.717178906815213,0.649119736197993,0.442376925571288,0.690326839872974,0.34496881539128
0.566716222218863,0.457930810846653,0.619774692539035,0.591557443626799,0.594264920097302,0.44368142586987,0.437276177987287,0.354503857958042
0.765609884076892,0.619774692539035,0.409571584690608,0.530329894636608,0.603140066479569,0.439679458992159,0.454542844970632,0.358388226703584
0.717178906815212,0.591557443626799,0.530329894636607,0.402812022443747,0.520736156311252,0.542346369249188,0.508565455525343,0.517609587198311
0.649119736197994,0.594264920097302,0.603140066479569,0.520736156311252,0.449300084711207,0.412211760291488,0.436078955272611,0.408206142217051
0.442376925571288,0.44368142586987,0.439679458992159,0.542346369249188,0.412211760291488,0.434165433198919,0.392703406118239,0.351996516927155
0.690326839872974,0.437276177987287,0.454542844970632,0.508565455525343,0.436078955272611,0.392703406118239,0.54393226240862,0.543008779794376
0.34496881539128,0.354503857958042,0.358388226703584,0.517609587198311,0.408206142217051,0.351996516927155,0.543008779794376,0.804022619785338
