"[0,1)","[1,5)","[5,15)","[15,25)","[25,45)","[45,65)","[65,75)","[75,+)"
0.137954225745153,0.45008423198384,0.677236167565053,0.662269252455223,0.572224752661278,0.340679886827197,0.388607071123352,0.25375880176627
0.45008423198384,0.310302353801698,0.554925153580462,0.552075575415321,0.537337307064181,0.38584350753588,0.298019893482724,0.25818484573828
0.677236167565053,0.554925153580462,0.270081487231141,0.505141489695715,0.552147539604212,0.388104653599045,0.350088695695357,0.258399498312071
0.662269252455223,0.552075575415321,0.505141489695715,0.48737093186083,0.491816587689677,0.514148589675702,0.421394078620796,0.373433314700713
0.572224752661278,0.537337307064181,0.552147539604212,0.491816587689677,0.422524898678049,0.379121873760533,0.347315137115744,0.29263486909548
0.340679886827197,0.38584350753588,0.388104653599045,0.514148589675702,0.379121873760533,0.40385764228791,0.311852781035306,0.255301053564358
0.388607071123352,0.298019893482724,0.350088695695357,0.421394078620796,0.347315137115744,0.311852781035306,0.404517944162529,0.407729805438235
0.25375880176627,0.25818484573828,0.258399498312071,0.373433314700713,0.29263486909548,0.255301053564358,0.407729805438235,0.738822033451413
