"[0,1)","[1,5)","[5,15)","[15,25)","[25,45)","[45,65)","[65,75)","[75,+)"
1.05006842923593,0.919747977175521,0.902867219298319,0.870390519288318,0.91300481172492,0.922625683612952,0.964830524482893,0.883361503203128
0.919747977175521,1.04145446112069,0.917915331039156,0.907830230069572,0.922786996694372,0.916624592983158,0.923891011270179,0.89778118758988
0.902867219298319,0.917915331039156,1.05799786041975,0.93630216357642,0.928062857974933,0.957789587400041,0.911940099209706,0.89083501418389
0.870390519288318,0.907830230069572,0.93630216357642,0.940114997104982,0.906945881117091,0.931211950654322,0.902997819888001,0.898291062146033
0.91300481172492,0.922786996694372,0.928062857974933,0.906945881117091,0.896285985958422,0.948869800438861,0.948422114610864,0.972187993518939
0.922625683612952,0.916624592983158,0.957789587400041,0.931211950654322,0.948869800438861,0.960575548119145,0.958990949417967,0.928822007465431
0.964830524482892,0.923891011270179,0.911940099209706,0.902997819888001,0.948422114610864,0.958990949417967,0.97678184983037,0.972394402820994
0.883361503203128,0.89778118758988,0.89083501418389,0.898291062146033,0.972187993518938,0.928822007465432,0.972394402820994,0.895945195212297
