"[0,1)","[1,5)","[5,15)","[15,25)","[25,45)","[45,65)","[65,75)","[75,+)"
0.819339243276533,0.98272734549344,0.995804907432821,1.01250381551454,0.998827638076798,1.05649097879775,1.30391635294575,0.870233405126596
0.98272734549344,0.893407358179522,0.945192728050081,0.976175024261463,0.959159417488414,0.966688978379564,0.942861232444836,0.890851164285829
0.995804907432821,0.945192728050081,0.90552831730198,0.979984194879698,0.954246456586949,0.939205922261061,0.924623490805608,0.899289187676548
1.01250381551454,0.976175024261463,0.979984194879698,1.01643445226438,0.974193882681708,0.954442505501268,0.965661659965603,0.892183224429203
0.998827638076798,0.959159417488413,0.95424645658695,0.974193882681708,1.01567309763926,0.99761782698285,0.937255499524126,0.978174048220638
1.05649097879775,0.966688978379564,0.939205922261061,0.954442505501268,0.99761782698285,0.945324483761135,0.956927487514837,0.918734965804652
1.30391635294575,0.942861232444836,0.924623490805608,0.965661659965603,0.937255499524126,0.956927487514837,0.93093716410998,0.970002455277605
0.870233405126596,0.890851164285829,0.899289187676548,0.892183224429203,0.978174048220638,0.918734965804652,0.970002455277605,0.839505894403148
