"[0,1)","[1,5)","[5,15)","[15,25)","[25,45)","[45,65)","[65,75)","[75,+)"
0.772544247853581,0.975121549893136,0.992055668526569,0.983589450069145,0.958538829816343,0.987332867002359,0.99060992129559,0.982051573129609
0.975121549893136,0.864333788511537,0.965955205341648,0.924132619996016,0.94358249805124,0.970714166098021,0.977467913263217,0.982476232271191
0.992055668526569,0.965955205341648,0.890338208877125,0.884628541049266,0.961521610440064,0.955224638602802,0.976843311540835,0.975152940169868
0.983589450069145,0.924132619996016,0.884628541049266,0.676845291874186,0.937660379745011,0.955030828743356,0.978750179654208,0.978067151845601
0.958538829816343,0.94358249805124,0.961521610440064,0.937660379745011,0.942893598767837,0.934290638602811,0.948701793066236,0.968179657686566
0.987332867002359,0.970714166098021,0.955224638602802,0.955030828743356,0.934290638602811,0.964101131553494,0.962865077455595,0.956163603627563
0.99060992129559,0.977467913263217,0.976843311540835,0.978750179654208,0.948701793066236,0.962865077455595,0.979778524936697,0.989287664275084
0.982051573129609,0.982476232271191,0.975152940169868,0.978067151845601,0.968179657686566,0.956163603627563,0.989287664275084,1
