"[0,1)","[1,5)","[5,15)","[15,25)","[25,45)","[45,65)","[65,75)","[75,+)"
0.419046687397315,0.81379263719949,0.89804512069489,0.885874812030763,0.836313036749438,0.81296896389825,0.805561830206262,0.79360797522578
0.81379263719949,0.80070417146875,0.871894763998233,0.845048995414988,0.840133334445713,0.816891956117945,0.796991744039173,0.794570436196315
0.89804512069489,0.871894763998233,0.774519872389029,0.837542662371735,0.845835545651491,0.795080116670335,0.804185785098538,0.788520002132317
0.885874812030762,0.845048995414988,0.837542662371735,0.826750564473077,0.781919171338044,0.804261196887125,0.789170141686248,0.782388741369236
0.836313036749438,0.840133334445713,0.845835545651491,0.781919171338044,0.751961521240048,0.742651463181611,0.768550452575443,0.77262512200277
0.81296896389825,0.816891956117945,0.795080116670335,0.804261196887125,0.742651463181611,0.7643731934469,0.759334145348466,0.749080818397449
0.805561830206262,0.796991744039173,0.804185785098538,0.789170141686248,0.768550452575443,0.759334145348466,0.791247920075692,0.803233487966672
0.79360797522578,0.794570436196315,0.788520002132317,0.782388741369236,0.77262512200277,0.749080818397449,0.803233487966672,0.907736585129971
