"[0,1)","[1,5)","[5,15)","[15,25)","[25,45)","[45,65)","[65,75)","[75,+)"
0.0752349346199103,0.375057547053178,0.605866507631937,0.575260708237789,0.505752176978164,0.296913716330274,0.251253035918169,0.227178195846026
0.375057547053178,0.17885136180497,0.504373739776949,0.433278617549233,0.467046171324341,0.347738229737626,0.240047959059482,0.228337420769323
0.605866507631937,0.504373739776949,0.158714884636416,0.361339755451462,0.486704980182409,0.324456524383326,0.300190427868889,0.228826849118106
0.575260708237789,0.433278617549233,0.361339755451462,0.207929819104608,0.371254774375384,0.413793827264944,0.307779892240265,0.228853585646687
0.505752176978164,0.467046171324341,0.486704980182409,0.371254774375384,0.344759523487986,0.309945963182707,0.27979686300511,0.241741384951125
0.296913716330273,0.347738229737626,0.324456524383326,0.413793827264944,0.309945963182707,0.359753747767531,0.278975091037918,0.235148248883593
0.251253035918169,0.240047959059482,0.300190427868889,0.307779892240265,0.27979686300511,0.278975091037918,0.372775572998148,0.358438902431304
0.227178195846026,0.228337420769323,0.228826849118106,0.228853585646687,0.241741384951125,0.235148248883593,0.358438902431304,0.726421866215136
