"[0,1)","[1,5)","[5,15)","[15,25)","[25,45)","[45,65)","[65,75)","[75,+)"
1.01411409847465,1.25456738193576,1.19475081206689,1.18702481800771,1.12341977509615,1.34449978784155,1.60179365313183,1.26213085612674
1.25456738193576,1.044914997625,1.14021193947662,1.0934731955231,1.09871660166865,1.21242248041385,1.32093225547126,1.27399235471369
1.19475081206689,1.14021193947662,1.06646911853014,1.02295809930607,1.06981238154926,1.11174279131175,1.21605130287559,1.26444508786003
1.18702481800771,1.0934731955231,1.02295809930607,0.751474500044285,1.00501971170934,1.06346211560897,1.21038105527324,1.19084942214439
1.12341977509615,1.09871660166865,1.06981238154926,1.00501971170934,0.985529610772443,1.05952733220751,1.24823806949935,1.40125473500318
1.34449978784155,1.21242248041384,1.11174279131175,1.06346211560897,1.05952733220751,1.08860381822677,1.21782147011192,1.20595697530595
1.60179365313183,1.32093225547126,1.21605130287559,1.21038105527324,1.24823806949935,1.21782147011192,1.15602520607987,1.25111751718582
1.26213085612674,1.27399235471369,1.26444508786003,1.19084942214439,1.40125473500318,1.20595697530595,1.25111751718582,1.02238165776552
