"[0,1)","[1,5)","[5,15)","[15,25)","[25,45)","[45,65)","[65,75)","[75,+)"
0.134123058094033,0.893823575832587,1.04840076385022,1.09092839159489,0.89068532582567,0.959770639026683,1.47992285436028,0.854114634733082
0.893823575832587,0.342587895369559,0.840923910209462,0.934391551867207,0.878905356002248,0.862083852375847,0.98379698544278,0.877187165126416
1.04840076385022,0.840923910209462,0.336605044787344,0.790149406648204,0.837070882951208,0.745797104256354,0.902148660429896,0.892996251679982
1.09092839159489,0.934391551867207,0.790149406648204,0.685416223172989,0.929422839455176,0.946827269819181,1.138049937674,1.12424707102273
0.89068532582567,0.878905356002248,0.837070882951209,0.929422839455176,0.891842092177492,0.920762139516686,1.13271007866843,1.22211338668444
0.959770639026683,0.862083852375847,0.745797104256354,0.946827269819181,0.920762139516686,0.912246035590376,1.0328259438439,1.0014283297077
1.47992285436028,0.98379698544278,0.902148660429896,1.138049937674,1.13271007866843,1.0328259438439,1.0293510690759,1.10068174705017
0.854114634733082,0.877187165126416,0.892996251679982,1.12424707102273,1.22211338668444,1.0014283297077,1.10068174705017,0.969806014186359
