"[0,1)","[1,5)","[5,15)","[15,25)","[25,45)","[45,65)","[65,75)","[75,+)"
0.137776084470513,0.509484734577782,0.6748486718081,0.723307467085772,0.640995817505468,0.391085158242161,0.427414259411175,0.298037719382194
0.509484734577782,0.341856993604808,0.626909387602684,0.619866661738119,0.617819519805291,0.449150077713668,0.316981620833358,0.303126635368768
0.6748486718081,0.626909387602684,0.319214375330136,0.57428096483533,0.684833224533499,0.463972897495174,0.448700717893699,0.304128374400587
0.723307467085772,0.619866661738119,0.57428096483533,0.545798245944623,0.615438524532284,0.603398507986982,0.512511390959322,0.404582342588616
0.640995817505468,0.617819519805291,0.684833224533499,0.615438524532284,0.538877495537004,0.45273300763997,0.42416752580118,0.344969443042085
0.391085158242161,0.449150077713668,0.463972897495174,0.603398507986982,0.45273300763997,0.553204805605092,0.397720859035059,0.324117954958157
0.427414259411175,0.316981620833358,0.448700717893699,0.512511390959322,0.42416752580118,0.397720859035059,0.470594846098296,0.422292431616177
0.298037719382194,0.303126635368768,0.304128374400587,0.404582342588616,0.344969443042085,0.324117954958157,0.422292431616177,1
