"[0,1)","[1,5)","[5,15)","[15,25)","[25,45)","[45,65)","[65,75)","[75,+)"
0.251506083915657,1.23571434437717,1.26474559121924,1.22384888362162,1.02782421580158,1.29582887416581,1.55404054111587,1.15594093174367
1.23571434437717,0.477937492390881,1.08211550042215,1.08502174369837,1.03048184287753,1.1500617969768,1.2196797252624,1.16693212480158
1.26474559121924,1.08211550042215,0.482035926651554,0.929124003064147,0.967593564922304,0.953236437953696,1.09322834536279,1.16661863402712
1.22384888362162,1.08502174369837,0.929124003064147,0.755783831148134,1.0178199940524,1.03099758951709,1.19356845864623,1.10016782431404
1.02782421580158,1.03048184287753,0.967593564922304,1.0178199940524,0.981520397031245,1.01938321098535,1.26928406458554,1.33232268317825
1.29582887416581,1.1500617969768,0.953236437953697,1.03099758951709,1.01938321098535,1.01060088047325,1.16812539328499,1.11519790279787
1.55404054111587,1.2196797252624,1.09322834536279,1.19356845864623,1.26928406458554,1.16812539328499,0.996343859682641,1.07749051422901
1.15594093174367,1.16693212480158,1.16661863402712,1.10016782431404,1.33232268317825,1.11519790279787,1.07749051422901,0.938793888910828
