"[0,1)","[1,5)","[5,15)","[15,25)","[25,45)","[45,65)","[65,75)","[75,+)"
0.362569976282851,0.86169650125974,0.982404553223697,0.982881523330626,0.944412774508456,0.960280013709473,1.22842702410533,0.826354018943946
0.86169650125974,0.517431486455187,0.870119355769972,0.885818048228624,0.936654339105135,0.900792209272238,0.912612347582704,0.840394969040989
0.982404553223697,0.870119355769972,0.509330671268497,0.770312976483983,0.900466659132168,0.814957163476473,0.880322232860744,0.859185614921601
0.982881523330626,0.885818048228623,0.770312976483983,0.608216238598192,0.916797544652508,0.911261107062521,0.957115179858988,0.91518223887498
0.944412774508455,0.936654339105136,0.900466659132168,0.916797544652508,0.936222582845529,0.965017994949548,1.12228205184494,1.23188669864762
0.960280013709473,0.900792209272238,0.814957163476473,0.911261107062521,0.965017994949548,0.940857851320329,0.978230892080408,0.958997949158545
1.22842702410533,0.912612347582704,0.880322232860744,0.957115179858988,1.12228205184494,0.978230892080408,0.946790752931828,1.0113188904178
0.826354018943946,0.840394969040989,0.859185614921601,0.91518223887498,1.23188669864762,0.958997949158545,1.0113188904178,0.94058285355724
