"[0,1)","[1,5)","[5,15)","[15,25)","[25,45)","[45,65)","[65,75)","[75,+)"
0.718363437965023,0.848799645500728,0.924925406629037,0.950014200118697,0.943983535360389,0.88605274959647,1.30047469638559,0.796468168414291
0.848799645500728,0.861433862717466,0.884794131712272,0.911142384362135,0.901704095563881,0.84048093751028,0.927509526561244,0.814068779290886
0.924925406629037,0.884794131712272,0.870209846592206,0.922535314619666,0.896514283408266,0.841630409667265,0.897764399615045,0.826275737266589
0.950014200118697,0.911142384362135,0.922535314619666,0.975058941482983,0.879343276637792,0.905742330251302,0.993374616339743,0.91254562097842
0.943983535360388,0.901704095563881,0.896514283408266,0.879343276637791,0.799705253170284,0.839213331420281,1.05998288345803,1.18731721024593
0.88605274959647,0.84048093751028,0.841630409667265,0.905742330251302,0.839213331420281,0.850027778777081,0.953698728981104,0.897985931077865
1.30047469638559,0.927509526561244,0.897764399615045,0.993374616339743,1.05998288345803,0.953698728981104,0.944231234749297,1.05979854138165
0.796468168414291,0.814068779290887,0.826275737266589,0.91254562097842,1.18731721024593,0.897985931077865,1.05979854138165,0.923139976798645
