"[0,1)","[1,5)","[5,15)","[15,25)","[25,45)","[45,65)","[65,75)","[75,+)"
0.0811906954111897,0.457878785840619,0.686613908497386,0.669934088823587,0.582264834548264,0.361117844601436,0.389575148726228,0.269267755768333
0.457878785840619,0.298211805018398,0.565833751445509,0.563329015660281,0.554516465804457,0.409698141649991,0.307003744464149,0.272589340997665
0.686613908497386,0.56583375144551,0.261352837302837,0.521066856359396,0.569093455421868,0.408701560322432,0.363821344019164,0.27478000023421
0.669934088823587,0.563329015660281,0.521066856359396,0.522821510055929,0.512357125291187,0.525131462388229,0.421640469238581,0.369370927549828
0.582264834548264,0.554516465804457,0.569093455421868,0.512357125291187,0.464643449607253,0.408303139807621,0.359764987972553,0.300699984155669
0.361117844601436,0.409698141649991,0.408701560322432,0.525131462388229,0.408303139807621,0.420789029691442,0.319797163251619,0.264501340141112
0.389575148726228,0.307003744464149,0.363821344019164,0.421640469238581,0.359764987972553,0.319797163251619,0.407991295523826,0.406879303315925
0.269267755768333,0.272589340997665,0.27478000023421,0.369370927549828,0.300699984155669,0.264501340141112,0.406879303315925,0.740354522356831
