"[0,1)","[1,5)","[5,15)","[15,25)","[25,45)","[45,65)","[65,75)","[75,+)"
0.700513846312147,0.872145742693209,1.02956615295926,1.05114326923968,1.03998821041509,0.952389426078787,1.58448116908212,0.829988624410433
0.872145742693209,0.905570039930992,0.876034488748099,0.998506080473087,0.980216362689495,0.815713814256449,0.944668587470911,0.851709436072816
1.02956615295926,0.876034488748099,0.920334553080519,0.949847062570628,0.999280056940427,0.830541910505477,0.890797714626359,0.844530900757109
1.05114326923968,0.998506080473087,0.949847062570628,0.868018683382205,1.16489708915575,1.05552528742563,1.24216200877407,1.41218155971048
1.03998821041508,0.980216362689495,0.999280056940427,1.16489708915575,1.11082961056115,1.03073152367336,1.22961819191329,1.38584315923486
0.952389426078787,0.815713814256449,0.830541910505477,1.05552528742563,1.03073152367336,0.927296162359753,1.00265626192921,0.962142929349551
1.58448116908212,0.944668587470911,0.890797714626359,1.24216200877407,1.22961819191329,1.00265626192921,1.09848269864867,1.12527157439699
0.829988624410433,0.851709436072816,0.84453090075711,1.41218155971048,1.38584315923486,0.962142929349551,1.12527157439699,1
