"[0,1)","[1,5)","[5,15)","[15,25)","[25,45)","[45,65)","[65,75)","[75,+)"
0.363782703519295,0.869889582198238,0.989965616991521,0.990508134138067,0.953584790966812,0.972652091176443,1.24037697783606,0.83390612047254
0.869889582198238,0.524646393100141,0.881715020802078,0.894635432240344,0.946699373719633,0.91064835836555,0.923307518060504,0.845128436597743
0.989965616991521,0.881715020802078,0.516069295674036,0.779257451547704,0.90896791106561,0.828750234350756,0.88961240990682,0.864589219007052
0.990508134138066,0.894635432240343,0.779257451547704,0.61793428875642,0.923332582225462,0.919678620842438,0.969026368766247,0.924524203382479
0.953584790966812,0.946699373719633,0.90896791106561,0.923332582225462,0.944713897137008,0.976206648282111,1.13844463458086,1.25312929245095
0.972652091176443,0.91064835836555,0.828750234350756,0.919678620842438,0.976206648282111,0.952102978971942,0.993233929943659,0.973753244371492
1.24037697783606,0.923307518060504,0.88961240990682,0.969026368766247,1.13844463458086,0.993233929943659,0.960281842409015,1.02350845073516
0.83390612047254,0.845128436597743,0.864589219007052,0.924524203382479,1.25312929245095,0.973753244371492,1.02350845073516,0.94514485586684
