"[0,1)","[1,5)","[5,15)","[15,25)","[25,45)","[45,65)","[65,75)","[75,+)"
0.659932291327869,0.61059306666925,0.718043850610634,0.698053808382162,0.707806395772515,0.494769515664508,0.401318531995298,0.493401024562254
0.61059306666925,0.72349792768506,0.718602878253194,0.659891986845644,0.682617985970086,0.568541981866334,0.481735032720448,0.488967170793628
0.718043850610634,0.718602878253194,0.714153685347432,0.68324393412567,0.713886260133778,0.618726772351595,0.545400429022639,0.481021419747119
0.698053808382162,0.659891986845644,0.68324393412567,0.67904028866534,0.615709137691117,0.62606607878985,0.518153403825549,0.486077096420639
0.707806395772515,0.682617985970086,0.713886260133778,0.615709137691117,0.588463910802544,0.545708725746537,0.495229916253729,0.427861894965278
0.494769515664508,0.568541981866334,0.618726772351595,0.62606607878985,0.545708725746537,0.560180279945561,0.46485078903081,0.426655426699756
0.401318531995298,0.481735032720448,0.545400429022639,0.518153403825549,0.495229916253729,0.46485078903081,0.514868435359264,0.500479190577408
0.493401024562254,0.488967170793628,0.481021419747119,0.486077096420639,0.427861894965278,0.426655426699756,0.500479190577408,0.798842494515641
