"[0,1)","[1,5)","[5,15)","[15,25)","[25,45)","[45,65)","[65,75)","[75,+)"
0.892101211244216,0.955337832351001,0.974382481282546,0.969279863584459,0.953916062546731,0.955451333878227,0.953058872107856,0.947190733556978
0.955337832351002,0.884046149601724,0.961245564025669,0.912094397443722,0.937593132279054,0.94802660465571,0.943698262785491,0.947488801278873
0.974382481282546,0.961245564025669,0.903881207964726,0.875181364765569,0.954485381758366,0.9403514854384,0.954283697698018,0.943637458639105
0.969279863584459,0.912094397443722,0.875181364765569,0.665574369858754,0.92460976624139,0.939851676782609,0.952848345747033,0.944396618974719
0.953916062546731,0.937593132279054,0.954485381758366,0.92460976624139,0.930533567508689,0.918282131450967,0.925923157665906,0.936270963913318
0.955451333878227,0.94802660465571,0.9403514854384,0.939851676782609,0.918282131450967,0.950371227596212,0.943473780432443,0.928733654908762
0.953058872107856,0.943698262785491,0.954283697698018,0.952848345747033,0.925923157665906,0.943473780432443,0.961201435803126,0.965738003401484
0.947190733556978,0.947488801278873,0.943637458639106,0.944396618974719,0.936270963913318,0.928733654908762,0.965738003401484,1
