"[0,1)","[1,5)","[5,15)","[15,25)","[25,45)","[45,65)","[65,75)","[75,+)"
0.657081144273569,0.943065163156403,0.982495417775278,0.972250524365951,0.93118288358212,0.964902476481465,0.962400363094719,0.957143767137982
0.943065163156403,0.892508256997824,0.964414682680517,0.912078079099865,0.938858354064226,0.953544605268102,0.95395584003627,0.957407090681567
0.982495417775278,0.964414682680517,0.908343537218073,0.857919812745543,0.936402338459894,0.920084592077914,0.950145911280519,0.956435698443077
0.972250524365951,0.912078079099865,0.857919812745543,0.655013489114518,0.877092431356701,0.902009587507275,0.931806590406973,0.952784022394797
0.931182883582121,0.938858354064226,0.936402338459894,0.877092431356702,0.882133655759388,0.888834932029914,0.928373265682351,0.954883639590688
0.964902476481465,0.953544605268101,0.920084592077914,0.902009587507275,0.888834932029914,0.91415503026149,0.941400670498273,0.951252021923712
0.962400363094719,0.95395584003627,0.950145911280519,0.931806590406973,0.928373265682351,0.941400670498273,0.968822019577083,0.967915349075564
0.957143767137982,0.957407090681567,0.956435698443077,0.952784022394797,0.954883639590688,0.951252021923712,0.967915349075564,0.988273422477235
