"[0,1)","[1,5)","[5,15)","[15,25)","[25,45)","[45,65)","[65,75)","[75,+)"
0.739645115895586,1.03581744180384,1.04766973751673,1.03167603875701,1.00134573313663,1.06960031035947,1.07289425683318,1.06872872365958
1.03581744180384,0.931800124605707,1.0268632743478,0.978683591613723,0.995978068658326,1.04473614607547,1.06341312416852,1.06889079913737
1.04766973751673,1.0268632743478,0.961848964960733,0.944496817711614,1.00695677759065,1.02823652941994,1.0571795854234,1.06839306986595
1.03167603875701,0.978683591613723,0.944496817711613,0.731157815817738,0.99128531291471,1.01174255070926,1.05041671939142,1.06486718366128
1.00134573313663,0.995978068658327,1.00695677759065,0.99128531291471,1.00542240653436,1.00014678972213,1.01930890758186,1.05012549072803
1.06960031035947,1.04473614607547,1.02823652941994,1.01174255070926,1.00014678972213,1.02172508651314,1.04826233788334,1.03645869495015
1.07289425683318,1.06341312416852,1.0571795854234,1.05041671939142,1.01930890758186,1.04826233788334,1.05986386696357,1.0700873182859
1.06872872365958,1.06889079913737,1.06839306986595,1.06486718366128,1.05012549072803,1.03645869495015,1.0700873182859,1
