"[0,1)","[1,5)","[5,15)","[15,25)","[25,45)","[45,65)","[65,75)","[75,+)"
0.76308650996242,1.52099985424484,1.35331698769307,1.14200140130764,1.18354311448241,1.37125011007532,1.23295524656609,1.46471681118061
1.52099985424484,0.889076256933027,1.23837708694351,1.07997314934345,1.15319626551115,1.29375912778066,1.42653217259893,1.45560066747344
1.35331698769307,1.23837708694351,0.946879224290288,1.02530881176653,1.16248905399297,1.22102986400321,1.31553503077223,1.42613660549954
1.14200140130764,1.07997314934345,1.02530881176653,0.66835586925596,1.05813045591949,0.985114109858233,1.02670827840204,0.963253995695774
1.18354311448241,1.15319626551115,1.16248905399297,1.0581304559195,1.17487186306714,1.12353431599019,1.35144365972124,1.37534385446509
1.37125011007532,1.29375912778066,1.22102986400321,0.985114109858233,1.12353431599019,1.02432698760555,1.08702304859626,1.11119743452919
1.23295524656609,1.42653217259893,1.31553503077223,1.02670827840204,1.35144365972124,1.08702304859626,0.989891855385681,1.00373223178454
1.46471681118061,1.45560066747344,1.42613660549954,0.963253995695774,1.37534385446509,1.11119743452919,1.00373223178454,1
