"[0,1)","[1,5)","[5,15)","[15,25)","[25,45)","[45,65)","[65,75)","[75,+)"
0.576129781025106,1.26905616916061,1.21580359873848,1.1081441690106,1.08547093163789,1.26471581692049,1.19040928229171,1.17391338445186
1.26905616916061,0.735294179363854,1.10878273431448,1.01623979546326,1.04443757885454,1.17313447141671,1.16601135472008,1.17438827885965
1.21580359873848,1.10878273431448,0.774387558400942,0.957280183460715,1.06866048853449,1.10423365742933,1.12687221687944,1.16510972929839
1.1081441690106,1.01623979546326,0.957280183460715,0.6722506839773,1.01540353100361,1.00345481790842,0.998446824866163,0.90717475393566
1.08547093163789,1.04443757885454,1.06866048853449,1.01540353100361,1.08564357988443,1.07609999918977,1.1448256598097,1.18364328499236
1.26471581692049,1.17313447141671,1.10423365742933,1.00345481790842,1.07609999918977,1.03561665134802,1.03651971541273,1.0192539535584
1.19040928229171,1.16601135472008,1.12687221687944,0.998446824866163,1.1448256598097,1.03651971541273,0.934524213082717,0.952184765580894
1.17391338445186,1.17438827885965,1.16510972929839,0.90717475393566,1.18364328499236,1.0192539535584,0.952184765580894,1
