"[0,1)","[1,5)","[5,15)","[15,25)","[25,45)","[45,65)","[65,75)","[75,+)"
0.697768686839782,0.932221939698698,0.98795212727944,0.991686959828498,0.992433138661648,0.93394317140945,1.20515649071345,0.89416048941614
0.932221939698698,0.825069691484003,0.932424037319975,0.916612668721995,0.936579817280349,0.868655592857829,0.961749745825119,0.90562640575775
0.98795212727944,0.932424037319975,0.834928739992951,0.904544174088288,0.930230412632822,0.837997805656517,0.928466858629796,0.911634050912471
0.991686959828498,0.916612668721995,0.904544174088288,0.877154692332417,0.859506905184893,0.854176324548616,0.934668883839244,0.86923419547588
0.992433138661648,0.936579817280349,0.930230412632822,0.859506905184893,0.837364569507699,0.821195470377225,1.00085741859334,1.12876012311065
0.93394317140945,0.868655592857829,0.837997805656517,0.854176324548617,0.821195470377225,0.804501457175718,0.893931138062347,0.857105002005006
1.20515649071345,0.961749745825119,0.928466858629796,0.934668883839244,1.00085741859334,0.893931138062347,0.936682516630421,1.00292410700397
0.89416048941614,0.90562640575775,0.911634050912471,0.86923419547588,1.12876012311065,0.857105002005006,1.00292410700397,0.940929709761873
