"[0,1)","[1,5)","[5,15)","[15,25)","[25,45)","[45,65)","[65,75)","[75,+)"
0.861459764114799,0.674747891975394,0.782363328526664,0.774565843101113,0.802473141057548,0.583384572369286,0.742590123620414,0.455945106240462
0.674747891975394,0.760935193410267,0.750906654991603,0.71275666876917,0.736623461485088,0.604966878722137,0.55352331628371,0.466183001776975
0.782363328526664,0.750906654991603,0.755645572336689,0.733604799485468,0.753694434023729,0.644868423153976,0.601552709275177,0.480439548595338
0.774565843101113,0.71275666876917,0.733604799485468,0.724775983278709,0.652588140495323,0.676376199847956,0.640410958297029,0.506968273021788
0.802473141057548,0.736623461485088,0.753694434023729,0.652588140495323,0.595276182829919,0.58643993230149,0.6424801626155,0.663343929271738
0.583384572369286,0.604966878722137,0.644868423153976,0.676376199847956,0.58643993230149,0.616868040667247,0.603157525101207,0.546442509693456
0.742590123620414,0.55352331628371,0.601552709275177,0.640410958297029,0.6424801626155,0.603157525101207,0.637535932895137,0.673670192837233
0.455945106240462,0.466183001776975,0.480439548595338,0.506968273021788,0.663343929271738,0.546442509693456,0.673670192837233,0.816683315005804
