"[0,1)","[1,5)","[5,15)","[15,25)","[25,45)","[45,65)","[65,75)","[75,+)"
0.779206413825791,0.601510929248851,0.67066956372932,0.707160533051123,0.73836320672398,0.402829371134349,0.404268788012667,0.581962926559818
0.601510929248851,0.835095701291723,0.744894306391068,0.679262963761938,0.726819155036215,0.504379755819698,0.55881852569839,0.57583312181061
0.67066956372932,0.744894306391068,0.817457768065383,0.711494572119181,0.771507467903855,0.562277794491828,0.631579528348443,0.562930229255331
0.707160533051123,0.679262963761938,0.711494572119181,0.746620884182229,0.645137583906231,0.588948042021919,0.596424511764422,0.54857588150007
0.73836320672398,0.726819155036215,0.771507467903855,0.645137583906231,0.591264552846633,0.47133777137358,0.597507305814782,0.600570346572569
0.402829371134349,0.504379755819698,0.562277794491828,0.588948042021919,0.47133777137358,0.547965343050679,0.482010604299462,0.458501764749417
0.404268788012667,0.55881852569839,0.631579528348443,0.596424511764422,0.597507305814782,0.482010604299462,0.652675625983378,0.605161286434781
0.581962926559818,0.57583312181061,0.562930229255331,0.54857588150007,0.60057034657257,0.458501764749417,0.605161286434781,1
