"[0,1)","[1,5)","[5,15)","[15,25)","[25,45)","[45,65)","[65,75)","[75,+)"
0.811384966454665,0.839656218451396,0.891574727646179,0.882377530682177,0.880604503744261,0.803846666665237,0.789158854887679,0.781965401052716
0.839656218451396,0.865648755502519,0.884833112468774,0.860822353590758,0.869328169714036,0.825692346871904,0.792628879408064,0.782311772241272
0.891574727646179,0.884833112468774,0.862854052377074,0.869519864872146,0.879177962459745,0.837402518484482,0.817740210961604,0.783675078333452
0.882377530682177,0.860822353590758,0.869519864872146,0.871103713381856,0.833968104416955,0.842542860381559,0.81510971886749,0.783076713418902
0.880604503744261,0.869328169714036,0.879177962459745,0.833968104416956,0.816244376583545,0.803461022315908,0.79963997042658,0.7917552407007
0.803846666665237,0.825692346871904,0.837402518484482,0.842542860381559,0.803461022315908,0.821361290979394,0.803336884861147,0.793165801557359
0.789158854887679,0.792628879408063,0.817740210961604,0.81510971886749,0.79963997042658,0.803336884861147,0.832007501719068,0.825091526459697
0.781965401052716,0.782311772241272,0.783675078333452,0.783076713418903,0.7917552407007,0.793165801557359,0.825091526459697,0.928451689598164
