"[0,1)","[1,5)","[5,15)","[15,25)","[25,45)","[45,65)","[65,75)","[75,+)"
0.715556358908817,0.617450109337631,0.721321863108996,0.700999492619608,0.715523881370701,0.499957898702897,0.407158288337615,0.501157039716702
0.617450109337631,0.707674151078399,0.717767005763041,0.659359305579249,0.681654783279714,0.57289581461542,0.487110084528117,0.496795830833749
0.721321863108996,0.717767005763041,0.703115123901554,0.682269609325841,0.712819268618652,0.617987330009628,0.54971491560907,0.488146665730492
0.700999492619608,0.659359305579249,0.682269609325841,0.679000960601075,0.61293697488138,0.624619981949818,0.52095733593138,0.492855241800591
0.715523881370701,0.681654783279714,0.712819268618652,0.61293697488138,0.583361257170738,0.541310183838128,0.496697905316474,0.432159916968674
0.499957898702897,0.57289581461542,0.617987330009628,0.624619981949818,0.541310183838128,0.557869058699597,0.466684649623051,0.430375736902295
0.407158288337615,0.487110084528116,0.54971491560907,0.52095733593138,0.496697905316474,0.466684649623051,0.518405022096911,0.503412191390162
0.501157039716702,0.496795830833748,0.488146665730492,0.492855241800591,0.432159916968674,0.430375736902295,0.503412191390161,0.800761880677522
