"[0,1)","[1,5)","[5,15)","[15,25)","[25,45)","[45,65)","[65,75)","[75,+)"
0.783870712392078,0.779613781180551,0.838440244080913,0.852706385869771,0.838293588698317,0.733614506809588,0.718715970379085,0.700951894003376
0.779613781180551,0.80436606276698,0.854006115456249,0.785382072377644,0.829220344938472,0.762225108293984,0.704681265190418,0.701819626388847
0.838440244080913,0.854006115456249,0.802352544369045,0.750633597402705,0.858004699280335,0.777948208864303,0.763827600119221,0.702419730130987
0.852706385869771,0.785382072377645,0.750633597402705,0.536743863142541,0.792000566576813,0.803228126461052,0.765234113849433,0.703212132218632
0.838293588698317,0.829220344938472,0.858004699280335,0.792000566576813,0.786440175618357,0.752752111054121,0.740161833353988,0.707924444892567
0.733614506809588,0.762225108293984,0.777948208864303,0.803228126461052,0.752752111054121,0.815575663386678,0.756614575044637,0.713806652346475
0.718715970379085,0.704681265190418,0.763827600119221,0.765234113849433,0.740161833353988,0.756614575044637,0.789178058181138,0.776958727680572
0.700951894003376,0.701819626388847,0.702419730130987,0.703212132218632,0.707924444892567,0.713806652346475,0.776958727680572,1
