"[0,1)","[1,5)","[5,15)","[15,25)","[25,45)","[45,65)","[65,75)","[75,+)"
0.866193568105346,0.986740632383343,1.00302198353382,0.994671158825678,0.973742896580027,0.994218097093078,1.00120655457495,0.99145192366604
0.986740632383343,0.910111152507452,0.986967127376606,0.967663031891558,0.956311140985169,0.981830221591894,0.989161122112885,0.991831463667136
1.00302198353382,0.986967127376606,0.901279058215597,0.962266715552746,0.968971807691861,0.961873743909365,0.989217082731375,0.99008358688592
0.994671158825678,0.967663031891558,0.962266715552746,0.935195417929219,0.940877540502285,0.953961734269032,0.968557123440899,0.979931322422109
0.973742896580027,0.956311140985169,0.968971807691861,0.940877540502285,0.926871362666005,0.923168221997552,0.946548474389976,0.977388456763765
0.994218097093078,0.981830221591894,0.961873743909365,0.953961734269032,0.923168221997552,0.944852343484077,0.931585129500626,0.958836680004307
1.00120655457495,0.989161122112885,0.989217082731375,0.968557123440899,0.946548474389977,0.931585129500626,0.942996285538487,0.926749490153576
0.99145192366604,0.991831463667136,0.99008358688592,0.979931322422109,0.977388456763765,0.958836680004307,0.926749490153576,1
