"[0,1)","[1,5)","[5,15)","[15,25)","[25,45)","[45,65)","[65,75)","[75,+)"
0.160129171612662,0.549808210659797,0.723386508600374,0.701100569310468,0.625838167457838,0.503868709149498,0.409525394112716,0.504480559531218
0.549808210659797,0.357415271085098,0.637353450856377,0.621742233747293,0.61388029287303,0.544384862890085,0.470607531002959,0.500008857741782
0.723386508600374,0.637353450856377,0.318310690631246,0.589072107820916,0.623948283412306,0.513726941169544,0.501572172773502,0.486469331280966
0.701100569310468,0.621742233747293,0.589072107820916,0.621311278464304,0.578423603144502,0.600121991967971,0.507039167784368,0.496374072164287
0.625838167457838,0.61388029287303,0.623948283412306,0.578423603144502,0.543425508861584,0.514424686130848,0.479271815467455,0.430749205445214
0.503868709149498,0.544384862890085,0.513726941169544,0.600121991967971,0.514424686130848,0.538860644648734,0.457058661209651,0.429808696748742
0.409525394112716,0.470607531002959,0.501572172773502,0.507039167784368,0.479271815467455,0.457058661209651,0.518348463469747,0.506780335550249
0.504480559531218,0.500008857741782,0.486469331280966,0.496374072164287,0.430749205445214,0.429808696748742,0.506780335550249,0.802084470411292
