"[0,1)","[1,5)","[5,15)","[15,25)","[25,45)","[45,65)","[65,75)","[75,+)"
0.137881004693063,0.466789440024167,0.662252705714482,0.634302663621011,0.56866549207175,0.393630660813604,0.306572801862177,0.372522106021687
0.466789440024167,0.306734842478927,0.578250074631821,0.534176710731882,0.546363344300901,0.44898061848394,0.353949142827062,0.369600830198828
0.662252705714482,0.578250074631821,0.272406263554676,0.490301133417924,0.561569897582217,0.429202655164383,0.403040404722126,0.361271093015847
0.634302663621011,0.534176710731882,0.490301133417924,0.443362632312632,0.483387478292045,0.512176967992091,0.40665565816627,0.368191979480925
0.56866549207175,0.546363344300901,0.561569897582217,0.483387478292045,0.45216501999898,0.417481023643963,0.376202192321419,0.325165494258957
0.393630660813604,0.448980618483941,0.429202655164383,0.512176967992091,0.417481023643963,0.452196492014052,0.362979598362224,0.328262506885559
0.306572801862177,0.353949142827062,0.403040404722126,0.40665565816627,0.376202192321419,0.362979598362224,0.440846784839305,0.425815874151315
0.372522106021687,0.369600830198827,0.361271093015847,0.368191979480925,0.325165494258957,0.328262506885559,0.425815874151315,0.766069638813269
