"[0,1)","[1,5)","[5,15)","[15,25)","[25,45)","[45,65)","[65,75)","[75,+)"
0.964977139811648,0.867788128150646,0.942211978033449,0.962457058781552,0.932461883156349,0.798289230614899,1.05512841704948,0.643659703150834
0.867788128150646,0.961031532019686,0.920394677995272,0.905825352683554,0.898467019140083,0.791597888823661,0.716795495771984,0.659844474483137
0.942211978033449,0.920394677995272,0.952511862326275,0.8705726654677,0.917382363486979,0.811401039905392,0.764643772277929,0.67541569494284
0.962457058781552,0.905825352683554,0.8705726654677,0.665730819588479,0.909677148893066,0.8919098670325,0.892960150654906,0.88500366622372
0.932461883156349,0.898467019140083,0.917382363486979,0.909677148893066,0.854403281764423,0.791902094990925,0.764241049177255,0.731308483510395
0.798289230614899,0.791597888823661,0.811401039905392,0.8919098670325,0.791902094990925,0.815843759905962,0.761013204168942,0.677772728288717
1.05512841704948,0.716795495771984,0.764643772277929,0.892960150654906,0.764241049177255,0.761013204168942,0.776580958529239,0.777754992687333
0.643659703150834,0.659844474483137,0.67541569494284,0.88500366622372,0.731308483510395,0.677772728288717,0.777754992687333,1
