"[0,1)","[1,5)","[5,15)","[15,25)","[25,45)","[45,65)","[65,75)","[75,+)"
0.931531930371213,0.879686867098403,0.980318243177348,1.03540896622369,0.980357804401153,0.869928423250327,1.45659274701837,0.881168611199144
0.879686867098403,0.921696669077058,0.847577188346946,0.958748837201068,0.924235393812261,0.775925243080545,1.02199697360987,0.901263224545367
0.980318243177348,0.847577188346946,0.920486323820456,0.906272389372186,0.918854474649839,0.801447423185738,0.953191060818051,0.90471870401106
1.03540896622369,0.958748837201068,0.906272389372186,0.841666274968592,0.985986585893762,0.982022079951485,1.19543928258814,1.48404808391507
0.980357804401152,0.924235393812261,0.918854474649839,0.985986585893762,0.848847054430783,0.863912535773345,1.09432396865929,1.16251952868081
0.869928423250327,0.775925243080545,0.801447423185738,0.982022079951485,0.863912535773345,0.859993456415089,1.00030577290431,1.00539805250235
1.45659274701837,1.02199697360987,0.95319106081805,1.19543928258814,1.09432396865929,1.00030577290431,1.19483163658536,1.19363196246201
0.881168611199144,0.901263224545367,0.90471870401106,1.48404808391507,1.16251952868081,1.00539805250235,1.19363196246201,1.10260506888898
