"[0,1)","[1,5)","[5,15)","[15,25)","[25,45)","[45,65)","[65,75)","[75,+)"
1.01346898925964,1.03897510279689,1.01120520897277,1.02353501092786,0.985729754824326,1.04677138927349,1.03967278910411,0.920918167552765
1.03897510279689,0.990419350505301,1.00396468930313,0.954344385804582,0.956063497521871,1.01679505405941,0.94543815665815,0.92529645714558
1.01120520897277,1.00396468930313,0.994756880287143,0.896345816975946,0.951281899560343,0.98674097796114,0.925662664951308,0.921418174920142
1.02353501092786,0.954344385804582,0.896345816975946,0.666078195603774,0.865551266122215,0.948023313032929,0.933980230867993,0.938445574662519
0.985729754824326,0.95606349752187,0.951281899560343,0.865551266122215,0.842830511012974,0.919844893124699,0.907242090016149,0.987580397050241
1.04677138927349,1.01679505405941,0.98674097796114,0.948023313032929,0.919844893124699,0.977881312115332,0.940192336376018,0.920181504959326
1.03967278910411,0.94543815665815,0.925662664951308,0.933980230867993,0.907242090016149,0.940192336376018,0.887720241765223,0.927504005991129
0.920918167552765,0.92529645714558,0.921418174920142,0.938445574662519,0.987580397050241,0.920181504959326,0.927504005991129,0.915905746470373
