"[0,1)","[1,5)","[5,15)","[15,25)","[25,45)","[45,65)","[65,75)","[75,+)"
0.784265796580514,0.79596635634101,0.869016752448105,0.853849744442588,0.850415290317356,0.738821437770808,0.826220829325473,0.665642052078656
0.79596635634101,0.791310176174476,0.825586282378853,0.80110512564857,0.808671953141707,0.742220386712595,0.716766282023344,0.675317151792567
0.869016752448105,0.825586282378853,0.760547779611819,0.785144939080117,0.818164940694558,0.752256816786393,0.723898343180202,0.675178863037814
0.853849744442588,0.80110512564857,0.785144939080117,0.739242273177572,0.729005849504831,0.766496506501694,0.742446361214501,0.726192990278722
0.850415290317355,0.808671953141708,0.818164940694558,0.729005849504831,0.711689844782776,0.718511799861141,0.706177154006034,0.735592039265286
0.738821437770808,0.742220386712595,0.752256816786393,0.766496506501694,0.718511799861141,0.750945693192391,0.724575624045005,0.69599566463338
0.826220829325473,0.716766282023344,0.723898343180202,0.742446361214501,0.706177154006034,0.724575624045005,0.777132292934908,0.794057835770823
0.665642052078656,0.675317151792567,0.675178863037814,0.726192990278722,0.735592039265286,0.69599566463338,0.794057835770823,0.886620612940432
