"[0,1)","[1,5)","[5,15)","[15,25)","[25,45)","[45,65)","[65,75)","[75,+)"
0.0558469442688326,0.385762534222581,0.565544759234211,0.623148380240789,0.548417705332911,0.291678032802079,0.236992803379243,0.213874811718693
0.385762534222581,0.199894900898083,0.557716119720815,0.462967513987846,0.513543966227237,0.355169906565019,0.212205965483614,0.215912126627936
0.565544759234211,0.557716119720815,0.202109731300349,0.402941295949981,0.602763026994591,0.378589514495323,0.358839425165475,0.215673876160587
0.623148380240789,0.462967513987845,0.402941295949981,0.207497571996071,0.448530156744048,0.4762754912318,0.35103486309996,0.211564667488926
0.54841770533291,0.513543966227237,0.602763026994591,0.448530156744048,0.405938794424072,0.315429872760393,0.26724611194582,0.224227685570262
0.291678032802079,0.355169906565019,0.378589514495323,0.4762754912318,0.315429872760393,0.488419010740055,0.329773120003012,0.232269632417273
0.236992803379243,0.212205965483614,0.358839425165475,0.35103486309996,0.26724611194582,0.329773120003012,0.418766098915354,0.368783196884877
0.213874811718693,0.215912126627936,0.215673876160587,0.211564667488926,0.224227685570262,0.232269632417273,0.368783196884877,1
