"[0,1)","[1,5)","[5,15)","[15,25)","[25,45)","[45,65)","[65,75)","[75,+)"
0.520153776080497,0.876033684276789,0.941204965497475,0.929090043202633,0.876760689775197,0.889560568834055,0.888680240471382,0.880546309365953
0.876033684276789,0.807746352429612,0.906872008910999,0.89121817648854,0.880946190186469,0.881670535983968,0.876223586051936,0.88095376993161
0.941204965497475,0.906872008911,0.783628880313978,0.876454144289584,0.879274064935614,0.844849755363512,0.868940170076992,0.874661322785252
0.929090043202633,0.891218176488541,0.876454144289584,0.866270663860138,0.840998994887916,0.860022092447968,0.858243706918494,0.870591074530295
0.876760689775197,0.880946190186469,0.879274064935614,0.840998994887916,0.814801672544018,0.812765558354734,0.848806151789344,0.854371913361798
0.889560568834056,0.881670535983968,0.844849755363512,0.860022092447968,0.812765558354734,0.827336969575186,0.831646815369218,0.824197340161185
0.888680240471382,0.876223586051936,0.868940170076992,0.858243706918494,0.848806151789344,0.831646815369218,0.851708824423366,0.867654354381473
0.880546309365953,0.88095376993161,0.874661322785252,0.870591074530295,0.854371913361798,0.824197340161185,0.867654354381473,0.933607026664947
