"V1","V2","V3","V4","V5","V6","V7","V8"
0.797779361928218,0.797779361928218,0.432998975793654,0.786159484891761,0.837991556278919,0.833582886163173,0.791929134967281,0.790949743001209
0.797779361928218,0.797779361928218,0.432998975793654,0.786159484891761,0.837991556278919,0.833582886163173,0.791929134967281,0.790949743001209
0.432998975793654,0.432998975793654,0.272132443569381,0.346019799288951,0.550595126871663,0.391237903469753,0.3273495823969,0.590673470927619
0.786159484891761,0.786159484891761,0.346019799288951,0.751223973679287,0.836167224251108,0.834234288655665,0.763392955825383,0.787321197346751
0.837991556278919,0.837991556278919,0.550595126871663,0.836167224251108,0.851093297573458,0.854254338560695,0.832343073055888,0.819961868017724
0.833582886163173,0.833582886163173,0.391237903469753,0.834234288655665,0.854254338560695,0.868131721666665,0.837237329372974,0.811502176054842
0.791929134967281,0.791929134967281,0.3273495823969,0.763392955825383,0.832343073055888,0.837237329372975,0.77596732441556,0.786577763375246
0.790949743001209,0.790949743001209,0.590673470927619,0.787321197346751,0.819961868017724,0.811502176054842,0.786577763375246,0.788211432037849
