"[0,1)","[1,5)","[5,15)","[15,25)","[25,45)","[45,65)","[65,75)","[75,+)"
0.812848334217237,0.939084840585962,0.962925361830621,0.959792398449979,0.941175867749542,0.932251251019519,0.935842247411045,0.925656531831932
0.939084840585962,0.898321648941715,0.953722367010187,0.933663191236914,0.928894848244392,0.930759465991011,0.925070508390088,0.926173907659413
0.962925361830621,0.953722367010187,0.886087899058304,0.928971233888651,0.943688899746049,0.91868934671146,0.933139232335252,0.922183029101571
0.959792398449979,0.933663191236914,0.928971233888651,0.906021118411685,0.907629041740293,0.917457829868839,0.916163294364248,0.913599594421403
0.941175867749542,0.928894848244392,0.943688899746049,0.907629041740293,0.890111791487543,0.881866443442821,0.898747628904152,0.915519959536043
0.93225125101952,0.930759465991011,0.918689346711461,0.917457829868839,0.881866443442821,0.908698274004636,0.878618018307974,0.900633359483121
0.935842247411045,0.925070508390088,0.933139232335252,0.916163294364248,0.898747628904152,0.878618018307974,0.892630461914552,0.874897503190306
0.925656531831932,0.926173907659413,0.922183029101571,0.913599594421403,0.915519959536043,0.900633359483121,0.874897503190306,1
