"[0,1)","[1,5)","[5,15)","[15,25)","[25,45)","[45,65)","[65,75)","[75,+)"
0.728880339270735,1.02325386153761,1.02369184903923,0.99981018416172,0.973216839031356,1.01329176276027,1.19469534532236,0.938713286800608
1.02325386153761,0.926146182802272,0.971048735158485,0.897387479955309,0.901552018864049,0.955771850144087,0.984945890085925,0.955629982865849
1.02369184903923,0.971048735158485,0.9526621162942,0.869774100055334,0.936116981177602,0.927547494317314,0.946282850315501,0.927696579503954
0.99981018416172,0.897387479955309,0.869774100055334,0.606053875961937,0.838583853324519,0.876925298606984,0.92890976358406,0.874321032711343
0.973216839031356,0.901552018864049,0.936116981177601,0.838583853324519,0.826887182756683,0.796410479899868,0.801267080382788,0.874233970215202
1.01329176276027,0.955771850144087,0.927547494317314,0.876925298606984,0.796410479899868,0.873931195866065,0.868355589007379,0.830291442523545
1.19469534532236,0.984945890085925,0.946282850315501,0.92890976358406,0.801267080382788,0.868355589007379,0.889001040308198,0.918451561243882
0.938713286800608,0.955629982865849,0.927696579503954,0.874321032711343,0.874233970215202,0.830291442523545,0.918451561243882,1
