"[0,1)","[1,5)","[5,15)","[15,25)","[25,45)","[45,65)","[65,75)","[75,+)"
0.941031090159764,0.850846428501833,0.850778557843883,0.849012662694065,0.858368227734367,0.821518793271998,0.761524473147547,0.840996491426192
0.850846428501833,0.862577128578892,0.869229858538773,0.863593602653748,0.862770052160684,0.847736138818526,0.833760767918218,0.856867872987019
0.850778557843883,0.869229858538773,0.867613736634934,0.869621384958045,0.868501141557385,0.858367095365756,0.834225404946837,0.838853818484163
0.849012662694065,0.863593602653749,0.869621384958045,0.884482947540341,0.868523210226801,0.859975730966378,0.832847306305524,0.850926867859558
0.858368227734367,0.862770052160684,0.868501141557385,0.868523210226801,0.868715164126022,0.855383732827164,0.827630019109737,0.796730239486502
0.821518793271998,0.847736138818526,0.858367095365756,0.859975730966378,0.855383732827164,0.840906789997784,0.804966876473373,0.79953617186011
0.761524473147547,0.833760767918218,0.834225404946837,0.832847306305524,0.827630019109737,0.804966876473373,0.788682942361384,0.782875788589411
0.840996491426192,0.856867872987019,0.838853818484162,0.850926867859558,0.796730239486502,0.79953617186011,0.782875788589411,0.795738787716213
