"[0,1)","[1,5)","[5,15)","[15,25)","[25,45)","[45,65)","[65,75)","[75,+)"
0.0925893506810141,0.476204412607744,0.563522458053751,0.553652783121008,0.468613231023563,0.478956456178731,0.309491598686563,0.537118270657587
0.476204412607744,0.221346338222784,0.523311577547889,0.477568464633376,0.479130114861554,0.503362521192463,0.488185250990259,0.583197758645726
0.563522458053751,0.523311577547889,0.201988343447602,0.399574281024147,0.477593579427167,0.417538516454505,0.456435669792469,0.5217217369899
0.553652783121008,0.477568464633376,0.399574281024147,0.267859507350608,0.43018391212809,0.446524712253517,0.431049391904397,0.548906685088884
0.468613231023563,0.479130114861554,0.477593579427167,0.43018391212809,0.408389504363588,0.389185092215171,0.409333296548237,0.373533538636756
0.478956456178731,0.503362521192463,0.417538516454505,0.446524712253517,0.389185092215171,0.38258584058541,0.34931443823492,0.341242253472024
0.309491598686563,0.488185250990259,0.456435669792469,0.431049391904397,0.409333296548237,0.34931443823492,0.343230847664255,0.341859278714913
0.537118270657587,0.583197758645726,0.5217217369899,0.548906685088883,0.373533538636756,0.341242253472025,0.341859278714913,0.382064279931323
