"[0,1)","[1,5)","[5,15)","[15,25)","[25,45)","[45,65)","[65,75)","[75,+)"
0.0704067957172057,0.662474838157243,0.766947100174826,0.756808480550466,0.646306904070909,0.720869666930908,0.621834904574869,0.75015287560113
0.662474838157243,0.284906941012269,0.677900699541252,0.669355466484924,0.660892198320073,0.701879398833616,0.693642216610012,0.772494910532584
0.766947100174826,0.677900699541252,0.266679619750655,0.564614904668574,0.647657853101934,0.586318650786982,0.678673085681514,0.729981679906315
0.756808480550466,0.669355466484924,0.564614904668574,0.433973492300687,0.639125910790141,0.655764318426667,0.674113317462702,0.7506893876148
0.646306904070909,0.660892198320073,0.647657853101934,0.639125910790141,0.622157770970474,0.62293627882204,0.649054338961604,0.656816199014586
0.720869666930908,0.701879398833616,0.586318650786983,0.655764318426667,0.62293627882204,0.639646348728216,0.645302214170385,0.660498497177512
0.621834904574869,0.693642216610012,0.678673085681514,0.674113317462702,0.649054338961604,0.645302214170385,0.667513323732483,0.657381322433913
0.75015287560113,0.772494910532584,0.729981679906315,0.7506893876148,0.656816199014586,0.660498497177512,0.657381322433913,0.680359722463903
