"[0,1)","[1,5)","[5,15)","[15,25)","[25,45)","[45,65)","[65,75)","[75,+)"
0.715450365894827,0.841688969686577,0.888097514221881,0.89807469131745,0.886843075638101,0.812763476851704,0.798385619091775,0.791414408087355
0.841688969686577,0.873111776295688,0.90189354490853,0.872004338677133,0.886960844186982,0.83560652034485,0.795206875818648,0.791738755988663
0.888097514221881,0.90189354490853,0.880088805018037,0.880883195726291,0.906153480484161,0.855145302988557,0.834230399514479,0.791396495849689
0.89807469131745,0.872004338677133,0.880883195726291,0.877275867420327,0.859277739089665,0.86362825346114,0.834829930915953,0.791923116794389
0.886843075638101,0.886960844186982,0.906153480484161,0.859277739089664,0.846759265276249,0.815681634790697,0.811096016205454,0.790875920472134
0.812763476851704,0.83560652034485,0.855145302988557,0.86362825346114,0.815681634790697,0.866279688961394,0.825377327616203,0.792272937470108
0.798385619091775,0.795206875818648,0.834230399514479,0.834829930915953,0.811096016205454,0.825377327616203,0.852824288109429,0.846081710879336
0.791414408087355,0.791738755988663,0.79139649584969,0.791923116794389,0.790875920472134,0.792272937470108,0.846081710879336,1
