"[0,1)","[1,5)","[5,15)","[15,25)","[25,45)","[45,65)","[65,75)","[75,+)"
0.101357427422657,0.584821842524253,0.732603950317581,0.765674119096218,0.684503540974658,0.524227866438121,0.567900351986183,0.432880075568661
0.584821842524253,0.275172456828109,0.671598329694437,0.605305772912334,0.634283062262905,0.541613216774012,0.445841537402533,0.441802954742265
0.732603950317581,0.671598329694437,0.284138692787697,0.530034836022285,0.71122353087509,0.528368487472478,0.554114268574387,0.445291173879493
0.765674119096218,0.605305772912334,0.530034836022285,0.305835352032694,0.587420454576018,0.605865964994263,0.536927265018789,0.401831397932968
0.684503540974658,0.634283062262905,0.71122353087509,0.587420454576018,0.561858048142541,0.482279602365004,0.444027030722355,0.429923262133119
0.524227866438121,0.541613216774012,0.528368487472477,0.605865964994263,0.482279602365004,0.602752109921039,0.497753248594403,0.417141142711576
0.567900351986183,0.445841537402533,0.554114268574387,0.536927265018789,0.444027030722355,0.497753248594403,0.566153841496699,0.527422789063074
0.432880075568661,0.441802954742265,0.445291173879493,0.401831397932968,0.429923262133119,0.417141142711576,0.527422789063074,1
