"[0,1)","[1,5)","[5,15)","[15,25)","[25,45)","[45,65)","[65,75)","[75,+)"
0.664262987953794,0.857314123950968,0.860819581282364,0.88928807623833,0.889614681620235,0.885765851572114,0.948945011163419,0.868421627725055
0.857314123950968,0.904419929677634,0.892366565434735,0.887554633675569,0.889716796176171,0.892302942968214,0.897403481467847,0.884656151516636
0.860819581282364,0.892366565434735,0.911273382182675,0.889751188742335,0.89769071449058,0.896927304988357,0.882165141755633,0.869026004405993
0.88928807623833,0.887554633675569,0.889751188742336,0.866908461965783,0.888828196443049,0.896423106622298,0.901560462555761,0.882760942965297
0.889614681620235,0.889716796176171,0.89769071449058,0.888828196443049,0.886986016836528,0.888889734279784,0.86136708870899,0.918438613846774
0.885765851572114,0.892302942968215,0.896927304988357,0.896423106622298,0.888889734279784,0.89009875715918,0.873613533339723,0.869385200323376
0.948945011163419,0.897403481467847,0.882165141755632,0.901560462555761,0.86136708870899,0.873613533339723,0.857398451578747,0.869424770170272
0.868421627725055,0.884656151516636,0.869026004405993,0.882760942965297,0.918438613846774,0.869385200323376,0.869424770170272,0.837265105131575
