"[0,1)","[1,5)","[5,15)","[15,25)","[25,45)","[45,65)","[65,75)","[75,+)"
1.03947616294614,0.658590684412393,0.63554038603519,0.63712438617039,0.689467089595392,0.579136503053795,0.441714975510653,0.663646104804212
0.658590684412393,0.888331432291083,0.727957761395542,0.705567374530951,0.681434338165107,0.648656254988147,0.667579609690495,0.698571941679213
0.63554038603519,0.727957761395542,0.909513448347644,0.776084553447899,0.71085251950361,0.681330708244304,0.680044000070777,0.654824497468285
0.63712438617039,0.705567374530951,0.776084553447899,0.901112431925614,0.678034413450095,0.658321554063409,0.68342195933795,0.689069426729932
0.689467089595392,0.681434338165107,0.71085251950361,0.678034413450095,0.587699223329432,0.552729707185127,0.662074732223919,0.559659031720514
0.579136503053795,0.648656254988147,0.681330708244304,0.658321554063409,0.552729707185127,0.52622645583155,0.559287483970933,0.500468034191296
0.441714975510653,0.667579609690495,0.680044000070778,0.68342195933795,0.662074732223918,0.559287483970933,0.51902159052621,0.545078559917231
0.663646104804212,0.698571941679213,0.654824497468285,0.689069426729932,0.559659031720514,0.500468034191296,0.545078559917231,0.53931549243177
