"[0,1)","[1,5)","[5,15)","[15,25)","[25,45)","[45,65)","[65,75)","[75,+)"
1.0262521825977,1.02039388906111,1.01080758319517,0.997381863425691,1.00057238110448,0.998066398580809,1.04631778453754,0.975772337997483
1.02039388906111,1.02300095042681,1.00331014826869,1.01277556227681,1.00181477382539,0.990312861925223,1.00284993792172,0.979459634966571
1.01080758319517,1.00331014826869,1.02280023551881,1.02418862342853,0.996018286382239,0.9967047331814,1.00628987075337,0.984570375781419
0.997381863425691,1.01277556227681,1.02418862342853,1.06101133036381,1.00881234743236,1.00121873959136,1.01089388958788,0.985944268741647
1.00057238110448,1.00181477382539,0.996018286382239,1.00881234743236,0.973923134789979,0.981924182511163,1.00542605076009,1.02024193470984
0.998066398580808,0.990312861925223,0.9967047331814,1.00121873959136,0.981924182511163,0.97310410495926,0.997878158076825,1.00108863376343
1.04631778453754,1.00284993792172,1.00628987075337,1.01089388958788,1.00542605076009,0.997878158076825,1.05199958546604,1.02950540421973
0.975772337997483,0.979459634966571,0.984570375781419,0.985944268741647,1.02024193470984,1.00108863376343,1.02950540421973,1.00930507881977
