"[0,1)","[1,5)","[5,15)","[15,25)","[25,45)","[45,65)","[65,75)","[75,+)"
0.934811461173397,0.987383671645377,0.97066415711623,1.01632494126408,0.996337908899201,1.03844132701561,1.27267675937719,0.856115235385857
0.987383671645377,0.954769910656079,0.948251710279951,0.953836925587591,0.967964496017672,0.959274489625454,0.980484287167862,0.877980797822832
0.97066415711623,0.948251710279951,0.950520883204001,0.96981482158171,0.949328925315369,0.92598605977341,0.932244666024401,0.888665020056422
1.01632494126408,0.953836925587591,0.96981482158171,0.995412762714843,0.949090689012596,0.939128424977643,0.980669640384465,0.876369094558359
0.996337908899201,0.967964496017672,0.949328925315368,0.949090689012596,0.922055523633816,0.943060763816759,1.05486071047197,1.20498849366531
1.03844132701561,0.959274489625454,0.92598605977341,0.939128424977643,0.943060763816759,0.921974193071155,0.991793210503941,0.922401807227191
1.27267675937719,0.980484287167862,0.932244666024401,0.980669640384465,1.05486071047197,0.991793210503941,0.944813184768595,1.00455427401968
0.856115235385857,0.877980797822832,0.888665020056422,0.876369094558359,1.20498849366531,0.922401807227191,1.00455427401968,0.833742813708234
