"[0,1)","[1,5)","[5,15)","[15,25)","[25,45)","[45,65)","[65,75)","[75,+)"
0.665853722288587,0.821845964195357,0.823200131719816,0.830248939517862,0.803827764992202,0.835869874750678,1.08343407315055,0.701701408031074
0.821845964195357,0.822835889810017,0.80804651366626,0.750350656937124,0.798448004770651,0.794073185371227,0.83401938244315,0.741452205283316
0.823200131719816,0.80804651366626,0.830963618053254,0.715696222832569,0.785698963002545,0.756747859230154,0.773449218643679,0.733870705284464
0.830248939517862,0.750350656937124,0.715696222832569,0.518006011354891,0.716092650155278,0.726041159831664,0.773549660413937,0.730174205192459
0.803827764992202,0.798448004770651,0.785698963002545,0.716092650155278,0.712848367861037,0.733983984331538,0.874291126131145,0.975721865790862
0.835869874750678,0.794073185371227,0.756747859230153,0.726041159831664,0.733983984331538,0.719115588335848,0.782646036198594,0.703877650663814
1.08343407315055,0.83401938244315,0.773449218643679,0.773549660413938,0.874291126131145,0.782646036198594,0.710511716645071,0.790505148023588
0.701701408031074,0.741452205283316,0.733870705284464,0.730174205192459,0.975721865790862,0.703877650663814,0.790505148023588,0.611125740012516
