"[0,1)","[1,5)","[5,15)","[15,25)","[25,45)","[45,65)","[65,75)","[75,+)"
0.802963799751987,0.760392989971229,0.742055687675296,0.785904128409599,0.785929031126492,0.75815611291932,0.807743495885435,0.687100913905231
0.760392989971228,0.728260321076035,0.757195379875271,0.727651118944744,0.758366935684955,0.751250530754644,0.749293363860566,0.724310052251458
0.742055687675296,0.757195379875271,0.716752561685526,0.688399173966816,0.768345723192547,0.719604617011069,0.722907347765684,0.706558669870032
0.785904128409599,0.727651118944744,0.688399173966816,0.504331751446695,0.745538761038186,0.723383452620629,0.74712560159989,0.706172451116284
0.785929031126492,0.758366935684955,0.768345723192547,0.745538761038186,0.773388932863179,0.735004260265415,0.727886895401842,0.76415625865757
0.75815611291932,0.751250530754644,0.719604617011069,0.723383452620629,0.735004260265415,0.692367119062296,0.676106498675254,0.676074614604972
0.807743495885435,0.749293363860566,0.722907347765684,0.74712560159989,0.727886895401842,0.676106498675254,0.664797893830027,0.667344083910949
0.687100913905231,0.724310052251458,0.706558669870032,0.706172451116284,0.76415625865757,0.676074614604972,0.667344083910949,0.613009349487487
