"[0,1)","[1,5)","[5,15)","[15,25)","[25,45)","[45,65)","[65,75)","[75,+)"
0.807835521246682,0.791303093645093,0.789175794052786,0.797169787169703,0.794950600023212,0.801494823838075,1.04632957491948,0.691685748197148
0.791303093645093,0.782688832180038,0.775895472218004,0.725704875260667,0.772400440935749,0.76710182344776,0.816708353137352,0.732029485336172
0.789175794052786,0.775895472218004,0.789531657341266,0.691462802483492,0.760982115925322,0.734083476153455,0.752358882770768,0.719311326868442
0.797169787169703,0.725704875260667,0.691462802483492,0.517972064977023,0.712170110731865,0.723590736651191,0.766353946348854,0.721778400212763
0.794950600023212,0.772400440935749,0.760982115925322,0.712170110731865,0.692858944685254,0.72127543976974,0.88173188548677,0.990044512877757
0.801494823838075,0.76710182344776,0.734083476153455,0.723590736651191,0.72127543976974,0.705326890688814,0.773630044827312,0.690249018969088
1.04632957491948,0.816708353137352,0.752358882770768,0.766353946348854,0.88173188548677,0.773630044827311,0.707675936780367,0.79684814820768
0.691685748197148,0.732029485336172,0.719311326868442,0.721778400212763,0.990044512877757,0.690249018969088,0.79684814820768,0.598673173929381
