"[0,1)","[1,5)","[5,15)","[15,25)","[25,45)","[45,65)","[65,75)","[75,+)"
0.936366473824086,1.00057168087098,1.00788821546769,1.01807062430568,1.0079744361654,1.07173030958296,1.33070263753944,0.879788149201858
1.00057168087098,0.960936049770541,0.961867008026685,0.927141262398506,0.948106230105894,0.971270035688577,0.954337397084214,0.899871640416488
1.00788821546769,0.961867008026685,0.966099581259327,0.905644483116744,0.950360268647065,0.942179542602039,0.933175714876637,0.905612533990106
1.01807062430568,0.927141262398506,0.905644483116744,0.696653517210755,0.932774561265688,0.928678857074561,0.969754511991004,0.899263707211234
1.0079744361654,0.948106230105894,0.950360268647065,0.932774561265688,0.98365176634594,0.955524604759689,0.921663016581324,0.987210188082351
1.07173030958296,0.971270035688577,0.942179542602039,0.928678857074561,0.955524604759689,0.931771776352805,0.955248646593637,0.915629969024961
1.33070263753944,0.954337397084214,0.933175714876637,0.969754511991004,0.921663016581324,0.955248646593637,0.940073103917124,0.985947185881998
0.879788149201858,0.899871640416488,0.905612533990106,0.899263707211233,0.987210188082351,0.915629969024961,0.985947185881998,0.851323112124411
