"[0,1)","[1,5)","[5,15)","[15,25)","[25,45)","[45,65)","[65,75)","[75,+)"
0.0799666301433502,0.424745423470686,0.511920874057248,0.499215118988656,0.42488845143176,0.419254543593232,0.222912748142835,0.481607594936709
0.424745423470686,0.193372367815578,0.477750811858496,0.426792036680114,0.432299818894479,0.442048506202231,0.420359347191235,0.528258467895715
0.511920874057248,0.477750811858496,0.179563700347662,0.355002169453833,0.437635218002928,0.363268722725342,0.396028057354168,0.442721511454187
0.499215118988656,0.426792036680114,0.355002169453833,0.231303276997322,0.376296451568165,0.388273285799604,0.375646239705127,0.484303065476495
0.42488845143176,0.432299818894478,0.437635218002928,0.376296451568165,0.347540120352611,0.324025735159028,0.343768170403684,0.309902249295156
0.419254543593232,0.442048506202231,0.363268722725343,0.388273285799604,0.324025735159028,0.316679442174418,0.280662173494645,0.278743499113919
0.222912748142835,0.420359347191236,0.396028057354168,0.375646239705127,0.343768170403684,0.280662173494645,0.276302538364135,0.26939194275173
0.481607594936709,0.528258467895715,0.442721511454187,0.484303065476495,0.309902249295156,0.278743499113919,0.26939194275173,0.316440219645523
