"[0,1)","[1,5)","[5,15)","[15,25)","[25,45)","[45,65)","[65,75)","[75,+)"
0.700708772527386,0.648950106124516,0.742455010025957,0.725071331773546,0.738391839491829,0.537376326190208,0.441295898473594,0.544392992925235
0.648950106124516,0.776126153309321,0.751275740803313,0.689629759703796,0.713414083360662,0.608174595926926,0.529207445981888,0.539537865142421
0.742455010025957,0.751275740803313,0.782818507267269,0.716497939562877,0.746252389353421,0.661468857285446,0.589408631154675,0.529834293930317
0.725071331773546,0.689629759703795,0.716497939562877,0.709105218750481,0.64050445247604,0.650673948622706,0.5532612801538,0.535816617164817
0.738391839491828,0.713414083360662,0.746252389353421,0.64050445247604,0.614230622050027,0.572548522350022,0.531717980741387,0.467590730939781
0.537376326190208,0.608174595926927,0.661468857285446,0.650673948622706,0.572548522350022,0.586429831215283,0.498774750566696,0.463861233398608
0.441295898473594,0.529207445981887,0.589408631154675,0.5532612801538,0.531717980741387,0.498774750566696,0.544751080719542,0.533988520720395
0.544392992925235,0.539537865142421,0.529834293930317,0.535816617164817,0.467590730939781,0.463861233398608,0.533988520720395,0.813330838202362
