"[0,1)","[1,5)","[5,15)","[15,25)","[25,45)","[45,65)","[65,75)","[75,+)"
0.949434353412911,0.927285001213794,0.952856992108654,0.943641842156333,0.932543879222891,0.91511667309251,0.911059775910536,0.903463188998672
0.927285001213794,0.88627328103681,0.936868331327024,0.884331205527759,0.915793529150316,0.91191860100681,0.903583854492502,0.903828971402785
0.952856992108654,0.936868331327024,0.898863649382989,0.833666130170819,0.91711777748715,0.892892546540647,0.904027494224862,0.901212513526642
0.943641842156333,0.884331205527759,0.833666130170819,0.633661999131175,0.864621528728607,0.883918674841411,0.892918465712172,0.902054598006166
0.932543879222891,0.915793529150316,0.91711777748715,0.864621528728607,0.877851823352272,0.878691294826716,0.894927433962406,0.906208337400131
0.91511667309251,0.91191860100681,0.892892546540647,0.883918674841411,0.878691294826716,0.895978374428751,0.900988280921611,0.903865357859035
0.911059775910536,0.903583854492501,0.904027494224862,0.892918465712172,0.894927433962406,0.900988280921611,0.921697147117786,0.921221641450387
0.903463188998672,0.903828971402785,0.901212513526642,0.902054598006167,0.906208337400131,0.903865357859035,0.921221641450387,0.96837657352541
