"[0,1)","[1,5)","[5,15)","[15,25)","[25,45)","[45,65)","[65,75)","[75,+)"
0.728927534673104,0.850005395167472,0.894174573917688,0.902829455257004,0.88984333941148,0.820308671377478,0.814495821670598,0.802061842496419
0.850005395167472,0.871701588551941,0.905509956033635,0.871529964929689,0.882388575847109,0.839740924083589,0.806816786418079,0.802678807688783
0.894174573917688,0.905509956033635,0.882322995234823,0.877524449117663,0.903477559747972,0.850643452490785,0.837716191905024,0.800985999594781
0.902829455257004,0.871529964929689,0.877524449117663,0.859728843210485,0.840740795893599,0.848226364657857,0.824363926016663,0.794042727457814
0.88984333941148,0.882388575847109,0.903477559747972,0.840740795893599,0.818979352482127,0.793340964297989,0.802032013293663,0.797486651336703
0.820308671377478,0.839740924083589,0.850643452490785,0.848226364657856,0.79334096429799,0.840806949392428,0.786823604241612,0.788613297697403
0.814495821670598,0.806816786418079,0.837716191905024,0.824363926016663,0.802032013293663,0.786823604241612,0.812419857075384,0.789490784205994
0.802061842496419,0.802678807688783,0.800985999594782,0.794042727457814,0.797486651336703,0.788613297697403,0.789490784205994,1
