"[0,1)","[1,5)","[5,15)","[15,25)","[25,45)","[45,65)","[65,75)","[75,+)"
0.908821991480227,0.933230860532364,0.910386465066377,0.90857842601391,0.920748400883296,0.849370614650301,1.1093520453691,1.09989802984499
0.933230860532364,0.97780491948261,0.955271427525726,0.897792310397271,0.938664555650518,0.868727504399941,1.10002569580702,1.10026663240153
0.910386465066377,0.955271427525726,0.988577718467154,0.862509780573857,0.955802933385879,0.879163554698001,1.05736888877062,1.08450870276701
0.90857842601391,0.897792310397271,0.862509780573857,0.641402711487316,0.934223192039008,0.884722547165191,1.05980292120934,1.1047652507568
0.920748400883296,0.938664555650518,0.955802933385879,0.934223192039008,0.91761641508403,0.857743192840555,1.09144522915274,1.14209130655387
0.849370614650301,0.86872750439994,0.879163554698001,0.884722547165191,0.857743192840554,0.86268743214049,1.00988823116128,0.97354034130318
1.1093520453691,1.10002569580702,1.05736888877062,1.05980292120934,1.09144522915274,1.00988823116128,1.15105279664696,1.22230113119479
1.09989802984499,1.10026663240153,1.08450870276701,1.1047652507568,1.14209130655387,0.97354034130318,1.22230113119479,1
