"[0,1)","[1,5)","[5,15)","[15,25)","[25,45)","[45,65)","[65,75)","[75,+)"
0.1760130008213,0.587974788584114,0.765615829962829,0.742476960962139,0.705772448081017,0.565184197870954,0.563521541963073,0.569987213016369
0.587974788584114,0.505331366273974,0.691327904319132,0.690292555465039,0.696406737025958,0.598951818920806,0.576539347651589,0.569774994168275
0.765615829962829,0.691327904319132,0.525101352116713,0.695742298424236,0.709160662328892,0.609343919400812,0.616739177642238,0.563940359681663
0.742476960962139,0.690292555465039,0.695742298424235,0.773063429641271,0.657624583052456,0.682225207573682,0.645145743429362,0.638393497695471
0.705772448081018,0.696406737025958,0.709160662328892,0.657624583052456,0.585032519262638,0.59192402645264,0.667969135733634,0.620687978106484
0.565184197870954,0.598951818920806,0.609343919400812,0.682225207573682,0.59192402645264,0.622719252415488,0.594729678763783,0.555169228349626
0.563521541963073,0.576539347651589,0.616739177642238,0.645145743429362,0.667969135733634,0.594729678763783,0.648246805924474,0.655918523515693
0.569987213016369,0.569774994168275,0.563940359681663,0.638393497695471,0.620687978106484,0.555169228349626,0.655918523515693,0.852218642791746
