"[0,1)","[1,5)","[5,15)","[15,25)","[25,45)","[45,65)","[65,75)","[75,+)"
0.715061841706292,0.904457796319972,0.949209360737733,0.939064223545485,0.908156592039381,0.906857133829796,0.900794283620146,0.894084770916464
0.904457796319972,0.86907104399645,0.932327103541536,0.879773864953886,0.909850474134741,0.905006223113629,0.89447790398154,0.894400740456731
0.949209360737733,0.932327103541536,0.888846184941429,0.82900579263528,0.911978094724993,0.885911804363589,0.898158221203012,0.893066556192269
0.939064223545485,0.879773864953886,0.82900579263528,0.628626848016703,0.855442632079406,0.876490978161689,0.884755579140708,0.892617723176411
0.908156592039381,0.909850474134741,0.911978094724993,0.855442632079406,0.864622805628752,0.865138915066226,0.884338190443823,0.89722055989611
0.906857133829796,0.90500622311363,0.885911804363589,0.87649097816169,0.865138915066226,0.88535776282961,0.892508142484846,0.895709133242947
0.900794283620146,0.89447790398154,0.898158221203012,0.884755579140708,0.884338190443823,0.892508142484846,0.917205065280522,0.915364999509431
0.894084770916464,0.894400740456731,0.893066556192269,0.892617723176411,0.897220559896109,0.895709133242947,0.915364999509431,0.966222722800086
