"[0,1)","[1,5)","[5,15)","[15,25)","[25,45)","[45,65)","[65,75)","[75,+)"
0.217900168106982,0.515865883199878,0.703342852871473,0.67936597137571,0.603907471223632,0.468319839052041,0.437552018836776,0.414284168037328
0.515865883199878,0.30674071036686,0.608972780212056,0.557022658384937,0.579665181149589,0.497747912772949,0.418116216515072,0.415440194104722
0.703342852871473,0.608972780212056,0.270688538812612,0.471643014056975,0.588042983887392,0.458278573696917,0.453627141936191,0.41499063175931
0.67936597137571,0.557022658384937,0.471643014056975,0.305584037805593,0.512646055832311,0.547190894705455,0.460277995095061,0.413797916851614
0.603907471223633,0.579665181149589,0.588042983887392,0.512646055832311,0.503269761382359,0.480805643090075,0.451253773211582,0.419732336825426
0.46831983905204,0.497747912772949,0.458278573696917,0.547190894705455,0.480805643090075,0.512068642870554,0.442034393632434,0.405207722995537
0.437552018836776,0.418116216515072,0.453627141936191,0.460277995095061,0.451253773211582,0.442034393632434,0.503029512908265,0.501425430486535
0.414284168037328,0.415440194104722,0.41499063175931,0.413797916851614,0.419732336825426,0.405207722995537,0.501425430486535,0.779918268446741
