"[0,1)","[1,5)","[5,15)","[15,25)","[25,45)","[45,65)","[65,75)","[75,+)"
0.838213537516472,0.940804483624699,0.965533785483097,0.962176545380622,0.942439119973656,0.940249647504584,0.937952688372551,0.928682138593365
0.940804483624699,0.87528903866691,0.954799572852209,0.907776339344039,0.933420625437249,0.936021337459655,0.926000206009649,0.929134982642466
0.965533785483097,0.954799572852209,0.890350892207707,0.867837050714431,0.949646451472716,0.929365642140183,0.942675961387196,0.927352273539208
0.962176545380622,0.907776339344039,0.867837050714431,0.657658640971819,0.922900559538797,0.936332510886381,0.942104541896434,0.927737091504729
0.942439119973656,0.933420625437249,0.949646451472716,0.922900559538797,0.929839805157924,0.918980243065367,0.920794678035559,0.923433647599556
0.940249647504584,0.936021337459655,0.929365642140183,0.936332510886381,0.918980243065368,0.9476348140607,0.937404441570672,0.919763057205574
0.937952688372551,0.926000206009649,0.942675961387196,0.942104541896434,0.920794678035558,0.937404441570672,0.951977666054131,0.953865128191039
0.928682138593365,0.929134982642466,0.927352273539208,0.927737091504729,0.923433647599556,0.919763057205574,0.953865128191039,1
