"[0,1)","[1,5)","[5,15)","[15,25)","[25,45)","[45,65)","[65,75)","[75,+)"
0.870642644052147,0.934143248048645,0.96286129609721,0.954032237318777,0.928881414507461,0.931143380483023,0.927398653326939,0.920033957737003
0.934143248048645,0.894511613129783,0.945861477487668,0.894558686174231,0.920577926007738,0.924721507263554,0.91832382592489,0.920402884273517
0.96286129609721,0.945861477487668,0.882295534567366,0.836492812159228,0.916393743876701,0.893340877729685,0.916544285492727,0.919612504563973
0.954032237318777,0.894558686174231,0.836492812159228,0.633305748503917,0.864712145838618,0.887365013818938,0.903845148301356,0.917673263723843
0.928881414507461,0.920577926007738,0.916393743876701,0.864712145838618,0.873912329245528,0.878573979616233,0.9032308781081,0.921670252319434
0.931143380483023,0.924721507263555,0.893340877729685,0.887365013818938,0.878573979616233,0.899922896292891,0.913988907041987,0.919687148951081
0.927398653326939,0.91832382592489,0.916544285492727,0.903845148301356,0.9032308781081,0.913988907041987,0.939391844010972,0.937791965302696
0.920033957737003,0.920402884273517,0.919612504563973,0.917673263723843,0.921670252319434,0.919687148951081,0.937791965302696,0.975095671009378
