"[0,1)","[1,5)","[5,15)","[15,25)","[25,45)","[45,65)","[65,75)","[75,+)"
1.04067238084443,0.960084714223635,0.947126485087357,0.993204087133072,0.974635165430635,0.984256607799022,0.958268391094602,0.811678581676616
0.960084714223635,1.00209738281449,0.963994980029698,0.966313191340968,0.940068529305342,0.973832284901672,0.860900496923469,0.817877140864591
0.947126485087357,0.963994980029698,1.00363281079489,0.962949287062787,0.942881809634766,0.989030504700575,0.869027958667673,0.821991067817457
0.993204087133072,0.966313191340968,0.962949287062787,0.938081957794148,0.888195459366537,0.980191610644709,0.931024800791839,0.865745054241899
0.974635165430635,0.940068529305342,0.942881809634766,0.888195459366537,0.820229069776134,0.921315283999127,0.900648799060078,0.962589235470749
0.984256607799022,0.973832284901673,0.989030504700575,0.980191610644709,0.921315283999127,0.997328990663274,0.938463323243521,0.900837266941071
0.958268391094602,0.860900496923469,0.869027958667673,0.931024800791839,0.900648799060079,0.938463323243521,0.83766754905725,0.882447684108563
0.811678581676616,0.81787714086459,0.821991067817457,0.865745054241899,0.962589235470749,0.900837266941071,0.882447684108563,0.891215411622749
