"[0,1)","[1,5)","[5,15)","[15,25)","[25,45)","[45,65)","[65,75)","[75,+)"
0.775305298230653,0.64839890493621,0.810994879853251,0.817986757516723,0.866737843557382,0.623637130368655,0.921965603278305,0.486423492945659
0.64839890493621,0.78132262534549,0.759007387867718,0.776861856068689,0.81978580620303,0.609948690168488,0.565800296069559,0.502207505654051
0.810994879853251,0.759007387867718,0.775962820691286,0.791297295200902,0.851858528592349,0.662225758270714,0.622472919863612,0.505416109502542
0.817986757516723,0.776861856068689,0.791297295200902,0.859439394766993,0.834881854061561,0.771707827153759,0.736961608653737,0.685160620414378
0.866737843557382,0.81978580620303,0.851858528592349,0.834881854061561,0.820175119785444,0.751355980473504,0.801656861585865,0.806481310905019
0.623637130368655,0.609948690168488,0.662225758270714,0.771707827153758,0.751355980473504,0.749655485223163,0.683773606687728,0.628429683704138
0.921965603278305,0.565800296069559,0.622472919863611,0.736961608653737,0.801656861585865,0.683773606687728,0.745293675205214,0.719535960979931
0.486423492945659,0.502207505654051,0.505416109502542,0.685160620414377,0.806481310905019,0.628429683704138,0.719535960979931,1
