"[0,1)","[1,5)","[5,15)","[15,25)","[25,45)","[45,65)","[65,75)","[75,+)"
0.806420601910254,1.02518825982502,1.01173165106017,1.02376855179103,0.966792889549877,1.02583524129191,0.92041411168374,0.939987970375129
1.02518825982502,0.877199385791505,1.00281877533469,0.935410238462137,0.949351781708017,1.00453201111954,0.932163476496556,0.939345509335896
1.01173165106017,1.00281877533469,0.89766046013883,0.868689755126276,0.941046670983076,0.968124724735495,0.928777908320873,0.932557681417984
1.02376855179103,0.935410238462137,0.868689755126276,0.625336114512838,0.842830803165581,0.921555893322502,0.903262176153086,0.798399234726592
0.966792889549878,0.949351781708017,0.941046670983076,0.842830803165581,0.823340852097268,0.907803188916476,0.922374734828849,0.967295771191844
1.02583524129191,1.00453201111954,0.968124724735495,0.921555893322502,0.907803188916476,0.961744699265396,0.91233681020674,0.876844086640226
0.92041411168374,0.932163476496556,0.928777908320873,0.903262176153085,0.922374734828849,0.91233681020674,0.826708785507678,0.860353997351786
0.939987970375129,0.939345509335896,0.932557681417984,0.798399234726591,0.967295771191844,0.876844086640226,0.860353997351786,0.893878631922298
