"[0,1)","[1,5)","[5,15)","[15,25)","[25,45)","[45,65)","[65,75)","[75,+)"
0.0801313925275941,0.46154837321872,0.549696151016305,0.536829237797882,0.456959418481786,0.463134781597873,0.281797478503372,0.519167535368578
0.46154837321872,0.212220659161175,0.511274064463919,0.461919802814642,0.464065216629766,0.480189696948878,0.459459581675869,0.562539184095858
0.549696151016305,0.511274064463919,0.193722008389412,0.383298595148748,0.465545299569542,0.39244380194593,0.437338374192202,0.485381240241767
0.536829237797882,0.461919802814642,0.383298595148748,0.249016292370886,0.403257765044286,0.41805399556608,0.412010586188686,0.51903108671282
0.456959418481786,0.464065216629766,0.465545299569542,0.403257765044286,0.373911528200321,0.353853771076005,0.380072682319206,0.356363062541976
0.463134781597873,0.480189696948878,0.392443801945931,0.41805399556608,0.353853771076005,0.352106391294748,0.32543783747775,0.32474911864677
0.281797478503372,0.459459581675869,0.437338374192202,0.412010586188686,0.380072682319207,0.32543783747775,0.324269555382311,0.32022290657854
0.519167535368578,0.562539184095858,0.485381240241767,0.519031086712821,0.356363062541976,0.32474911864677,0.32022290657854,0.362685591276227
