"[0,1)","[1,5)","[5,15)","[15,25)","[25,45)","[45,65)","[65,75)","[75,+)"
0.11299419229705,0.636527401743927,0.841829308624739,0.883229720150448,0.73167880494381,0.620185249083758,0.944381780586699,0.490879676528131
0.636527401743927,0.398986660423675,0.695093068464018,0.735647089380869,0.710841133327464,0.602704816641477,0.609565320080806,0.518203823295616
0.841829308624739,0.695093068464018,0.352372066769929,0.630137586764905,0.701051649931455,0.549646665405892,0.610760422335419,0.53790317828028
0.883229720150448,0.735647089380869,0.630137586764905,0.501873084469947,0.694836155499122,0.718170858959088,0.788053234251153,0.733052954956072
0.73167880494381,0.710841133327464,0.701051649931455,0.694836155499122,0.636220656422528,0.63953923758547,0.750305119194756,0.765475743562641
0.620185249083758,0.602704816641477,0.549646665405892,0.718170858959088,0.63953923758547,0.656951191466305,0.677114646485145,0.640357740961331
0.944381780586699,0.609565320080806,0.61076042233542,0.788053234251153,0.750305119194756,0.677114646485145,0.714209854649637,0.752217605606145
0.490879676528131,0.518203823295616,0.53790317828028,0.733052954956072,0.765475743562641,0.640357740961331,0.752217605606145,0.853002040667452
