"[0,1)","[1,5)","[5,15)","[15,25)","[25,45)","[45,65)","[65,75)","[75,+)"
0.849566672438187,0.919659122196302,1.00713782526975,0.917573643119181,0.977326370733896,0.982087257601294,1.44346355993919,0.913947397414017
0.919659122196302,0.938683711209033,0.904198645490159,0.840375509160781,0.940399153704968,0.892306988197605,1.04638677221745,0.93363329924858
1.00713782526975,0.904198645490159,0.956578392652485,0.803107098046997,0.938800194825651,0.908208100886377,0.987281020995197,0.938700920970111
0.917573643119181,0.840375509160781,0.803107098046997,0.552920791954735,0.835716600607898,0.887459825365222,0.962217511657568,1.03485195030928
0.977326370733896,0.940399153704968,0.938800194825651,0.835716600607898,0.887593131038968,0.952549613690801,1.08893159819958,1.13390051402429
0.982087257601294,0.892306988197605,0.908208100886377,0.887459825365222,0.952549613690801,0.988222608899799,1.06790998912055,1.06562151224378
1.44346355993919,1.04638677221745,0.987281020995197,0.962217511657568,1.08893159819958,1.06790998912055,1.13781694248027,1.16328774476567
0.913947397414017,0.93363329924858,0.938700920970111,1.03485195030928,1.13390051402429,1.06562151224378,1.16328774476567,1.06763573620392
