"[0,1)","[1,5)","[5,15)","[15,25)","[25,45)","[45,65)","[65,75)","[75,+)"
0.817187818847031,1.08882056466078,1.03321740047563,1.03506267233852,0.993946677981201,1.08787392886029,1.08497354667354,0.960799540874195
1.08882056466078,0.965177992986794,1.00720642017882,0.982777094625519,0.969288965738107,1.05376384266499,0.975619217450008,0.965083094719586
1.03321740047563,1.00720642017882,0.981552071265172,0.942524298492844,0.988316021785065,1.02555568141322,0.962844866803135,0.956546988008833
1.03506267233853,0.982777094625519,0.942524298492844,0.712846405029805,0.97106659229014,1.01931912945989,0.996878098135053,0.979380424138837
0.993946677981201,0.969288965738107,0.988316021785065,0.97106659229014,0.942187734620241,0.975843640915165,0.871450427029512,0.883699982221096
1.08787392886029,1.05376384266499,1.02555568141322,1.01931912945989,0.975843640915165,1.00444692430815,0.94489601594848,0.895508144346658
1.08497354667354,0.975619217450008,0.962844866803135,0.996878098135053,0.871450427029512,0.94489601594848,0.890375145710881,0.930983660708005
0.960799540874195,0.965083094719586,0.956546988008833,0.979380424138837,0.883699982221096,0.895508144346658,0.930983660708005,1
