"[0,1)","[1,5)","[5,15)","[15,25)","[25,45)","[45,65)","[65,75)","[75,+)"
0.883592091298628,0.861380214371061,0.883594322801117,0.905253590308884,0.898661944985549,0.860532902241821,0.982780506941152,0.884211686607369
0.86138021437106,1.01287209044772,0.935788552544276,0.901630070097499,0.914361775083693,0.888933062500604,0.92729823841545,0.88693308825729
0.883594322801117,0.935788552544276,1.02439236324236,0.862915370750067,0.91819258302268,0.907366590193791,0.960916282706892,0.893592536305243
0.905253590308884,0.901630070097499,0.862915370750067,0.680165867615152,0.88177136690325,0.918279119689153,1.01391048550375,1.00561377399583
0.898661944985549,0.914361775083693,0.91819258302268,0.88177136690325,0.82415452648047,0.871822044192983,1.06770756254359,1.05915135930563
0.860532902241821,0.888933062500604,0.907366590193791,0.918279119689153,0.871822044192983,0.91858466249462,1.04387807302619,1.00919095049103
0.982780506941152,0.92729823841545,0.960916282706892,1.01391048550375,1.06770756254359,1.04387807302619,1.01343867859952,1.06588501355635
0.884211686607368,0.88693308825729,0.893592536305243,1.00561377399583,1.05915135930563,1.00919095049103,1.06588501355635,0.978801816003384
