"[0,1)","[1,5)","[5,15)","[15,25)","[25,45)","[45,65)","[65,75)","[75,+)"
0.722362898191165,0.902570278820419,0.964521226573587,0.969717880326878,0.95517797730919,1.01293684949168,1.06843765224555,0.894420254919557
0.902570278820419,0.778951761531781,0.900667842890862,0.920938718230412,0.910663913902733,0.958563885052298,0.916787179844743,0.902266978772814
0.964521226573587,0.900667842890862,0.784630840364,0.905742675409929,0.935767667747054,0.93677085414136,0.933152687644574,0.90688155339241
0.969717880326878,0.920938718230412,0.905742675409929,0.911358646409521,0.929931259541315,0.97758862292093,0.974729575024405,0.957382034329641
0.95517797730919,0.910663913902733,0.935767667747054,0.929931259541315,0.92754549744021,0.962351780939756,0.917599832690939,0.961249773841928
1.01293684949168,0.958563885052298,0.93677085414136,0.97758862292093,0.962351780939756,1.01135665671022,1.00201277132062,0.989150316195845
1.06843765224555,0.916787179844743,0.933152687644574,0.974729575024405,0.917599832690939,1.00201277132062,1.01595049922956,1.0041890568818
0.894420254919556,0.902266978772814,0.90688155339241,0.957382034329641,0.961249773841929,0.989150316195845,1.0041890568818,1
