"[0,1)","[1,5)","[5,15)","[15,25)","[25,45)","[45,65)","[65,75)","[75,+)"
0.597648003786636,0.853719440721309,1.0301755211807,1.05213058483084,1.02776919277168,0.94661396796443,1.57277029058923,0.821634178061557
0.853719440721309,0.689586077994522,0.834846956858498,1.02317048612379,0.955571917847328,0.803672795966628,0.932494926570178,0.844304987383355
1.0301755211807,0.834846956858498,0.699327669791919,1.00423231087978,0.979702642577099,0.805615291909922,0.888684512965906,0.838342920328057
1.05213058483084,1.02317048612379,1.00423231087978,1.23093882709651,1.17672655173783,1.061197481037,1.23714817133029,1.39785858406126
1.02776919277168,0.955571917847327,0.979702642577099,1.17672655173783,1.10540228292089,1.02416227516646,1.21779793879219,1.36741749730114
0.94661396796443,0.803672795966628,0.805615291909922,1.061197481037,1.02416227516646,0.924031721403515,1.00500599178011,0.956324056980009
1.57277029058923,0.932494926570178,0.888684512965906,1.23714817133029,1.21779793879219,1.00500599178011,1.10705145531367,1.12993365389301
0.821634178061557,0.844304987383355,0.838342920328057,1.39785858406126,1.36741749730114,0.956324056980009,1.12993365389301,1
