"[0,1)","[1,5)","[5,15)","[15,25)","[25,45)","[45,65)","[65,75)","[75,+)"
0.718129813215632,0.69367975142179,0.830762035565367,0.804824762122844,0.856432989838495,0.635802290332159,0.933671388260999,0.4943530693101
0.69367975142179,0.79646546910619,0.74941073956404,0.769658467697843,0.813696178921296,0.626679263555812,0.629613995032341,0.510550020625922
0.830762035565367,0.74941073956404,0.801291385906748,0.800287614175207,0.83092341376917,0.706255050794139,0.650528795012825,0.523781318868936
0.804824762122844,0.769658467697843,0.800287614175207,0.872701089363844,0.794256616534181,0.781711625341059,0.723237038545182,0.69589563764682
0.856432989838495,0.813696178921296,0.830923413769169,0.794256616534181,0.763507757030463,0.754410263601633,0.777835819571567,0.750782035339082
0.635802290332159,0.626679263555812,0.706255050794139,0.781711625341059,0.754410263601633,0.743670148423081,0.690769494724292,0.641038212118492
0.933671388260999,0.629613995032342,0.650528795012825,0.723237038545182,0.777835819571567,0.690769494724292,0.735506564964776,0.746633967116625
0.4943530693101,0.510550020625922,0.523781318868936,0.69589563764682,0.750782035339082,0.641038212118492,0.746633967116625,0.880124319110702
