"[0,1)","[1,5)","[5,15)","[15,25)","[25,45)","[45,65)","[65,75)","[75,+)"
0.0400739718604076,0.382500302505446,0.643566620825683,0.631370738670229,0.560321018876889,0.318481385654397,0.343216644903943,0.175751753774779
0.382500302505446,0.175597244841828,0.522662217250584,0.460557113804679,0.494865698969864,0.348917365601229,0.235504484681456,0.185841751643947
0.643566620825682,0.522662217250583,0.155161490674983,0.373112094089052,0.513604626278428,0.314045664531923,0.302196764549705,0.204056222645045
0.631370738670229,0.460557113804679,0.373112094089052,0.210454605763576,0.372132896983629,0.41455631813548,0.324302892588094,0.200049835408607
0.560321018876889,0.494865698969864,0.513604626278428,0.372132896983629,0.333861464242876,0.304778538224022,0.30177243861686,0.303991534520217
0.318481385654397,0.348917365601229,0.314045664531923,0.41455631813548,0.304778538224022,0.358375905877481,0.289730907307544,0.242078056319682
0.343216644903943,0.235504484681457,0.302196764549705,0.324302892588094,0.30177243861686,0.289730907307544,0.380730483568158,0.384171765121288
0.175751753774779,0.185841751643947,0.204056222645045,0.200049835408607,0.303991534520217,0.242078056319682,0.384171765121288,0.722337043795307
