"[0,1)","[1,5)","[5,15)","[15,25)","[25,45)","[45,65)","[65,75)","[75,+)"
0.147433079026977,0.958220668824742,1.10031530936068,1.14844403314139,0.947863626574578,1.04403541448201,1.62653703296701,0.938874733622719
0.958220668824742,0.362965525422563,0.880779208001482,1.01205823578717,0.927536679300581,0.930477287382886,1.08414273700871,0.967952576623866
1.10031530936068,0.880779208001482,0.358667354061881,0.909925877681537,0.880589228103261,0.801943179085027,0.992918782587849,0.983371868462648
1.14844403314139,1.01205823578717,0.909925877681537,0.977210719142463,0.991432012255868,1.00517087325991,1.23780599868453,1.22751995629334
0.947863626574578,0.927536679300581,0.880589228103261,0.991432012255868,0.915780913071542,0.946459511665951,1.20715311061169,1.32679383529134
1.04403541448201,0.930477287382886,0.801943179085027,1.00517087325991,0.946459511665951,0.942405646351893,1.10059114771266,1.07757965049249
1.62653703296701,1.08414273700871,0.992918782587849,1.23780599868453,1.20715311061169,1.10059114771266,1.10229072178757,1.18518115453591
0.938874733622719,0.967952576623866,0.983371868462648,1.22751995629334,1.32679383529134,1.07757965049249,1.18518115453591,0.998825884752696
