"[0,1)","[1,5)","[5,15)","[15,25)","[25,45)","[45,65)","[65,75)","[75,+)"
0.580135520886919,0.926878107513851,1.01754065783363,1.06426528360477,1.00468566637813,0.919124988007652,1.59291918032182,0.866688701226385
0.926878107513851,0.838148431214968,0.92557111220091,0.968329882059622,0.979923708389092,0.839548884248527,1.04920654785061,0.893463636863179
1.01754065783363,0.92557111220091,0.813928906097828,0.92682968240393,0.962758847766075,0.832436607425549,0.983391514104045,0.914042157797907
1.06426528360477,0.968329882059622,0.926829682403929,0.862836668334637,0.955029109838516,0.915516928338506,1.1324697128595,1.00142393026849
1.00468566637813,0.979923708389092,0.962758847766075,0.955029109838516,0.968710313059684,0.929899851284312,1.19954954826126,1.31845986487317
0.919124988007652,0.839548884248527,0.832436607425549,0.915516928338506,0.929899851284312,0.853994560788451,1.01816934604944,0.968333612938092
1.59291918032182,1.04920654785061,0.983391514104045,1.1324697128595,1.19954954826126,1.01816934604944,1.09977383978603,1.20967479799077
0.866688701226385,0.893463636863179,0.914042157797907,1.00142393026849,1.31845986487317,0.968333612938092,1.20967479799077,0.99351327373518
