"[0,1)","[1,5)","[5,15)","[15,25)","[25,45)","[45,65)","[65,75)","[75,+)"
0.346024366596084,1.45186103261919,1.3831272833956,1.2089718335067,1.12815263349449,1.45988138940755,1.31384702997464,1.56834828923332
1.45186103261919,0.644343823188321,1.2570532683936,1.09481911558698,1.1503074006334,1.33326447952831,1.44452574584848,1.55896524207091
1.3831272833956,1.2570532683936,0.650770871669398,0.952804232369667,1.08011090423183,1.0968300081328,1.33011548736387,1.52280363035341
1.2089718335067,1.09481911558698,0.952804232369667,0.614081237135801,0.958899206387897,0.948972817565759,1.08073158505865,1.02536170794632
1.12815263349449,1.1503074006334,1.08011090423183,0.958899206387897,1.01900501052707,1.04590059969423,1.33758740562671,1.3758504523962
1.45988138940755,1.33326447952831,1.0968300081328,0.94897281756576,1.04590059969423,1.02341638378534,1.16843763494519,1.16066270569808
1.31384702997464,1.44452574584848,1.33011548736387,1.08073158505865,1.33758740562671,1.16843763494519,1.06001791917852,1.08933917413784
1.56834828923332,1.55896524207091,1.52280363035341,1.02536170794632,1.3758504523962,1.16066270569808,1.08933917413784,1.00609553913344
