"[0,1)","[1,5)","[5,15)","[15,25)","[25,45)","[45,65)","[65,75)","[75,+)"
0.958248125030582,0.587180354038782,0.700778578552951,0.738851215191513,0.775928342078536,0.489169270926253,0.487665903669743,0.498090795606859
0.587180354038782,0.898981753329988,0.751944528990778,0.690420106818406,0.731833613202348,0.549871622292824,0.513448771401386,0.497401861665818
0.700778578552951,0.751944528990778,0.880689905163106,0.719649958368662,0.777972657096933,0.610739502953495,0.581482668280825,0.493694777919245
0.738851215191514,0.690420106818406,0.719649958368662,0.712284942475481,0.639002222805645,0.641424615292862,0.579619695035538,0.539662557878441
0.775928342078536,0.731833613202348,0.777972657096933,0.639002222805645,0.594584161742308,0.533491675814521,0.566063143769228,0.548063921639979
0.489169270926253,0.549871622292824,0.610739502953494,0.641424615292862,0.533491675814521,0.632451007844857,0.533223644326361,0.526398701100452
0.487665903669743,0.513448771401387,0.581482668280825,0.579619695035538,0.566063143769228,0.533223644326361,0.640100809289009,0.567788609575433
0.498090795606859,0.497401861665818,0.493694777919245,0.539662557878441,0.548063921639979,0.526398701100452,0.567788609575433,1
