"[0,1)","[1,5)","[5,15)","[15,25)","[25,45)","[45,65)","[65,75)","[75,+)"
0.90681463316111,1.24012735368158,1.1899632732954,1.14840484625031,1.11233527997621,1.26215425917544,1.44067820884284,1.29837789685172
1.24012735368158,0.952911718648075,1.12216579241102,1.08908203179492,1.07611673842111,1.14382371943886,1.2952627395739,1.30346033554992
1.1899632732954,1.12216579241102,0.944255955808133,1.05910973648677,1.04751571292948,1.04905789276283,1.19280095266571,1.28429213006706
1.14840484625031,1.08908203179492,1.05910973648677,1.01710875403552,1.00653412507661,1.01412354728419,1.09723357968432,1.07106221713424
1.11233527997621,1.07611673842111,1.04751571292948,1.00653412507661,0.973480087474024,1.00484368544653,1.16263991255077,1.29047596402573
1.26215425917544,1.14382371943886,1.04905789276283,1.0141235472842,1.00484368544653,0.993246593017765,1.07455525304097,1.05466087377283
1.44067820884284,1.2952627395739,1.19280095266571,1.09723357968432,1.16263991255077,1.07455525304097,1.06514382194139,1.13879238403065
1.29837789685172,1.30346033554992,1.28429213006706,1.07106221713424,1.29047596402573,1.05466087377283,1.13879238403065,1.00249892555539
