"[0,1)","[1,5)","[5,15)","[15,25)","[25,45)","[45,65)","[65,75)","[75,+)"
0.843012685778853,0.965261090558297,1.01134048617123,0.975196945377933,0.990236678918211,1.04054032272129,1.20637986575483,1.00358870226063
0.965261090558297,0.945291249288509,0.960921356022269,0.900286423519902,0.938854332486975,0.976768929302433,1.03260390230087,1.01156531991952
1.01134048617123,0.960921356022269,0.948669774271193,0.864170130324805,0.96251612222362,0.958328769609949,1.01398988629662,1.01074309025083
0.975196945377933,0.900286423519902,0.864170130324805,0.60325796431291,0.904653448695937,0.94558868273175,1.01685059132866,1.03488395468837
0.99023667891821,0.938854332486975,0.96251612222362,0.904653448695937,0.931682777254811,0.949936702104719,1.01374932974354,1.0883486804246
1.04054032272129,0.976768929302434,0.958328769609949,0.94558868273175,0.949936702104719,0.99101935075424,1.04191595162785,1.04145378370783
1.20637986575483,1.03260390230087,1.01398988629662,1.01685059132866,1.01374932974354,1.04191595162785,1.10101569197913,1.10286390534553
1.00358870226063,1.01156531991952,1.01074309025083,1.03488395468837,1.0883486804246,1.04145378370783,1.10286390534553,1
