"[0,1)","[1,5)","[5,15)","[15,25)","[25,45)","[45,65)","[65,75)","[75,+)"
0.818584924393383,0.968866797878558,1.05602312736571,0.957511830485329,1.0064776138192,1.06373714446106,1.56353543167621,0.99210737677669
0.968866797878558,0.961128871667598,0.942542320299211,0.875572157818095,0.967282226029496,0.945054786701227,1.13105434772037,1.01086301754156
1.05602312736571,0.942542320299211,0.967581061220865,0.831501521284931,0.957649115679978,0.935764783220538,1.05689401327444,1.01869920772693
0.957511830485329,0.875572157818095,0.831501521284931,0.569208924563321,0.83891483756752,0.902862389839493,1.02270363332021,1.12048520632983
1.0064776138192,0.967282226029496,0.957649115679979,0.83891483756752,0.877660631775158,0.953792706305702,1.14835722501472,1.22581822847256
1.06373714446106,0.945054786701227,0.935764783220538,0.902862389839493,0.953792706305702,1.00505486398439,1.13442924662254,1.14658206901284
1.56353543167621,1.13105434772037,1.05689401327444,1.02270363332021,1.14835722501472,1.13442924662254,1.22105673447893,1.24790611655418
0.99210737677669,1.01086301754156,1.01869920772693,1.12048520632983,1.22581822847256,1.14658206901284,1.24790611655418,1.10508492714812
