"[0,1)","[1,5)","[5,15)","[15,25)","[25,45)","[45,65)","[65,75)","[75,+)"
0.734201775136467,0.570712385265381,0.734782536032459,0.747347314260862,0.786372317784133,0.521373456920006,0.641673957550733,0.428941142643696
0.570712385265381,0.815760585323458,0.728858587896126,0.703464471414892,0.751511433537864,0.556972067897437,0.475921422787783,0.43627965493111
0.734782536032459,0.728858587896126,0.798817768680084,0.725516970672356,0.789693177796311,0.612528343082056,0.556120686878111,0.437034936326304
0.747347314260862,0.703464471414892,0.725516970672356,0.754841572815188,0.703817008368004,0.680939914191605,0.608800350933225,0.555144551364902
0.786372317784133,0.751511433537864,0.789693177796311,0.703817008368004,0.665279003630175,0.614528875564503,0.654184476555274,0.639406269489736
0.521373456920006,0.556972067897437,0.612528343082056,0.680939914191605,0.614528875564503,0.669955105553242,0.553070634355909,0.565937067080706
0.641673957550733,0.475921422787783,0.556120686878111,0.608800350933225,0.654184476555274,0.553070634355909,0.631030460823445,0.56396969254685
0.428941142643696,0.43627965493111,0.437034936326304,0.555144551364903,0.639406269489736,0.565937067080706,0.56396969254685,1
