"[0,1)","[1,5)","[5,15)","[15,25)","[25,45)","[45,65)","[65,75)","[75,+)"
0.851355481626178,1.11627836761145,1.07571095694004,1.0934246767014,1.02333499595412,1.13783625699697,1.02555279544328,1.04895124397142
1.11627836761145,0.939634872532504,1.07718422654926,1.01605244048411,1.01732189798554,1.10345203246892,1.03818559719225,1.04830523262407
1.07571095694004,1.07718422654926,0.95343565108306,0.94046918134544,0.998871621825819,1.04952260036072,1.02774906090104,1.04708131812192
1.0934246767014,1.01605244048411,0.94046918134544,0.690542309625342,0.913070032112836,0.994901686887529,1.00120493738728,0.889763531071724
1.02333499595412,1.01732189798554,0.998871621825819,0.913070032112836,0.890531580761944,0.990230122858673,1.022275153178,1.08782436034637
1.13783625699697,1.10345203246892,1.04952260036072,0.994901686887529,0.990230122858673,1.04499020508128,1.01677738274617,0.985885680182714
1.02555279544328,1.03818559719225,1.02774906090104,1.00120493738728,1.022275153178,1.01677738274617,0.917269914386077,0.95123743971779
1.04895124397142,1.04830523262407,1.04708131812192,0.889763531071724,1.08782436034637,0.985885680182714,0.95123743971779,0.926688192661113
