"[0,1)","[1,5)","[5,15)","[15,25)","[25,45)","[45,65)","[65,75)","[75,+)"
0.1760130008213,0.588117190760118,0.765615829962829,0.742479631759535,0.705955076377956,0.565184197870954,0.563521541963073,0.569987213016369
0.588117190760118,0.506806963134361,0.691701336012815,0.690469682895112,0.696702750393841,0.599085332290015,0.576654235468929,0.569774994168275
0.765615829962829,0.691701336012815,0.526954386739782,0.696211227679766,0.7095760972411,0.609855002875667,0.617023436064642,0.563958440615031
0.742479631759535,0.690469682895112,0.696211227679766,0.773398925734156,0.657753233536599,0.682324697676506,0.645235903226546,0.638393497695471
0.705955076377956,0.696702750393841,0.7095760972411,0.657753233536599,0.585162716684279,0.592007256010282,0.668063019529071,0.62070459864854
0.565184197870954,0.599085332290015,0.609855002875667,0.682324697676506,0.592007256010282,0.622781821193851,0.594776879101198,0.555169630899326
0.563521541963073,0.576654235468929,0.617023436064642,0.645235903226546,0.668063019529071,0.594776879101198,0.648248796282609,0.655919882262534
0.569987213016369,0.569774994168275,0.563958440615031,0.638393497695471,0.62070459864854,0.555169630899326,0.655919882262534,0.852218642791746
