"[0,1)","[1,5)","[5,15)","[15,25)","[25,45)","[45,65)","[65,75)","[75,+)"
0.0805328186028672,0.869727102065336,1.09266048768935,1.14753976738769,0.943309631457344,1.0613534133048,1.78409403048956,1.08519186497625
0.869727102065336,0.28840096921634,0.767524849059126,1.00030893062494,0.906128888693582,0.844763606939802,1.2205841637542,1.10538276325671
1.09266048768935,0.767524849059126,0.284097421300846,0.841293441436697,0.860816100506225,0.726406107749253,1.05456995105088,1.10268561717451
1.14753976738769,1.00030893062494,0.841293441436697,0.865781178198471,1.06526532120597,1.07108738618375,1.41494645287674,1.8309467065978
0.943309631457344,0.906128888693582,0.860816100506225,1.06526532120597,0.907907094058303,0.950187457745972,1.29271444348627,1.41998582988098
1.0613534133048,0.844763606939802,0.726406107749253,1.07108738618375,0.950187457745972,0.948423628152884,1.18686357274283,1.22535132812239
1.78409403048956,1.2205841637542,1.05456995105088,1.41494645287674,1.29271444348627,1.18686357274283,1.41973621623175,1.42233648897797
1.08519186497625,1.10538276325671,1.10268561717451,1.8309467065978,1.41998582988098,1.22535132812239,1.42233648897797,1.20546064799322
