"[0,1)","[1,5)","[5,15)","[15,25)","[25,45)","[45,65)","[65,75)","[75,+)"
0.228028123084826,1.09395811005273,1.14438784317715,1.09277293714206,0.948821221137795,1.14549055598919,1.19591740274028,1.14346847116418
1.09395811005273,0.410566198430984,0.973857423670471,0.976029931433013,0.931361339878798,1.03044260352749,1.10620570813057,1.14540217789722
1.14438784317715,0.973857423670471,0.41393712148014,0.883502426262807,0.891869853736715,0.8652129952018,1.01342694698053,1.12066474620543
1.09277293714206,0.976029931433013,0.883502426262807,0.861104247354209,0.877196335592445,0.901254457442853,0.949689558815193,0.912273281968325
0.948821221137795,0.931361339878798,0.891869853736715,0.877196335592445,0.828218831400317,0.861010594469114,0.980463995777095,1.07584049490873
1.14549055598919,1.03044260352749,0.8652129952018,0.901254457442853,0.861010594469114,0.860862388087023,0.895546463412965,0.868094702226218
1.19591740274028,1.10620570813057,1.01342694698053,0.949689558815193,0.980463995777095,0.895546463412965,0.880473252481998,0.935983181651724
1.14346847116418,1.14540217789722,1.12066474620543,0.912273281968325,1.07584049490873,0.868094702226218,0.935983181651724,0.919761984255004
