"[0,1)","[1,5)","[5,15)","[15,25)","[25,45)","[45,65)","[65,75)","[75,+)"
0.465677380527144,1.10111652052787,1.11800636273233,0.984243202746014,0.996963759484763,1.02632397429468,1.00940379901916,0.98173758217636
1.10111652052787,0.717555451378852,1.03921235226602,0.926935478682233,0.974300837971355,0.983182032419746,1.05355572491812,0.983404511089696
1.11800636273233,1.03921235226602,0.72728132275524,0.906321752849165,0.955283540783787,0.89602580648871,1.05216501076597,0.969238246413272
0.984243202746014,0.926935478682233,0.906321752849165,0.853004279954823,0.81707235709523,0.791050363329825,0.892031031115714,0.702904333696944
0.996963759484763,0.974300837971355,0.955283540783787,0.817072357095229,0.812431687216601,0.775503815792931,1.09126255195694,0.996371286755105
1.02632397429468,0.983182032419746,0.89602580648871,0.791050363329825,0.775503815792931,0.759444050181058,0.884484613627067,0.811086204729404
1.00940379901916,1.05355572491812,1.05216501076597,0.892031031115714,1.09126255195694,0.884484613627067,0.744236720552601,0.78468555355681
0.98173758217636,0.983404511089696,0.969238246413272,0.702904333696944,0.996371286755105,0.811086204729404,0.78468555355681,0.859644935523117
