"[0,1)","[1,5)","[5,15)","[15,25)","[25,45)","[45,65)","[65,75)","[75,+)"
0.106371680850676,0.438247348203739,0.625523994549619,0.665573588732197,0.612116999487501,0.354178565236983,0.373060946318743,0.288198196006761
0.438247348203739,0.221383533484888,0.579536775025326,0.522626099796736,0.572717999852598,0.40847895220263,0.296227194854186,0.291397866529942
0.625523994549619,0.579536775025326,0.220522108430847,0.451443880129643,0.653487075809686,0.421631823000308,0.43915379618076,0.292229507579489
0.665573588732197,0.522626099796736,0.451443880129643,0.260597690773836,0.550336273930876,0.552828158574616,0.471685229487861,0.328221869561239
0.612116999487501,0.572717999852598,0.653487075809686,0.550336273930876,0.504763494543962,0.427736271574366,0.452092461303503,0.383773862757115
0.354178565236983,0.40847895220263,0.421631823000308,0.552828158574616,0.427736271574366,0.550793773621329,0.424534322174997,0.356340604632755
0.373060946318743,0.296227194854186,0.43915379618076,0.471685229487861,0.452092461303503,0.424534322174997,0.504472249347603,0.452704205209523
0.288198196006761,0.291397866529942,0.292229507579489,0.328221869561239,0.383773862757115,0.356340604632755,0.452704205209523,1
