"[0,1)","[1,5)","[5,15)","[15,25)","[25,45)","[45,65)","[65,75)","[75,+)"
0.665977628943707,1.01197150666805,0.975663132062655,0.986172401909718,0.953928459428683,0.956880931711718,0.861209561160344,0.868763060701787
1.01197150666805,0.903137018358666,0.978050894626446,0.936139089113428,0.942322579774438,0.959114986809955,0.870781531431975,0.868465950232127
0.975663132062655,0.978050894626446,0.919498028743773,0.929059675669356,0.965578967372553,0.955505891461872,0.886705122614366,0.863908740290258
0.986172401909718,0.936139089113428,0.929059675669356,0.828733189593691,0.895340821223143,0.908868450996111,0.842162480790295,0.732006248422801
0.953928459428682,0.942322579774438,0.965578967372553,0.895340821223142,0.881015441427775,0.889323407671108,0.841208073573421,0.844641935565543
0.956880931711718,0.959114986809955,0.955505891461872,0.908868450996111,0.889323407671108,0.902714864833866,0.809124500463577,0.777766970269655
0.861209561160344,0.870781531431974,0.886705122614365,0.842162480790295,0.841208073573421,0.809124500463577,0.756114976585684,0.76012544362708
0.868763060701787,0.868465950232127,0.863908740290258,0.732006248422801,0.844641935565543,0.777766970269655,0.76012544362708,1
