"[0,1)","[1,5)","[5,15)","[15,25)","[25,45)","[45,65)","[65,75)","[75,+)"
0.864262005583581,1.21181152261095,1.14811631668744,1.06263088896609,1.09748744013408,1.16764945386817,1.11146123328847,1.07490418814425
1.21181152261095,0.923817683416944,1.08704512721234,1.01776979717354,1.05562717991407,1.11455126623004,1.09692469962936,1.07655260400695
1.14811631668744,1.08704512721234,0.950168254036193,1.01077341065695,1.06785117281149,1.08763613767194,1.0499240200619,1.06433674001858
1.06263088896609,1.01776979717354,1.01077341065695,0.893997703852874,0.997304539767668,0.971654252391253,0.943944815840703,0.842657991098714
1.09748744013408,1.05562717991407,1.06785117281149,0.997304539767668,1.05736084754034,1.04019737144831,1.12882774705741,1.11700571598136
1.16764945386817,1.11455126623004,1.08763613767194,0.971654252391253,1.04019737144831,0.997238238359102,0.982310666500432,0.981242326107625
1.11146123328847,1.09692469962936,1.0499240200619,0.943944815840703,1.12882774705741,0.982310666500432,0.872895126469675,0.884392542130708
1.07490418814425,1.07655260400695,1.06433674001858,0.842657991098714,1.11700571598136,0.981242326107625,0.884392542130708,1
