"[0,1)","[1,5)","[5,15)","[15,25)","[25,45)","[45,65)","[65,75)","[75,+)"
0.802122440247896,1.09607124022595,1.06810349373406,1.00083945511401,1.03083310229253,1.03285051370328,0.975890557984132,0.940272055105416
1.09607124022595,0.878716412039694,1.02825860628734,0.948177122892136,0.993524457371396,1.00278409610753,0.958951035439323,0.941297463239914
1.06810349373406,1.02825860628734,0.908749606365811,0.944049803584668,1.01214206922503,0.989702369120303,0.947705477805339,0.9373603293572
1.00083945511401,0.948177122892136,0.944049803584668,0.822110208406681,0.919015069511574,0.892454938303882,0.842842036243097,0.727287081663236
1.03083310229253,0.993524457371396,1.01214206922503,0.919015069511574,0.962106691576958,0.933774122895273,1.00380500122852,0.977241582654742
1.03285051370328,1.00278409610753,0.989702369120303,0.892454938303882,0.933774122895273,0.907058564252097,0.858964180862727,0.858043561435339
0.975890557984132,0.958951035439322,0.94770547780534,0.842842036243097,1.00380500122852,0.858964180862727,0.775609751159623,0.762206397598797
0.940272055105416,0.941297463239914,0.9373603293572,0.727287081663237,0.977241582654742,0.858043561435339,0.762206397598796,1
