"[0,1)","[1,5)","[5,15)","[15,25)","[25,45)","[45,65)","[65,75)","[75,+)"
0.715146388453065,0.788555296773,0.91908171032691,0.867302149119247,0.832528510957072,0.664384644097544,1.14942051612532,0.49520090733279
0.788555296773,0.837518303708816,0.795887885983137,0.748691047719491,0.753562087347185,0.611937779973104,0.675446070019203,0.516673965679574
0.91908171032691,0.795887885983137,0.838577672040482,0.730892436410768,0.766857652173289,0.626166458601699,0.6632279214416,0.533323330259657
0.867302149119247,0.748691047719491,0.730892436410768,0.581314385023182,0.618461235759006,0.647813690036615,0.722112113775885,0.743603574637621
0.832528510957072,0.753562087347185,0.766857652173289,0.618461235759006,0.514941680779128,0.491023600835882,0.622969029018596,0.668503858691034
0.664384644097545,0.611937779973104,0.626166458601699,0.647813690036615,0.491023600835882,0.533165732847143,0.59303579479906,0.572680891413956
1.14942051612532,0.675446070019203,0.6632279214416,0.722112113775885,0.622969029018596,0.59303579479906,0.755967575164653,0.761770992787285
0.49520090733279,0.516673965679574,0.533323330259658,0.74360357463762,0.668503858691034,0.572680891413956,0.761770992787285,0.891006632917869
