"[0,1)","[1,5)","[5,15)","[15,25)","[25,45)","[45,65)","[65,75)","[75,+)"
0.0539294695307469,0.40330646928296,0.654720825713087,0.630265611147887,0.562045786065561,0.33367398300065,0.370462812489379,0.223047168283477
0.40330646928296,0.184481460433395,0.527875118812427,0.473414300967801,0.513440415335885,0.370063813183222,0.26837903496233,0.228195128174462
0.654720825713087,0.527875118812427,0.164240390696413,0.38739826337926,0.524068545926393,0.343748866866536,0.329757282270974,0.236307033925514
0.630265611147886,0.473414300967801,0.38739826337926,0.230639872996241,0.409549066693791,0.448032269021291,0.357079556250823,0.249426516293305
0.56204578606556,0.513440415335885,0.524068545926393,0.409549066693791,0.37412737077337,0.351234273906723,0.365971458264499,0.347949222379222
0.33367398300065,0.370063813183222,0.343748866866536,0.448032269021291,0.351234273906723,0.395052342884517,0.325012862687861,0.271694079225574
0.370462812489379,0.26837903496233,0.329757282270974,0.357079556250823,0.365971458264499,0.325012862687861,0.411596175283118,0.419667215921571
0.223047168283477,0.228195128174462,0.236307033925514,0.249426516293305,0.347949222379222,0.271694079225574,0.419667215921571,0.735404885699387
