"[0,1)","[1,5)","[5,15)","[15,25)","[25,45)","[45,65)","[65,75)","[75,+)"
0.120956359881885,0.822662014302858,0.929552315663392,0.93585813916005,0.853396228465566,0.950449673493329,0.999719305235169,0.840450012573315
0.822662014302858,0.323447787718643,0.788841690099924,0.840017711476162,0.804483639822044,0.882686064375308,0.848271430451894,0.846314332128177
0.929552315663392,0.788841690099924,0.349453231048872,0.779424790990749,0.855535910139897,0.817666804276963,0.874687891451599,0.843531599722419
0.93585813916005,0.840017711476162,0.779424790990749,0.805046748284337,0.858770839297808,0.913550691427876,0.908081231372331,0.89085485111903
0.853396228465566,0.804483639822044,0.855535910139897,0.858770839297808,0.83527932001917,0.876097248583571,0.85079453224527,0.899918197353373
0.950449673493329,0.882686064375308,0.817666804276963,0.913550691427876,0.876097248583571,0.937441102537576,0.89879910832901,0.9174740708695
0.999719305235169,0.848271430451894,0.874687891451599,0.908081231372331,0.85079453224527,0.89879910832901,0.918402454098399,0.883301612012425
0.840450012573315,0.846314332128177,0.843531599722419,0.89085485111903,0.899918197353374,0.9174740708695,0.883301612012425,1
