"[0,1)","[1,5)","[5,15)","[15,25)","[25,45)","[45,65)","[65,75)","[75,+)"
0.298339039669085,1.33736035298932,1.31467763500107,1.15044174549356,1.07452658975721,1.35135956911767,1.34722450485872,1.33663608711103
1.33736035298932,0.523944325648779,1.16121226967271,1.06671522004853,1.07889447269135,1.22484319883581,1.2988790323783,1.33701426607186
1.31467763500107,1.16121226967271,0.531294574619685,0.975483068963981,1.01888289033044,1.00672733774915,1.1990388945199,1.31346150404278
1.15044174549356,1.06671522004853,0.975483068963981,0.896560918967989,0.962850628113567,0.932928466327802,1.05172681872862,0.933834192806227
1.07452658975721,1.07889447269135,1.01888289033044,0.962850628113567,0.978152006598368,0.980609443536144,1.31612865535299,1.27935435510894
1.35135956911767,1.22484319883581,1.00672733774915,0.932928466327802,0.980609443536144,0.938812748510547,1.11086533245921,1.05246957509535
1.34722450485872,1.2988790323783,1.1990388945199,1.05172681872862,1.31612865535299,1.11086533245922,0.915776231424675,0.980766390176424
1.33663608711103,1.33701426607186,1.31346150404278,0.933834192806227,1.27935435510894,1.05246957509535,0.980766390176424,0.923097348565564
