"[0,1)","[1,5)","[5,15)","[15,25)","[25,45)","[45,65)","[65,75)","[75,+)"
0.0848327252354792,0.988589804426004,1.21496550231206,1.15076326184151,1.0065608962649,1.09113589057173,1.96218074689986,0.949730122700464
0.988589804426004,0.338718989465165,0.823140587971879,1.05489698698904,0.877583068067496,0.881552998624332,1.09226834342893,0.986421255750211
1.21496550231206,0.823140587971879,0.371993763552755,0.981501512927409,0.924964553877812,0.795898422191148,0.984296411758218,0.967171299221438
1.15076326184151,1.05489698698904,0.981501512927409,1.18771746750975,1.12291004565235,1.08401963872196,1.34561396854883,1.63657661879734
1.0065608962649,0.877583068067496,0.924964553877812,1.12291004565235,0.939047457795433,0.905812907370009,1.12481073160142,1.29410229545829
1.09113589057173,0.881552998624332,0.795898422191148,1.08401963872196,0.905812907370009,0.875923013961102,0.963167429476535,1.04071029298197
1.96218074689986,1.09226834342893,0.984296411758218,1.34561396854883,1.12481073160142,0.963167429476535,1.13790934595235,1.11884978234454
0.949730122700464,0.98642125575021,0.967171299221438,1.63657661879734,1.29410229545829,1.04071029298197,1.11884978234454,1
