"[0,1)","[1,5)","[5,15)","[15,25)","[25,45)","[45,65)","[65,75)","[75,+)"
0.479146559290074,0.766665737774108,0.936754445533815,0.923800785032221,0.950722154610578,0.82826545263217,1.30775982530117,0.668016973175765
0.766665737774108,0.838313676943474,0.832651503709324,0.880127580270393,0.907059312763368,0.749671552995849,0.778923469870027,0.6931807132692
0.936754445533815,0.832651503709324,0.819742569321788,0.88462824943239,0.930500490351767,0.76436837591429,0.775486147093011,0.69464528480423
0.923800785032221,0.880127580270393,0.884628249432391,0.952009877749853,0.957174677961948,0.877987333413099,0.916653366908051,0.928789589522154
0.950722154610578,0.907059312763368,0.930500490351767,0.957174677961948,0.957638269267283,0.89468020968709,1.00642585575861,1.09000497745916
0.828265452632169,0.749671552995849,0.76436837591429,0.877987333413099,0.89468020968709,0.836144649172401,0.826289767788331,0.819299387379177
1.30775982530117,0.778923469870027,0.775486147093011,0.916653366908051,1.00642585575861,0.826289767788331,0.885927180171412,0.862211653081647
0.668016973175765,0.6931807132692,0.69464528480423,0.928789589522154,1.09000497745916,0.819299387379177,0.862211653081647,1
