"[0,1)","[1,5)","[5,15)","[15,25)","[25,45)","[45,65)","[65,75)","[75,+)"
0.191014437704706,0.465441087395476,0.685495334270284,0.671595204022539,0.584560670088681,0.355970226168802,0.412325737041198,0.268872424699969
0.465441087395476,0.321983810257542,0.564102856114868,0.567670314012861,0.551750906924274,0.399726260701632,0.314270166274905,0.273807010580712
0.685495334270284,0.564102856114868,0.281972692162828,0.520477253384131,0.566690045791737,0.405682021206311,0.364019337550019,0.274265146592462
0.671595204022539,0.567670314012861,0.520477253384131,0.502978172730854,0.518868490369157,0.536506185082891,0.441424477016906,0.397264815546453
0.584560670088681,0.551750906924274,0.566690045791737,0.518868490369157,0.454982884191368,0.41105682204389,0.370224130690983,0.31195382567678
0.355970226168802,0.399726260701632,0.405682021206311,0.536506185082891,0.41105682204389,0.427434995429285,0.329616850369773,0.272645378563577
0.412325737041198,0.314270166274905,0.364019337550019,0.441424477016906,0.370224130690983,0.329616850369773,0.415371810400484,0.415578357550257
0.268872424699969,0.273807010580712,0.274265146592462,0.397264815546453,0.31195382567678,0.272645378563577,0.415578357550256,0.742409532459161
