"[0,1)","[1,5)","[5,15)","[15,25)","[25,45)","[45,65)","[65,75)","[75,+)"
0.750270716998012,0.856917257846038,0.900028528123067,0.909504816501317,0.896400206679385,0.832172996780524,0.817746030044478,0.812881812618941
0.856917257846038,0.870427340696925,0.909328856472747,0.880678109884822,0.892003759416939,0.850266878041699,0.815288684863541,0.813123171623779
0.900028528123067,0.909328856472746,0.873128036796359,0.887231571360999,0.911155236401716,0.865781160639335,0.850629625469361,0.812144454858508
0.909504816501317,0.880678109884822,0.887231571360999,0.883727996073749,0.866006662766918,0.872591808772048,0.850856666375654,0.812452531218781
0.896400206679385,0.892003759416939,0.911155236401716,0.866006662766918,0.853827894169576,0.823343117286573,0.822091080417352,0.808409354839149
0.832172996780524,0.8502668780417,0.865781160639335,0.872591808772048,0.823343117286573,0.874944912400942,0.839416420397302,0.807432023540186
0.817746030044478,0.815288684863541,0.850629625469361,0.850856666375654,0.822091080417352,0.839416420397302,0.868004215461877,0.862950027213172
0.812881812618941,0.813123171623779,0.812144454858508,0.812452531218781,0.808409354839149,0.807432023540186,0.862950027213172,1
