"[0,1)","[1,5)","[5,15)","[15,25)","[25,45)","[45,65)","[65,75)","[75,+)"
0.0638152109735488,0.440970744021062,0.657738372974823,0.628833008384835,0.550618435288391,0.386670342898994,0.35011581657935,0.324890615555551
0.440970744021062,0.216395053340012,0.555250482189967,0.496570571828877,0.524698684082393,0.427422130655046,0.332809731392113,0.32606097547167
0.657738372974823,0.555250482189967,0.195781323359815,0.41673782302552,0.537918939955459,0.394755821427839,0.381213154563769,0.327459005094381
0.628833008384835,0.496570571828877,0.41673782302552,0.259668833281652,0.445974027599333,0.485157589044586,0.388628815671083,0.325629259486023
0.550618435288391,0.524698684082393,0.537918939955459,0.445974027599333,0.429054499154798,0.400817820874695,0.370948514148049,0.336266795186134
0.386670342898994,0.427422130655046,0.394755821427839,0.485157589044586,0.400817820874695,0.441397432787341,0.366772096502844,0.326233870934555
0.35011581657935,0.332809731392113,0.381213154563769,0.388628815671084,0.370948514148049,0.366772096502844,0.444231698808142,0.43437543829953
0.324890615555551,0.32606097547167,0.327459005094381,0.325629259486023,0.336266795186134,0.326233870934555,0.43437543829953,0.75484063546766
