"[0,1)","[1,5)","[5,15)","[15,25)","[25,45)","[45,65)","[65,75)","[75,+)"
0.198491299735922,0.579354135340661,0.695548830756021,0.723802979062302,0.663210593732437,0.497232423877313,0.402594125526341,0.493127331137102
0.579354135340661,0.385133930528184,0.678806808319329,0.648876282387391,0.660932053726721,0.560538767984537,0.46829432152854,0.488705001891977
0.695548830756021,0.678806808319329,0.367863602865702,0.618801545846008,0.717632186836279,0.563322639847037,0.574101865294416,0.481977789311813
0.723802979062302,0.648876282387391,0.618801545846008,0.618452732823186,0.638981264827619,0.646216462918762,0.556391464775585,0.483454386836703
0.663210593732437,0.660932053726721,0.717632186836279,0.638981264827619,0.592100473280652,0.543606002899027,0.533952324811028,0.487191363116857
0.497232423877313,0.560538767984537,0.563322639847037,0.646216462918762,0.543606002899027,0.642155936108787,0.506716540384667,0.490399731562499
0.402594125526341,0.46829432152854,0.574101865294416,0.556391464775585,0.533952324811028,0.506716540384667,0.562969984506875,0.504648007978477
0.493127331137102,0.488705001891977,0.481977789311813,0.483454386836703,0.487191363116857,0.490399731562499,0.504648007978477,1
