"[0,1)","[1,5)","[5,15)","[15,25)","[25,45)","[45,65)","[65,75)","[75,+)"
0.067325486525533,0.484967177951757,0.693153208879503,0.66544538655341,0.579945721393205,0.445008891633316,0.412001589753618,0.386536978781213
0.484967177951757,0.229759347845342,0.588532820345188,0.534661652208632,0.556626700984618,0.476633526770405,0.391631853476783,0.387664953569124
0.693153208879503,0.588532820345189,0.210971154783482,0.448342569008939,0.563860053175089,0.430690255036983,0.432970156641527,0.390008206812561
0.665445386553409,0.534661652208632,0.448342569008939,0.287848574581934,0.477168682684071,0.518091857037905,0.436223886732021,0.385466153600703
0.579945721393205,0.556626700984618,0.563860053175089,0.477168682684071,0.458885656212316,0.436132515492306,0.41955265939528,0.395425857494657
0.445008891633316,0.476633526770405,0.430690255036983,0.518091857037905,0.436132515492306,0.478409488271388,0.417979579573325,0.382362749746618
0.412001589753618,0.391631853476783,0.432970156641527,0.436223886732021,0.41955265939528,0.417979579573325,0.492043990836955,0.488599980399021
0.386536978781213,0.387664953569124,0.390008206812561,0.385466153600703,0.395425857494657,0.382362749746618,0.488599980399021,0.774817261416737
