"[0,1)","[1,5)","[5,15)","[15,25)","[25,45)","[45,65)","[65,75)","[75,+)"
0.346870331211711,1.62292129255083,1.45068524275541,1.20302198892016,1.18051342515265,1.50930542606349,1.35831859128386,1.62367039187634
1.62292129255083,0.653389889747217,1.26730212526711,1.11989610018234,1.15254599404632,1.38816205318018,1.54579453770379,1.61390009826152
1.45068524275541,1.26730212526711,0.733756064720218,1.03928369575974,1.17721537131336,1.2627379746751,1.43162212460206,1.57858889141472
1.20302198892016,1.11989610018234,1.03928369575974,0.660053469757099,1.09834065618656,1.03266136724898,1.10062096159521,1.06191940872569
1.18051342515265,1.15254599404632,1.17721537131336,1.09834065618656,1.21875031224963,1.17719110256801,1.39185502266805,1.48673294985421
1.50930542606349,1.38816205318018,1.2627379746751,1.03266136724898,1.17719110256801,1.0732160450269,1.15437955940628,1.17480534841655
1.35831859128386,1.54579453770379,1.43162212460206,1.10062096159521,1.39185502266805,1.15437955940628,1.06506129763946,1.08940469360576
1.62367039187634,1.61390009826152,1.57858889141472,1.06191940872569,1.48673294985421,1.17480534841654,1.08940469360576,1
