"[0,1)","[1,5)","[5,15)","[15,25)","[25,45)","[45,65)","[65,75)","[75,+)"
0.833907447070571,1.00217297513638,1.01384883512298,0.997629777365098,0.972962793204058,1.00838570131389,1.17702968703225,0.920121983749379
1.00217297513638,0.958784442976974,0.976836047833966,0.915154927187336,0.919502827705833,0.941225489338572,0.981726163037753,0.929673079986463
1.01384883512298,0.976836047833966,0.964898571762332,0.92023169365926,0.916653168801431,0.890628235678664,0.940691924064577,0.921618406286234
0.997629777365098,0.915154927187336,0.92023169365926,0.844175780949635,0.78095061574888,0.839286709201857,0.925751383537339,0.86423602245462
0.972962793204058,0.919502827705833,0.916653168801431,0.78095061574888,0.706063717754726,0.742917143825356,0.912155844662328,1.0215541244947
1.00838570131389,0.941225489338572,0.890628235678664,0.839286709201857,0.742917143825356,0.804038852437611,0.897327618211553,0.876608993030901
1.17702968703225,0.981726163037753,0.940691924064577,0.925751383537339,0.912155844662328,0.897327618211553,0.903419361642558,0.96907960003593
0.920121983749379,0.929673079986463,0.921618406286234,0.86423602245462,1.0215541244947,0.876608993030902,0.96907960003593,0.928322451975787
