"[0,1)","[1,5)","[5,15)","[15,25)","[25,45)","[45,65)","[65,75)","[75,+)"
0.859433183909089,0.891412599085822,0.906229088555313,0.872209154148275,0.910505290578276,0.767135132355614,0.883351005376721,1.02523574403616
0.891412599085822,0.899042633514658,0.91535567318865,0.827793509531216,0.870065625046216,0.792029153028254,1.00072644865409,1.02115107586024
0.906229088555313,0.91535567318865,0.901107125698327,0.860766455216622,0.904759028565753,0.812360377013572,0.981502097670509,1.00419812033202
0.872209154148275,0.827793509531216,0.860766455216622,0.848441252284128,0.789465727278205,0.760375087154997,0.894414753307372,0.907869232240519
0.910505290578276,0.870065625046216,0.904759028565753,0.789465727278205,0.79173277774024,0.698320693869392,0.91952441618727,0.99962519255111
0.767135132355614,0.792029153028253,0.812360377013572,0.760375087154996,0.698320693869392,0.759250899067348,0.838548072510435,0.827593777457938
0.883351005376721,1.00072644865409,0.981502097670509,0.894414753307372,0.91952441618727,0.838548072510435,1.03363552953906,1.03928377411673
1.02523574403616,1.02115107586024,1.00419812033202,0.907869232240519,0.99962519255111,0.827593777457938,1.03928377411673,1
