"[0,1)","[1,5)","[5,15)","[15,25)","[25,45)","[45,65)","[65,75)","[75,+)"
0.715598523161086,0.939160734663053,0.975472953296871,0.965679885453074,0.92985528043486,0.948378849089829,0.952473742534111,0.943017201001401
0.939160734663053,0.899097735829236,0.955199403955053,0.937713896452392,0.927992604486979,0.936820172348923,0.93997093649822,0.943462535739194
0.975472953296871,0.955199403955053,0.879111048136063,0.928199297068645,0.925270041522404,0.904436654987692,0.928813452838318,0.937780104386587
0.965679885453074,0.937713896452392,0.928199297068645,0.908798085194435,0.88694565576567,0.903882317869471,0.9126551401235,0.933839352870994
0.92985528043486,0.927992604486979,0.925270041522404,0.88694565576567,0.864554720111814,0.865048109979944,0.906879428935861,0.917061613431426
0.948378849089829,0.936820172348923,0.904436654987692,0.903882317869471,0.865048109979944,0.876206607318042,0.888477365716568,0.884149154204151
0.952473742534111,0.93997093649822,0.928813452838318,0.9126551401235,0.906879428935861,0.888477365716568,0.899528831813856,0.919099973370873
0.943017201001401,0.943462535739194,0.937780104386587,0.933839352870994,0.917061613431426,0.884149154204151,0.919099973370873,0.954129592441163
