"[0,1)","[1,5)","[5,15)","[15,25)","[25,45)","[45,65)","[65,75)","[75,+)"
0.0651606069883094,0.402077354249,0.573089331204188,0.621039785296891,0.551115224894343,0.300330218641495,0.252922714576923,0.229474603763958
0.402077354249,0.206484755044246,0.560902296650312,0.472554066946093,0.52596983016152,0.370724483959447,0.228928343139358,0.230705651901946
0.573089331204188,0.560902296650312,0.206562153847395,0.412128001148651,0.60849583357151,0.389447231233258,0.382182076862903,0.23103292948562
0.621039785296891,0.472554066946093,0.412128001148651,0.218386007776981,0.469642113933774,0.492255946463259,0.37823134633758,0.228545724884034
0.551115224894343,0.52596983016152,0.60849583357151,0.469642113933774,0.426608367403241,0.344886540416809,0.315498002068999,0.242959538146879
0.300330218641495,0.370724483959447,0.389447231233258,0.49225594646326,0.344886540416809,0.503731270732097,0.341912998024504,0.254520907474146
0.252922714576923,0.228928343139358,0.382182076862903,0.37823134633758,0.315498002068999,0.341912998024504,0.426148439036181,0.373994287431892
0.229474603763958,0.230705651901946,0.23103292948562,0.228545724884034,0.242959538146879,0.254520907474146,0.373994287431892,1
