"[0,1)","[1,5)","[5,15)","[15,25)","[25,45)","[45,65)","[65,75)","[75,+)"
0.105662361969539,0.49146673682208,0.635141074708011,0.682233331673087,0.614174518203434,0.406572243640855,0.311793164622399,0.375879990798599
0.49146673682208,0.309880751682991,0.624123096432154,0.580957594362503,0.598095499867634,0.46781621698639,0.352879196307833,0.370232223104416
0.635141074708011,0.624123096432153,0.297454673414297,0.552511795978972,0.669595431857484,0.483796558568601,0.470881146859108,0.362335127048453
0.682233331673087,0.580957594362503,0.552511795978972,0.55778699738279,0.5569699545077,0.572306866524771,0.458458408549063,0.365880494171415
0.614174518203434,0.598095499867634,0.669595431857484,0.5569699545077,0.506583098175522,0.437461403579917,0.408876956442852,0.367048135677422
0.406572243640855,0.46781621698639,0.483796558568601,0.572306866524771,0.437461403579917,0.570105782767778,0.42376309908664,0.373706748978347
0.311793164622399,0.352879196307833,0.470881146859108,0.458458408549063,0.408876956442852,0.42376309908664,0.495260336821035,0.439445836866862
0.375879990798599,0.370232223104416,0.362335127048453,0.365880494171415,0.367048135677422,0.373706748978347,0.439445836866862,1
