"[0,1)","[1,5)","[5,15)","[15,25)","[25,45)","[45,65)","[65,75)","[75,+)"
0.749288711123152,0.728149243620295,0.79185970100142,0.815637432457581,0.809262549759677,0.658540450614905,0.613987962431886,0.639029405873668
0.728149243620295,0.793321541667653,0.820578091791451,0.780778230378819,0.805992968139901,0.708727942186392,0.638300535784022,0.637757444427132
0.79185970100142,0.82057809179145,0.783917307722755,0.786173522450916,0.834684383544408,0.737387208403961,0.705835191462519,0.636905148057243
0.815637432457581,0.780778230378819,0.786173522450916,0.777952114323728,0.763024422736995,0.764495581841564,0.699724334939797,0.637067267935916
0.809262549759677,0.805992968139901,0.834684383544408,0.763024422736995,0.736588555758173,0.695601862233448,0.684362926707623,0.642967469121901
0.658540450614905,0.708727942186393,0.737387208403961,0.764495581841564,0.695601862233448,0.763333964074158,0.676436698713481,0.648702319724584
0.613987962431886,0.638300535784022,0.705835191462519,0.699724334939797,0.684362926707623,0.676436698713481,0.71401425790039,0.684265294321635
0.639029405873668,0.637757444427132,0.636905148057243,0.637067267935916,0.642967469121901,0.648702319724584,0.684265294321635,1
