"[0,1)","[1,5)","[5,15)","[15,25)","[25,45)","[45,65)","[65,75)","[75,+)"
0.251692888318181,0.690682685930562,0.831418052299936,0.813915468500884,0.72122373147623,0.691289965328252,0.671235319684312,0.655958205933377
0.690682685930562,0.4850081722433,0.754087323375061,0.716788669827436,0.726671719753573,0.700965953941285,0.65248858659902,0.656528508674442
0.831418052299936,0.75408732337506,0.427012278630253,0.621353023542225,0.715391439769032,0.636794538443671,0.667618152858253,0.662263213899408
0.813915468500884,0.716788669827436,0.621353023542225,0.444369412023816,0.672505101484558,0.708332255832149,0.673445401649728,0.655942248738585
0.72122373147623,0.726671719753573,0.715391439769032,0.672505101484558,0.670487711822754,0.669042841820651,0.666755834217754,0.667730495011445
0.691289965328252,0.700965953941285,0.636794538443671,0.708332255832149,0.669042841820651,0.702462511241599,0.680951631315021,0.668497451106581
0.671235319684312,0.65248858659902,0.667618152858253,0.673445401649728,0.666755834217754,0.680951631315021,0.738077287996244,0.727879294817732
0.655958205933377,0.656528508674442,0.662263213899408,0.655942248738585,0.667730495011445,0.668497451106581,0.727879294817732,0.881779556707638
