"[0,1)","[1,5)","[5,15)","[15,25)","[25,45)","[45,65)","[65,75)","[75,+)"
0.804319676743197,0.991564136253019,1.09265553957429,1.11501161424934,1.0954177288968,1.02125964130604,1.78225031788951,0.971622418266069
0.991564136253018,0.877918276514466,0.990945330182173,1.02681606552945,1.01801622134616,0.900270098718482,1.09138854821793,0.994959290260815
1.09265553957429,0.990945330182173,0.878742417606573,1.00878488839073,1.02750151392067,0.899599216208365,1.03084051848734,1.00018024729427
1.11501161424934,1.02681606552945,1.00878488839073,0.949473072293785,1.05158105638559,0.975339698146968,1.1914495773269,1.11042778574662
1.0954177288968,1.01801622134616,1.02750151392067,1.05158105638559,1.09979169415408,1.00281254909611,1.18043736794486,1.25273659801134
1.02125964130603,0.900270098718482,0.899599216208365,0.975339698146968,1.00281254909611,0.90609844803271,1.04542695496282,0.964260615805127
1.78225031788951,1.09138854821793,1.03084051848734,1.1914495773269,1.18043736794486,1.04542695496282,1.14478803002911,1.2247143068755
0.971622418266069,0.994959290260815,1.00018024729427,1.11042778574662,1.25273659801134,0.964260615805127,1.2247143068755,1
