"[0,1)","[1,5)","[5,15)","[15,25)","[25,45)","[45,65)","[65,75)","[75,+)"
0.0812190075235941,0.485166791881702,0.657513333989485,0.702219247543284,0.626289481926518,0.361227315554056,0.389575148726228,0.269267755768333
0.485166791881702,0.324240744369553,0.612247957391024,0.599099916528109,0.603967017050213,0.427045431086055,0.285858538839402,0.272731241580731
0.657513333989485,0.612247957391024,0.301051767403959,0.556189984117152,0.672500056304265,0.444999271591481,0.430270466081314,0.274446014357188
0.702219247543284,0.599099916528109,0.556189984117152,0.527327954236857,0.5962763011335,0.583744083956101,0.4916273607245,0.367594888795772
0.626289481926519,0.603967017050213,0.672500056304265,0.5962763011335,0.521492037174877,0.431347915502755,0.403787530262499,0.311178215431104
0.361227315554056,0.427045431086055,0.444999271591481,0.583744083956101,0.431347915502755,0.538142059345312,0.376914011908215,0.295447213368961
0.389575148726228,0.285858538839402,0.430270466081314,0.4916273607245,0.403787530262499,0.376914011908215,0.455433424603787,0.406047634869438
0.269267755768333,0.272731241580731,0.274446014357188,0.367594888795772,0.311178215431104,0.295447213368961,0.406047634869438,1
