"[0,1)","[1,5)","[5,15)","[15,25)","[25,45)","[45,65)","[65,75)","[75,+)"
0.191949075497302,0.800150393990377,0.941763913059919,0.96315304459093,0.930924396481043,0.888672485715485,1.15700885428835,0.648063359497041
0.800150393990377,0.356050283756464,0.830672251365256,0.830629329147882,0.845840831416775,0.821470612272779,0.718082483486841,0.66562013732082
0.941763913059919,0.830672251365256,0.383910519378413,0.790906765015977,0.898642105430989,0.777945568367938,0.772764307474931,0.680944082211102
0.96315304459093,0.830629329147882,0.790906765015977,0.783525946285005,0.897408128372723,0.871015572092073,0.8335604064857,0.710824999797933
0.930924396481043,0.845840831416775,0.898642105430989,0.897408128372723,0.945891930944125,0.885847607360247,0.857338807538483,0.893936365662221
0.888672485715485,0.821470612272779,0.777945568367938,0.871015572092073,0.885847607360247,0.869186847306055,0.795398953016723,0.742683824450679
1.15700885428835,0.718082483486841,0.772764307474931,0.8335604064857,0.857338807538482,0.795398953016722,0.749952863541305,0.762448413066254
0.648063359497041,0.66562013732082,0.680944082211102,0.710824999797933,0.893936365662221,0.742683824450679,0.762448413066254,1
