"[0,1)","[1,5)","[5,15)","[15,25)","[25,45)","[45,65)","[65,75)","[75,+)"
0.0643360398323411,0.406817071963067,0.654383176885725,0.62105202013876,0.560015311096701,0.344575298927958,0.360874283391915,0.279445166253474
0.406817071963067,0.193599652870083,0.524312546640307,0.477063978243243,0.516092090453366,0.384850651986045,0.303497772471859,0.281693355214058
0.654383176885725,0.524312546640307,0.172163070113539,0.396451490989838,0.527746817285476,0.366136337111758,0.35895602386158,0.283352166421308
0.62105202013876,0.477063978243243,0.396451490989838,0.246771889568258,0.431916194581575,0.476997551140281,0.394672823206933,0.320136833298664
0.560015311096701,0.516092090453366,0.527746817285476,0.431916194581575,0.38654346813336,0.375953199737131,0.401228553250114,0.356204031169701
0.344575298927958,0.384850651986045,0.366136337111758,0.476997551140281,0.375953199737131,0.425685675800064,0.366850653972351,0.311640563610961
0.360874283391915,0.303497772471859,0.35895602386158,0.394672823206933,0.401228553250114,0.366850653972351,0.456260003252694,0.457523065999454
0.279445166253474,0.281693355214058,0.283352166421308,0.320136833298664,0.356204031169701,0.311640563610961,0.457523065999454,0.7607310787723
