"[0,1)","[1,5)","[5,15)","[15,25)","[25,45)","[45,65)","[65,75)","[75,+)"
1.11154525541528,0.876304437210614,0.829908098326494,0.832209416952694,0.869484192153362,0.821181537752694,0.854407998224618,0.812990362971263
0.876304437210614,1.03258732662594,0.875664786445733,0.871105208464702,0.860290328498555,0.850486802334356,0.860675047988727,0.834887799443932
0.829908098326494,0.875664786445733,1.00928582412082,0.894695462900308,0.863017167344636,0.855763196792017,0.828903301590377,0.823909990675017
0.832209416952694,0.871105208464702,0.894695462900308,0.960384588732962,0.842461715548721,0.834133836801842,0.838204589495245,0.835369391525975
0.869484192153362,0.860290328498555,0.863017167344636,0.842461715548721,0.810920157994031,0.806447573848214,0.857819271166063,0.840318572399841
0.821181537752694,0.850486802334356,0.855763196792017,0.834133836801842,0.806447573848214,0.809963178949755,0.818332040467107,0.83478672469
0.854407998224618,0.860675047988726,0.828903301590377,0.838204589495244,0.857819271166063,0.818332040467107,0.804264257989614,0.812430123560417
0.812990362971263,0.834887799443932,0.823909990675017,0.835369391525975,0.840318572399841,0.83478672469,0.812430123560417,0.768708237569155
