"[0,1)","[1,5)","[5,15)","[15,25)","[25,45)","[45,65)","[65,75)","[75,+)"
0.430012194202469,0.837005679942184,0.948365852223836,0.995139657367642,0.984416195405098,0.897817167121701,1.18531469056747,0.708720432301527
0.837005679942184,0.635163302890656,0.86974575020754,0.87530727432936,0.941073128809926,0.856587746403329,0.837563177253353,0.737435914203057
0.948365852223836,0.86974575020754,0.640447313187085,0.785251641256109,0.920934396607777,0.815430469208537,0.834372542964358,0.768613169473883
0.995139657367642,0.87530727432936,0.785251641256109,0.627096218202142,0.912797013560281,0.892156541871531,0.919660201585352,0.780443515728354
0.984416195405098,0.941073128809926,0.920934396607777,0.912797013560281,0.939611295041483,0.93525929739697,1.06871932619662,1.17748092986815
0.897817167121701,0.856587746403329,0.815430469208537,0.892156541871531,0.93525929739697,0.894554293488459,0.909436289377808,0.866452723516699
1.18531469056747,0.837563177253353,0.834372542964358,0.919660201585351,1.06871932619662,0.909436289377808,0.844999969202586,0.920241783653665
0.708720432301527,0.737435914203057,0.768613169473883,0.780443515728354,1.17748092986815,0.866452723516699,0.920241783653665,0.887039625058013
