"[0,1)","[1,5)","[5,15)","[15,25)","[25,45)","[45,65)","[65,75)","[75,+)"
0.126364686999203,0.472912284701776,0.66889317772161,0.644373701157782,0.57042385522135,0.406852704006847,0.317694601873529,0.387388036275473
0.472912284701776,0.295479111914959,0.581062922692712,0.543206425415539,0.551558833077498,0.457559968596846,0.366061570717981,0.384105979381005
0.66889317772161,0.581062922692712,0.260187788442729,0.493526723900172,0.566185465313015,0.434870378355081,0.411899057967328,0.374913424972221
0.644373701157782,0.543206425415538,0.493526723900172,0.449963730394444,0.495464202442652,0.523084478175868,0.417093287158838,0.383069027215598
0.57042385522135,0.551558833077498,0.566185465313014,0.495464202442652,0.466192859824412,0.432537675388177,0.38894459708594,0.337412807521736
0.406852704006848,0.457559968596846,0.434870378355081,0.523084478175868,0.432537675388177,0.464700944307533,0.374124394597215,0.340325457932228
0.317694601873529,0.366061570717981,0.411899057967328,0.417093287158838,0.38894459708594,0.374124394597215,0.449240072233122,0.432849748917396
0.387388036275473,0.384105979381005,0.374913424972221,0.383069027215598,0.337412807521736,0.340325457932228,0.432849748917396,0.769993452914146
