"[0,1)","[1,5)","[5,15)","[15,25)","[25,45)","[45,65)","[65,75)","[75,+)"
0.768560519961113,0.942504477344395,0.976244929992168,0.967544415525882,0.935547083355362,0.957095143209027,0.95626382355896,0.949675725014409
0.942504477344395,0.872126566947509,0.95291389660933,0.904314047674499,0.930801700827423,0.944230418736739,0.946008397290668,0.949985976825575
0.976244929992168,0.95291389660933,0.894625761757809,0.850028885555475,0.92989164322768,0.911913944826493,0.93855892263751,0.946310870456035
0.967544415525882,0.904314047674499,0.850028885555475,0.650012075305644,0.876763588775486,0.900788699040271,0.925463426342551,0.946199802628756
0.935547083355362,0.930801700827423,0.92989164322768,0.876763588775486,0.883206073861749,0.88885662200289,0.924384435591216,0.947307700472783
0.957095143209027,0.944230418736739,0.911913944826493,0.900788699040271,0.88885662200289,0.910999397586844,0.932942786481746,0.941908021151128
0.95626382355896,0.946008397290668,0.93855892263751,0.92546342634255,0.924384435591216,0.932942786481745,0.956615627600412,0.958088693846148
0.949675725014409,0.949985976825575,0.946310870456035,0.946199802628756,0.947307700472783,0.941908021151128,0.958088693846148,0.983777503564336
