"[0,1)","[1,5)","[5,15)","[15,25)","[25,45)","[45,65)","[65,75)","[75,+)"
0.758334711203576,0.578190918246909,0.669335586364132,0.715945745428402,0.716352969123581,0.4617494507102,0.363817976008306,0.442471684418652
0.578190918246909,0.745330582891331,0.734720216447285,0.658290744419917,0.700462666173474,0.542272484949322,0.437716782989452,0.435540183829649
0.669335586364132,0.734720216447285,0.733367933580419,0.673245493265965,0.749206927575771,0.597907957803151,0.528987620982753,0.435070056083533
0.715945745428402,0.658290744419916,0.673245493265965,0.654779261422541,0.611429789871833,0.619447712535351,0.508212055946206,0.430529479012346
0.716352969123581,0.700462666173474,0.74920692757577,0.611429789871833,0.568513755657083,0.498806950220196,0.479429220960909,0.431181617432091
0.4617494507102,0.542272484949322,0.597907957803151,0.619447712535351,0.498806950220196,0.611718004201742,0.473045870854595,0.437530357866636
0.363817976008306,0.437716782989452,0.528987620982753,0.508212055946206,0.479429220960909,0.473045870854595,0.534971317452466,0.476783598488224
0.442471684418652,0.43554018382965,0.435070056083533,0.430529479012346,0.431181617432091,0.437530357866636,0.476783598488224,1
