"[0,1)","[1,5)","[5,15)","[15,25)","[25,45)","[45,65)","[65,75)","[75,+)"
0.678244319541025,0.925996330525179,0.955607790591824,0.952594261473207,0.92521033853538,0.926003522804722,0.921604466296711,0.915957334575445
0.925996330525179,0.872768747192863,0.945931216698957,0.893436258810925,0.921204867168778,0.923454040382594,0.913059400799331,0.916256401758182
0.955607790591824,0.945931216698957,0.889983235239646,0.857469966817073,0.94046116688911,0.918078833671868,0.929486139367515,0.912910371579459
0.952594261473207,0.893436258810925,0.857469966817073,0.647411072471802,0.9033917791024,0.919435295423345,0.927175020098523,0.912851714420923
0.92521033853538,0.921204867168778,0.94046116688911,0.9033917791024,0.906134884444103,0.89026561114869,0.896981060074481,0.904685708296333
0.926003522804722,0.923454040382593,0.918078833671868,0.919435295423345,0.89026561114869,0.928951529475455,0.915645582520804,0.897592289599291
0.921604466296711,0.913059400799331,0.929486139367515,0.927175020098523,0.896981060074481,0.915645582520804,0.937849733008645,0.93916166690907
0.915957334575445,0.916256401758182,0.912910371579459,0.912851714420923,0.904685708296333,0.897592289599291,0.93916166690907,1
