"[0,1)","[1,5)","[5,15)","[15,25)","[25,45)","[45,65)","[65,75)","[75,+)"
0.0821746920856406,0.440173643510642,0.60209962386312,0.645604713009389,0.573684718219694,0.347626710948196,0.305307030146236,0.281631827708658
0.440173643510642,0.229402174147539,0.584894980538818,0.504528948880642,0.553575731835717,0.411905439568816,0.280098529962151,0.282885645831415
0.60209962386312,0.584894980538818,0.229301961490561,0.44079651854042,0.631026007826423,0.424417672879688,0.424273223139141,0.283402688043571
0.645604713009389,0.504528948880642,0.44079651854042,0.245932984713023,0.505404141683564,0.526384138719616,0.418711721171572,0.280017213745511
0.573684718219694,0.553575731835717,0.631026007826423,0.505404141683564,0.465431564168734,0.392827192465661,0.365494229069383,0.29623681653986
0.347626710948196,0.411905439568816,0.424417672879688,0.526384138719616,0.392827192465661,0.537100246079341,0.383645906596909,0.307762867575318
0.305307030146236,0.280098529962151,0.424273223139141,0.418711721171572,0.365494229069383,0.383645906596909,0.458731746551277,0.406443357325542
0.281631827708658,0.282885645831415,0.283402688043571,0.280017213745511,0.29623681653986,0.307762867575318,0.406443357325542,1
