"[0,1)","[1,5)","[5,15)","[15,25)","[25,45)","[45,65)","[65,75)","[75,+)"
0.278506046170015,0.544538740035626,0.67707455484636,0.709828466797953,0.646232831742637,0.466344709726832,0.435445578943393,0.412341411521418
0.544538740035626,0.360558557500051,0.658547626331117,0.58961368190777,0.628500257124355,0.517563191047728,0.409824103022735,0.413416373706616
0.67707455484636,0.658547626331117,0.335692892705639,0.520694348068436,0.69101262563854,0.517602118057195,0.529213176258818,0.414266875669365
0.709828466797953,0.58961368190777,0.520694348068436,0.314942331337653,0.590876226295162,0.609049768574201,0.521015564613963,0.409140621446542
0.646232831742637,0.628500257124356,0.69101262563854,0.590876226295162,0.559690187668724,0.50680828751401,0.483393916045155,0.42634448048983
0.466344709726832,0.517563191047728,0.517602118057195,0.609049768574201,0.50680828751401,0.618908622478888,0.487201869334566,0.435596004716483
0.435445578943393,0.409824103022735,0.529213176258818,0.521015564613963,0.483393916045155,0.487201869334566,0.541341320369349,0.490931928224598
0.412341411521418,0.413416373706616,0.414266875669365,0.409140621446542,0.42634448048983,0.435596004716483,0.490931928224598,1
