"[0,1)","[1,5)","[5,15)","[15,25)","[25,45)","[45,65)","[65,75)","[75,+)"
0.0628597602887512,0.434379582388758,0.652169881593276,0.623594557343643,0.545664254916888,0.375520318675822,0.337363882119849,0.312751400557381
0.434379582388758,0.216297548178065,0.550537170342281,0.489130231009931,0.516543022807755,0.417572937365411,0.321535141763638,0.313841629609004
0.652169881593276,0.550537170342281,0.194948808455521,0.409333113435699,0.529354413939386,0.383794807692155,0.371566213029809,0.315055738791326
0.623594557343643,0.489130231009932,0.409333113435699,0.25181162108933,0.430701782134523,0.471816525867235,0.376893909209567,0.313020270555588
0.545664254916888,0.516543022807755,0.529354413939386,0.430701782134523,0.409516582912753,0.380731287242003,0.356017171725092,0.323673716542938
0.375520318675822,0.417572937365411,0.383794807692155,0.471816525867235,0.380731287242003,0.425322491512478,0.35380417874246,0.313422321638015
0.337363882119849,0.321535141763638,0.371566213029809,0.376893909209567,0.356017171725092,0.35380417874246,0.435711115313601,0.429133196085852
0.312751400557381,0.313841629609004,0.315055738791326,0.313020270555588,0.323673716542938,0.313422321638015,0.429133196085852,0.751951070992799
