"[0,1)","[1,5)","[5,15)","[15,25)","[25,45)","[45,65)","[65,75)","[75,+)"
0.0561565762089798,0.43907657826477,0.602640850564552,0.643898221432485,0.572815943948585,0.344928197174148,0.303256565868914,0.27853674589457
0.43907657826477,0.230950283277376,0.585864572809545,0.501255310208372,0.551123940931039,0.410610319576617,0.2775267913912,0.279686879167584
0.602640850564552,0.585864572809545,0.231028089823185,0.439623033319299,0.628968015697761,0.423799599487526,0.423324504603982,0.280643730144327
0.643898221432485,0.501255310208371,0.439623033319299,0.243675941836418,0.499540341313592,0.521927710745661,0.417906877145154,0.276718893670986
0.572815943948585,0.551123940931038,0.628968015697761,0.499540341313592,0.459435475568884,0.383632131823927,0.35896531209334,0.289480256828955
0.344928197174148,0.410610319576617,0.423799599487526,0.521927710745661,0.383632131823927,0.533143089184122,0.380774621574739,0.299951352122969
0.303256565868914,0.2775267913912,0.423324504603982,0.417906877145154,0.35896531209334,0.380774621574739,0.458972452977699,0.407352015481612
0.27853674589457,0.279686879167584,0.280643730144328,0.276718893670986,0.289480256828955,0.299951352122969,0.407352015481612,1
