"[0,1)","[1,5)","[5,15)","[15,25)","[25,45)","[45,65)","[65,75)","[75,+)"
0.784723491755648,0.635491733515904,0.726973811467928,0.707193327838236,0.73442901831597,0.50568575738707,0.414111464545696,0.507258795575761
0.635491733515904,0.783532805537424,0.741591496277831,0.676472754531197,0.703110161858404,0.587964347130159,0.495376336619299,0.503781556414264
0.726973811467928,0.741591496277831,0.785242700293509,0.70835634806096,0.736884213261155,0.646337339175126,0.570649612231918,0.498837259080141
0.707193327838236,0.676472754531197,0.70835634806096,0.696665458669285,0.628667247595677,0.636965333122924,0.530675787229424,0.501075817039171
0.73442901831597,0.703110161858404,0.736884213261155,0.628667247595677,0.601808448047203,0.557505763768815,0.508135016047978,0.439395933251672
0.50568575738707,0.587964347130159,0.646337339175126,0.636965333122924,0.557505763768815,0.572725879653238,0.478980408051261,0.439100464375624
0.414111464545696,0.495376336619299,0.570649612231918,0.530675787229424,0.508135016047978,0.478980408051261,0.52873755623473,0.515220502865508
0.507258795575761,0.503781556414264,0.498837259080141,0.501075817039171,0.439395933251672,0.439100464375624,0.515220502865508,0.804313257624826
