"[0,1)","[1,5)","[5,15)","[15,25)","[25,45)","[45,65)","[65,75)","[75,+)"
0.0837318500044554,0.484971223487776,0.692771981364294,0.665464009970414,0.579737241170664,0.44579352648517,0.412854084275347,0.386027834718946
0.484971223487776,0.230075866035485,0.588546376543203,0.536769979760671,0.559238949019384,0.476749195715337,0.391388741790269,0.387319542451633
0.692771981364294,0.588546376543203,0.210359099669298,0.45040672274536,0.567128651251139,0.432885968707518,0.433409983839244,0.390379450715848
0.665464009970414,0.536769979760671,0.45040672274536,0.290498281410707,0.48590875575904,0.524439550501809,0.439053137787556,0.38582275091247
0.579737241170664,0.559238949019384,0.567128651251139,0.48590875575904,0.471805515458256,0.448798060860168,0.424812644527961,0.397416904650342
0.44579352648517,0.476749195715337,0.432885968707518,0.524439550501809,0.448798060860168,0.487504881659591,0.422134670043259,0.385303041832828
0.412854084275347,0.391388741790269,0.433409983839244,0.439053137787556,0.424812644527961,0.42213467004326,0.492868115907782,0.486594295196823
0.386027834718946,0.387319542451633,0.390379450715848,0.38582275091247,0.397416904650342,0.385303041832829,0.486594295196823,0.774469352665106
