"[0,1)","[1,5)","[5,15)","[15,25)","[25,45)","[45,65)","[65,75)","[75,+)"
0.0732056355973602,0.518459600266292,0.669947385090698,0.703000833022355,0.624522683488031,0.452516211768,0.418374425823471,0.3928762461878
0.518459600266292,0.264518240928053,0.642079258353623,0.571226373564471,0.610694267715852,0.50102781317024,0.388844800168936,0.394226607596908
0.669947385090698,0.642079258353623,0.268148149676413,0.503029841539709,0.680144684798707,0.5025322708775,0.517271553810731,0.396750418120731
0.703000833022356,0.571226373564471,0.503029841539709,0.304045024455616,0.575259625404723,0.59625315424203,0.505967038574816,0.389617463458826
0.624522683488031,0.610694267715852,0.680144684798707,0.575259625404723,0.54417398953571,0.484117575742489,0.458812121311718,0.404668520786654
0.452516211768,0.50102781317024,0.5025322708775,0.59625315424203,0.484117575742489,0.607278045056978,0.476776248339974,0.413443936800107
0.418374425823471,0.388844800168936,0.517271553810731,0.505967038574816,0.458812121311718,0.476776248339974,0.536879013713788,0.486360124626607
0.3928762461878,0.394226607596908,0.396750418120731,0.389617463458826,0.404668520786654,0.413443936800107,0.486360124626607,1
