"[0,1)","[1,5)","[5,15)","[15,25)","[25,45)","[45,65)","[65,75)","[75,+)"
0.611170743346584,1.0291408109346,1.06814207587292,1.0560269495707,0.977878825492933,1.11441680680701,1.12159313889678,1.11786260876045
1.0291408109346,0.726523432444786,0.993827743734801,0.968763608962915,0.972948027324299,1.0577578093762,1.09798808754106,1.11800826180826
1.06814207587292,0.993827743734801,0.725777514819618,0.877867885083689,0.948107532842163,0.948837034205398,1.04643365236625,1.11206253681282
1.0560269495707,0.968763608962916,0.877867885083688,0.692495257058585,0.924770933288494,0.962872684694473,1.04726237065555,1.10900092815077
0.977878825492933,0.972948027324299,0.948107532842163,0.924770933288494,0.920208380632306,0.949339940325299,1.04053123143503,1.10822008398213
1.11441680680701,1.0577578093762,0.948837034205398,0.962872684694473,0.949339940325299,0.986945042162922,1.0639016734746,1.10026373405426
1.12159313889678,1.09798808754106,1.04643365236625,1.04726237065555,1.04053123143503,1.0639016734746,1.09342952081069,1.09841623970956
1.11786260876045,1.11800826180826,1.11206253681282,1.10900092815077,1.10822008398213,1.10026373405426,1.09841623970956,1.04491733947505
