"[0,1)","[1,5)","[5,15)","[15,25)","[25,45)","[45,65)","[65,75)","[75,+)"
0.699303760114077,0.761658188403203,0.845204878744797,0.834393823353976,0.816714204944475,0.70367729718811,0.689022588578546,0.669012092539366
0.761658188403203,0.815257671312623,0.830708828395671,0.761336755092051,0.804289532483104,0.733486242593046,0.685281650717261,0.669756025753434
0.845204878744797,0.830708828395671,0.816968567514972,0.717882814446157,0.817595069606138,0.748234882865734,0.722167872344685,0.671533255160496
0.834393823353976,0.761336755092051,0.717882814446157,0.501768154577122,0.731606897711702,0.750696383309328,0.713114916808977,0.672425263749632
0.816714204944475,0.804289532483103,0.817595069606138,0.731606897711702,0.737737088330303,0.718557984844401,0.706230233397224,0.689932714745119
0.70367729718811,0.733486242593046,0.748234882865734,0.750696383309328,0.718557984844401,0.738552855118393,0.706079313328209,0.687638237825986
0.689022588578546,0.685281650717261,0.722167872344685,0.713114916808977,0.706230233397224,0.706079313328209,0.749735183567993,0.743765203436983
0.669012092539366,0.669756025753434,0.671533255160496,0.672425263749632,0.689932714745119,0.687638237825986,0.743765203436983,0.892620330085438
