"[0,1)","[1,5)","[5,15)","[15,25)","[25,45)","[45,65)","[65,75)","[75,+)"
0.314503142452859,0.711858059994099,0.724253731678856,0.73403071408437,0.659116930620747,0.681331226299369,0.580847171963221,0.718320316488243
0.711858059994099,0.422817407358351,0.688461906423552,0.658423937951597,0.65743352615222,0.695147724027406,0.717006782214768,0.746015956567721
0.724253731678856,0.688461906423552,0.389601435603553,0.586976930512658,0.694597329640816,0.640502119112231,0.703848703421381,0.699040428146914
0.73403071408437,0.658423937951597,0.586976930512658,0.40741115732167,0.655552449084371,0.65833384186771,0.687723808982929,0.702721064528123
0.659116930620747,0.65743352615222,0.694597329640816,0.655552449084371,0.618343634488116,0.60721808600318,0.661677552599131,0.672793381626369
0.681331226299369,0.695147724027406,0.640502119112231,0.65833384186771,0.60721808600318,0.623879904170688,0.561109815714207,0.628223426395137
0.580847171963221,0.717006782214768,0.703848703421381,0.68772380898293,0.661677552599131,0.561109815714207,0.56434048494478,0.514578440649405
0.718320316488243,0.746015956567721,0.699040428146914,0.702721064528123,0.672793381626369,0.628223426395137,0.514578440649405,0.651621213347494
