"[0,1)","[1,5)","[5,15)","[15,25)","[25,45)","[45,65)","[65,75)","[75,+)"
0.763516276086556,1.24588446261543,1.20293874550696,1.16233837214996,1.10740825427047,1.28430263520504,1.46641331296758,1.32272894753743
1.24588446261543,0.955403471584634,1.13305803404059,1.10123490537706,1.08464338813007,1.1603345860917,1.31838730796853,1.32774660596968
1.20293874550696,1.13305803404059,0.94674086936119,1.0703854895342,1.0539900721661,1.05869552119772,1.21095302730785,1.30825228597135
1.16233837214996,1.10123490537706,1.0703854895342,1.02292675030225,1.01036999620689,1.02049490346205,1.11655243907911,1.09401381808441
1.10740825427047,1.08464338813007,1.0539900721661,1.01036999620689,0.975818884960593,1.01003126173442,1.17905513007259,1.31552945907538
1.28430263520504,1.1603345860917,1.05869552119772,1.02049490346205,1.01003126173442,1.00084470840862,1.09080044942448,1.07355111086137
1.46641331296758,1.31838730796853,1.21095302730785,1.11655243907911,1.17905513007258,1.09080044942448,1.08057256576478,1.15543949214132
1.32272894753743,1.32774660596968,1.30825228597135,1.09401381808441,1.31552945907538,1.07355111086137,1.15543949214132,1.00922801682086
