"[0,1)","[1,5)","[5,15)","[15,25)","[25,45)","[45,65)","[65,75)","[75,+)"
0.14972480801515,0.580321668418919,0.775549400075329,0.749756224385972,0.650398853726284,0.564505536583972,0.620056746164201,0.474459161240597
0.580321668418919,0.261928119306638,0.641883150951429,0.594883362870455,0.615983017684571,0.554100636697628,0.502439953130377,0.4796593662832
0.775549400075329,0.641883150951429,0.243313254073485,0.496000510128952,0.61403578255534,0.488931904160742,0.521795537523941,0.482437592350551
0.749756224385972,0.594883362870455,0.496000510128952,0.309921118967872,0.51799372674447,0.567108909053955,0.524765106263778,0.446829900934116
0.650398853726284,0.615983017684571,0.61403578255534,0.51799372674447,0.493811184351657,0.48873700152236,0.52469278004802,0.534663051249315
0.564505536583972,0.554100636697628,0.488931904160742,0.567108909053955,0.48873700152236,0.524740892569372,0.500415895733495,0.447579789235309
0.620056746164201,0.502439953130377,0.521795537523941,0.524765106263778,0.52469278004802,0.500415895733495,0.561581580653192,0.589516760880306
0.474459161240597,0.4796593662832,0.482437592350551,0.446829900934116,0.534663051249315,0.447579789235309,0.589516760880306,0.787959464244056
