"[0,1)","[1,5)","[5,15)","[15,25)","[25,45)","[45,65)","[65,75)","[75,+)"
0.0419045262663162,0.402784665747501,0.65500225683696,0.647627677718597,0.573813897483844,0.337761557777784,0.379857160579901,0.211217788681057
0.402784665747501,0.186804575524849,0.538562651560005,0.485245666030092,0.522523861616712,0.372532372500254,0.262752544965103,0.217487319916537
0.65500225683696,0.538562651560005,0.165877045830111,0.396911261006823,0.531621777694338,0.343207461458214,0.333878198020065,0.234216692014128
0.647627677718596,0.485245666030092,0.396911261006823,0.237555665799615,0.425377311454145,0.457615551496068,0.369762349986945,0.233088420698435
0.573813897483844,0.522523861616712,0.531621777694338,0.425377311454145,0.397181038065928,0.368683929802782,0.384937937383551,0.37804849204125
0.337761557777784,0.372532372500254,0.343207461458214,0.457615551496068,0.368683929802782,0.40063865171403,0.330981719306334,0.271128018465046
0.379857160579901,0.262752544965103,0.333878198020065,0.369762349986945,0.384937937383551,0.330981719306334,0.406630434696761,0.415783897685401
0.211217788681057,0.217487319916537,0.234216692014128,0.233088420698435,0.37804849204125,0.271128018465046,0.415783897685401,0.727478867398932
