"[0,1)","[1,5)","[5,15)","[15,25)","[25,45)","[45,65)","[65,75)","[75,+)"
0.0762723814229424,0.598168848783897,0.741204127674364,0.765052210336923,0.725237664053086,0.560424828072068,0.5567078259323,0.562651550732446
0.598168848783897,0.491755050492925,0.716587363280634,0.709893477202123,0.720930326403736,0.603605484877068,0.561069937222744,0.562436150601081
0.741204127674364,0.716587363280634,0.505629113759265,0.69998505820384,0.777339467730468,0.617852861685592,0.644945284404401,0.558981589261351
0.765052210336923,0.709893477202123,0.69998505820384,0.754586718386896,0.726543803551347,0.711313432390301,0.676388794805118,0.629382626255155
0.725237664053086,0.720930326403736,0.777339467730468,0.726543803551347,0.678010474332692,0.628564927142392,0.709095480034901,0.698828958684959
0.560424828072068,0.603605484877068,0.617852861685592,0.711313432390301,0.628564927142392,0.695397301460242,0.617744245071139,0.621144865842973
0.556707825932299,0.561069937222744,0.644945284404401,0.676388794805118,0.709095480034901,0.617744245071139,0.677960333051296,0.622085144976305
0.562651550732446,0.562436150601081,0.558981589261351,0.629382626255155,0.698828958684959,0.621144865842973,0.622085144976305,1
