"[0,1)","[1,5)","[5,15)","[15,25)","[25,45)","[45,65)","[65,75)","[75,+)"
0.317267194792367,1.38470537933195,1.34251237135722,1.17467638712802,1.08704959307583,1.39218010248661,1.2518582648753,1.48617363568925
1.38470537933195,0.55358223924427,1.20390213336729,1.05484877613219,1.10455095973115,1.27169105371972,1.36540789254412,1.47753480937606
1.34251237135722,1.20390213336729,0.561655850353678,0.90833053513912,1.03614650308531,1.03841296993954,1.25726633625896,1.4448561346618
1.17467638712802,1.05484877613219,0.90833053513912,0.58545964348546,0.928877592458443,0.919636180388135,1.03544036544108,0.974789149648582
1.08704959307583,1.10455095973115,1.03614650308531,0.928877592458443,0.986858301761976,1.01088068083469,1.28268237027548,1.31408855170333
1.39218010248661,1.27169105371972,1.03841296993954,0.919636180388135,1.01088068083469,0.989794711640878,1.12222813360967,1.1119234481589
1.2518582648753,1.36540789254412,1.25726633625896,1.03544036544108,1.28268237027548,1.12222813360967,1.02091914211789,1.04714666729484
1.48617363568925,1.47753480937606,1.4448561346618,0.974789149648582,1.31408855170333,1.1119234481589,1.04714666729484,0.989804353722656
