"[0,1)","[1,5)","[5,15)","[15,25)","[25,45)","[45,65)","[65,75)","[75,+)"
0.103821010978055,0.697950969299226,0.880949303380681,0.876459777740027,0.757471483244976,0.837359966193966,0.865923175741744,0.721908409567623
0.697950969299226,0.274849688589945,0.715073204531222,0.726748604131536,0.733043820697745,0.775752780938705,0.73183503189295,0.730585504056072
0.880949303380681,0.715073204531222,0.265167750180909,0.605692442955882,0.719748637020336,0.65749416555566,0.734814034345245,0.735601506530584
0.876459777740027,0.726748604131536,0.605692442955882,0.453680950608501,0.693143602772967,0.775949700755976,0.777494068935747,0.772063937167534
0.757471483244976,0.733043820697745,0.719748637020336,0.693143602772967,0.656329730980016,0.72985748567951,0.745401035921252,0.817856742672502
0.837359966193967,0.775752780938705,0.65749416555566,0.775949700755976,0.729857485679511,0.821926092918169,0.823698651067495,0.825396513809656
0.865923175741744,0.73183503189295,0.734814034345246,0.777494068935747,0.745401035921252,0.823698651067495,0.875426204032338,0.865585905109966
0.721908409567623,0.730585504056072,0.735601506530584,0.772063937167534,0.817856742672502,0.825396513809656,0.865585905109966,0.939673327656904
