"[0,1)","[1,5)","[5,15)","[15,25)","[25,45)","[45,65)","[65,75)","[75,+)"
0.136285262249386,0.838081096193374,0.917767120731742,0.913307294462218,0.820025329395217,0.865455366597271,0.858982674633188,0.848421657082926
0.838081096193374,0.351513753972532,0.815522468891358,0.789687707760184,0.787006030937538,0.836508148788296,0.829452671327568,0.848945687253251
0.917767120731742,0.815522468891358,0.382871396755844,0.711666646662728,0.840818257419573,0.785031570856111,0.861981032133719,0.835546817682258
0.913307294462218,0.789687707760184,0.711666646662728,0.527123129379698,0.81397700578539,0.847062871162754,0.866949481560027,0.841467816661329
0.820025329395217,0.787006030937538,0.840818257419573,0.81397700578539,0.802697081140955,0.779032854007336,0.798554096044499,0.823825802335446
0.86545536659727,0.836508148788296,0.785031570856111,0.847062871162754,0.779032854007336,0.858645625196776,0.83526397573625,0.80606845935712
0.858982674633188,0.829452671327568,0.861981032133719,0.866949481560028,0.798554096044499,0.83526397573625,0.881374023616571,0.886245887655957
0.848421657082926,0.848945687253251,0.835546817682258,0.841467816661329,0.823825802335446,0.80606845935712,0.886245887655957,1
