"[0,1)","[1,5)","[5,15)","[15,25)","[25,45)","[45,65)","[65,75)","[75,+)"
0.714930900265105,0.764399935503742,0.85512144931584,0.846374535080367,0.856341372064238,0.754810932776834,0.843003614403864,0.712768433972722
0.764399935503742,0.862223707956266,0.825812153542094,0.806265666945534,0.835806268605801,0.753037471313663,0.753055688654097,0.717569993083864
0.85512144931584,0.825812153542094,0.865649147063145,0.820108633020672,0.848640829733139,0.786479929999379,0.773828813838035,0.723597227392251
0.846374535080367,0.806265666945534,0.820108633020672,0.801886097159319,0.777852308563047,0.805818162763673,0.796183871716293,0.778067436422102
0.856341372064239,0.835806268605802,0.848640829733139,0.777852308563047,0.755153962103207,0.769030773769808,0.792069144993947,0.816008986274065
0.754810932776834,0.753037471313663,0.786479929999379,0.805818162763673,0.769030773769808,0.801956004206173,0.798118567897544,0.780664890714159
0.843003614403864,0.753055688654097,0.773828813838035,0.796183871716293,0.792069144993947,0.798118567897544,0.872987323211763,0.868869319776404
0.712768433972722,0.717569993083865,0.723597227392251,0.778067436422102,0.816008986274065,0.780664890714159,0.868869319776404,0.942715172802802
