"[0,1)","[1,5)","[5,15)","[15,25)","[25,45)","[45,65)","[65,75)","[75,+)"
0.465696270103156,0.648912199602895,0.827638050522992,0.885227914569979,0.809787037994537,0.625458444293504,1.04836424699432,0.510736921569855
0.648912199602895,0.479975428903224,0.739274006446911,0.753210668111713,0.759653618756431,0.612470049744822,0.591877527045228,0.529283118758102
0.827638050522992,0.739274006446911,0.444559405257891,0.683266455427256,0.808246896777542,0.615920341709589,0.653770566799184,0.533487374464739
0.885227914569979,0.753210668111713,0.683266455427256,0.520383209397666,0.81890654030134,0.786947422845245,0.829409939209581,0.706006119834162
0.809787037994537,0.759653618756431,0.808246896777542,0.81890654030134,0.809374449549595,0.733480503878477,0.798229421017632,0.768818503112495
0.625458444293504,0.612470049744822,0.615920341709589,0.786947422845245,0.733480503878477,0.743930964098582,0.720060318509151,0.651944006521607
1.04836424699432,0.591877527045228,0.653770566799184,0.829409939209581,0.798229421017631,0.720060318509151,0.763181446456597,0.782881325436721
0.510736921569855,0.529283118758102,0.533487374464739,0.706006119834162,0.768818503112495,0.651944006521607,0.782881325436721,1
