"[0,1)","[1,5)","[5,15)","[15,25)","[25,45)","[45,65)","[65,75)","[75,+)"
0.102556364999274,0.410335629215019,0.63147626829314,0.602461666320645,0.530181095258468,0.343111236738639,0.302365931960708,0.278054809338276
0.410335629215019,0.195878454382846,0.527867997092037,0.464644256658999,0.495346459410879,0.387095329314168,0.2877992654603,0.279225411476143
0.63147626829314,0.527867997092037,0.175899576417107,0.388256509387196,0.511977958512774,0.358848633415241,0.339683120913892,0.278678773121975
0.602461666320645,0.464644256658999,0.388256509387196,0.234469168703226,0.411815006434295,0.451704449622314,0.349437274125673,0.279316459328041
0.530181095258468,0.495346459410879,0.511977958512774,0.411815006434295,0.391511642828291,0.359774446603524,0.32772876835701,0.289770048214477
0.343111236738639,0.387095329314168,0.358848633415241,0.451704449622314,0.359774446603525,0.403043624476567,0.323137616612078,0.280481597348097
0.302365931960708,0.2877992654603,0.339683120913892,0.349437274125673,0.32772876835701,0.323137616612078,0.406425920359939,0.396102678906495
0.278054809338276,0.279225411476143,0.278678773121975,0.279316459328041,0.289770048214477,0.280481597348097,0.396102678906495,0.740227138101556
