"[0,1)","[1,5)","[5,15)","[15,25)","[25,45)","[45,65)","[65,75)","[75,+)"
0.863464776026759,0.917241939373336,0.951249757033954,0.941382178261147,0.921041728829904,0.911941601668082,0.906959714716222,0.900428712816152
0.917241939373336,0.863179517668502,0.930671365371236,0.879861096407799,0.909679471688762,0.907704684010925,0.899218764782542,0.900743186355913
0.951249757033954,0.930671365371236,0.874300179772542,0.826312279331587,0.910010800534805,0.884251403127671,0.899005981251091,0.898210356331955
0.941382178261147,0.879861096407799,0.826312279331587,0.62816701601462,0.858799796071583,0.879193654259484,0.888892322435711,0.898777588876782
0.921041728829904,0.909679471688762,0.910010800534805,0.858799796071583,0.870735550453601,0.872183966187823,0.889812909536216,0.902154408954508
0.911941601668082,0.907704684010925,0.884251403127671,0.879193654259484,0.872183966187823,0.890767470762723,0.896838117812981,0.900167890073547
0.906959714716222,0.899218764782542,0.899005981251091,0.888892322435711,0.889812909536217,0.896838117812981,0.91964903454286,0.918647225599484
0.900428712816152,0.900743186355913,0.898210356331955,0.898777588876782,0.902154408954508,0.900167890073548,0.918647225599484,0.967463715999097
