"[0,1)","[1,5)","[5,15)","[15,25)","[25,45)","[45,65)","[65,75)","[75,+)"
0.839923699343243,0.94918333964069,0.977892430550101,0.968983294733094,0.943706301030982,0.959268457043141,0.958521051452492,0.951449860851169
0.94918333964069,0.873053263309093,0.955139504673233,0.907008142830718,0.934641588107774,0.947356129166399,0.948162165285353,0.95177793903105
0.977892430550101,0.955139504673232,0.892264098331542,0.851703490140845,0.932890780523863,0.915875126500369,0.941559261112744,0.949379058849135
0.968983294733094,0.907008142830718,0.851703490140845,0.653353686338997,0.882920887935842,0.905603857721685,0.929081259018801,0.948175239389984
0.943706301030982,0.934641588107773,0.932890780523863,0.882920887935842,0.892965896608036,0.898841702506603,0.929957663484121,0.950884179934216
0.959268457043141,0.947356129166399,0.915875126500369,0.905603857721685,0.898841702506603,0.919095120263529,0.938733824920971,0.946453053844574
0.958521051452492,0.948162165285353,0.941559261112744,0.929081259018801,0.929957663484121,0.938733824920971,0.960829463525046,0.961381955774752
0.951449860851169,0.95177793903105,0.949379058849135,0.948175239389984,0.950884179934216,0.946453053844574,0.961381955774752,0.98486106023949
