"[0,1)","[1,5)","[5,15)","[15,25)","[25,45)","[45,65)","[65,75)","[75,+)"
0.35714076861972,0.749813203129464,0.836773716760868,0.84773144031792,0.777585705112324,0.728140186838871,0.709141916523799,0.699312500969981
0.749813203129464,0.508414924852632,0.794531178695943,0.746125202402802,0.763837538932822,0.738873234010114,0.688869809403406,0.699769831884788
0.836773716760868,0.794531178695943,0.476303440949281,0.675368144109628,0.808675541586911,0.714152983121004,0.757653700276001,0.698048382294916
0.84773144031792,0.746125202402802,0.675368144109629,0.472118261313445,0.75901961750686,0.78151179732113,0.752832126790268,0.696196744894997
0.777585705112324,0.763837538932822,0.80867554158691,0.75901961750686,0.746964821211639,0.717906317864072,0.711089486511268,0.696161703199049
0.728140186838871,0.738873234010114,0.714152983121004,0.78151179732113,0.717906317864072,0.794891845498599,0.735862635604475,0.695880149798848
0.709141916523799,0.688869809403406,0.757653700276001,0.752832126790268,0.711089486511268,0.735862635604475,0.77580642784727,0.755934608584565
0.699312500969981,0.699769831884788,0.698048382294916,0.696196744894997,0.696161703199049,0.695880149798848,0.755934608584565,1
