"[0,1)","[1,5)","[5,15)","[15,25)","[25,45)","[45,65)","[65,75)","[75,+)"
0.684201771591844,1.32294721771042,1.26144901925231,1.11208120965584,1.13220375234202,1.27117677704408,1.26590231813026,1.24240963118285
1.32294721771042,0.8091671646627,1.17998367309024,1.06196128388769,1.11207215096886,1.18773237439918,1.28526729330801,1.24340302090827
1.26144901925231,1.17998367309024,0.817415152239732,1.02936938322756,1.07616014155645,1.05643415370319,1.26326885840604,1.22388559805672
1.11208120965584,1.06196128388769,1.02936938322757,0.964934523290557,0.961205843327037,0.924287134267648,1.07336067599962,0.881366003339019
1.13220375234202,1.11207215096886,1.07616014155645,0.961205843327037,0.967208382550932,0.952443030479816,1.29786568240114,1.23053974907083
1.27117677704408,1.18773237439918,1.05643415370319,0.924287134267648,0.952443030479816,0.923506079542055,1.09640263820982,1.02606424027623
1.26590231813026,1.28526729330801,1.26326885840604,1.07336067599962,1.29786568240114,1.09640263820982,0.908336614919465,0.956365811406749
1.24240963118285,1.24340302090827,1.22388559805672,0.881366003339019,1.23053974907083,1.02606424027623,0.956365811406749,0.924152699218368
