"[0,1)","[1,5)","[5,15)","[15,25)","[25,45)","[45,65)","[65,75)","[75,+)"
0.746222685514402,0.794053297965479,0.919349156916835,0.957556218898665,0.916330638201755,0.759706562989423,1.26663175703124,0.757492587198034
0.794053297965479,0.894143560447646,0.804993215814325,0.926155487978386,0.860073912754838,0.690190702321978,0.885985550128229,0.774203757198944
0.919349156916835,0.804993215814325,0.906737739112578,0.964170457147323,0.870932820532351,0.741494390064388,0.839941642957093,0.774350282792029
0.957556218898665,0.926155487978386,0.964170457147323,1.16516854486154,0.915179274229715,0.900826451710253,1.04500574914016,1.26969292217472
0.916330638201755,0.860073912754838,0.870932820532351,0.915179274229716,0.742620125546588,0.733366917693956,0.938093940421897,0.967523392027379
0.759706562989423,0.690190702321977,0.741494390064388,0.900826451710254,0.733366917693956,0.717525122739307,0.808591909055273,0.7839546405706
1.26663175703124,0.885985550128229,0.839941642957093,1.04500574914016,0.938093940421897,0.808591909055273,0.980553741122842,1.00368267851042
0.757492587198034,0.774203757198944,0.774350282792029,1.26969292217472,0.967523392027379,0.7839546405706,1.00368267851042,1.00262462894356
