"[0,1)","[1,5)","[5,15)","[15,25)","[25,45)","[45,65)","[65,75)","[75,+)"
0.763516276086556,1.2458617512617,1.20293874550696,1.16233652721886,1.10728840579403,1.28430263520504,1.46641331296758,1.32272894753743
1.2458617512617,0.955168536708541,1.13299264464879,1.10119090506272,1.08452636204012,1.16029076821887,1.31836709062801,1.32774660596968
1.20293874550696,1.13299264464879,0.946389313369354,1.07026238674059,1.05382950827201,1.05852514608276,1.21090097220825,1.30824916428392
1.16233652721886,1.10119090506272,1.07026238674059,1.02275111432946,1.01029364588755,1.02044534318523,1.11652937327036,1.09401381808441
1.10728840579403,1.08452636204013,1.05382950827201,1.01029364588755,0.975735803002659,1.00998493520644,1.17902018454622,1.31552306554744
1.28430263520504,1.16029076821887,1.05852514608276,1.02044534318523,1.00998493520644,1.00081353608806,1.0907846297305,1.07355078665667
1.46641331296758,1.31836709062801,1.21090097220825,1.11652937327036,1.17902018454622,1.0907846297305,1.08057177769379,1.15543894980789
1.32272894753743,1.32774660596968,1.30824916428392,1.09401381808441,1.31552306554744,1.07355078665667,1.15543894980789,1.00922801682086
