"[0,1)","[1,5)","[5,15)","[15,25)","[25,45)","[45,65)","[65,75)","[75,+)"
0.278459299909092,0.545660129821744,0.758648738646271,0.716082446548756,0.63311261998931,0.433909105573061,0.677882074616418,0.338305894204397
0.545660129821744,0.392030293236766,0.602930504873356,0.580710292993904,0.582305580801001,0.434949366193529,0.429449029266298,0.350825515228352
0.758648738646271,0.602930504873356,0.356331156645825,0.514588337990839,0.593420518693299,0.423930999671834,0.444222958165646,0.353369316365775
0.716082446548757,0.580710292993904,0.514588337990839,0.396476207155927,0.512234057209081,0.533999039747528,0.501451926193181,0.50524144894252
0.63311261998931,0.582305580801001,0.593420518693299,0.512234057209081,0.439399823483628,0.403106492873955,0.425242278541425,0.401006635071289
0.433909105573061,0.434949366193529,0.423930999671834,0.533999039747528,0.403106492873955,0.426244521553527,0.385562116356245,0.346556542579678
0.677882074616418,0.429449029266298,0.444222958165646,0.501451926193181,0.425242278541425,0.385562116356245,0.535533651200339,0.534253926688315
0.338305894204397,0.350825515228352,0.353369316365775,0.50524144894252,0.401006635071289,0.346556542579678,0.534253926688315,0.800849785481723
