"[0,1)","[1,5)","[5,15)","[15,25)","[25,45)","[45,65)","[65,75)","[75,+)"
0.0639337451667021,0.39934719972259,0.650818963672713,0.623121925203782,0.560486815768572,0.326878724624831,0.361106083483316,0.21645203430797
0.399347199722589,0.186137087089735,0.52532616320564,0.466999129616373,0.510801671648661,0.365093461698582,0.26185561237808,0.221829859601268
0.650818963672713,0.52532616320564,0.165491258312536,0.385582442232689,0.522876749728753,0.341448289768852,0.324723990805566,0.230382907032872
0.623121925203782,0.466999129616373,0.385582442232689,0.228277340242836,0.406685508470095,0.444788717190502,0.352306068048356,0.243526962131817
0.560486815768572,0.510801671648661,0.522876749728753,0.406685508470095,0.371913289857059,0.348649269139324,0.35926080112409,0.339122313340067
0.326878724624831,0.365093461698582,0.341448289768852,0.444788717190502,0.348649269139324,0.392360666185046,0.319998656075988,0.26681092199753
0.361106083483316,0.26185561237808,0.324723990805566,0.352306068048356,0.35926080112409,0.319998656075988,0.406951894988605,0.411776515932795
0.21645203430797,0.221829859601268,0.230382907032872,0.243526962131817,0.339122313340067,0.26681092199753,0.411776515932795,0.733507771602463
