"[0,1)","[1,5)","[5,15)","[15,25)","[25,45)","[45,65)","[65,75)","[75,+)"
0.825029947196504,0.876820596302629,0.913251988353146,0.915758469119843,0.919927042503504,0.834495503320547,0.944212890956115,0.765495608764268
0.876820596302629,0.89867731896032,0.897787467443263,0.880093680793629,0.894074773090932,0.828138560030985,0.794899189075233,0.771660708266718
0.913251988353146,0.897787467443263,0.908147227762463,0.88247899435067,0.914462724959181,0.850352418168519,0.820429525402803,0.767959454719938
0.915758469119844,0.880093680793629,0.88247899435067,0.828105507179495,0.873803467055096,0.878397885053255,0.870003436486076,0.840322439282005
0.919927042503503,0.894074773090932,0.914462724959182,0.873803467055096,0.848220480348184,0.82064151267835,0.783069222422936,0.761785242179957
0.834495503320547,0.828138560030985,0.850352418168519,0.878397885053255,0.82064151267835,0.857765742856179,0.815837041313195,0.7442264410876
0.944212890956115,0.794899189075233,0.820429525402803,0.870003436486076,0.783069222422936,0.815837041313195,0.853217454952894,0.869664210636499
0.765495608764268,0.771660708266718,0.767959454719938,0.840322439282005,0.761785242179957,0.7442264410876,0.869664210636499,1
