"[0,1)","[1,5)","[5,15)","[15,25)","[25,45)","[45,65)","[65,75)","[75,+)"
0.887146738539703,0.941665968048749,0.987085211534623,1.01505218554851,1.01388062783343,1.01745790030272,1.49591217582399,0.920092678344069
0.941665968048749,0.912601540382616,0.940480680952751,0.940952792256174,0.967197343294828,0.935756351915442,1.06128194856092,0.935990566998842
0.987085211534623,0.940480680952751,0.906077848297815,0.882913249789226,0.947737286452214,0.910907615978041,1.00091033990309,0.948128811048979
1.01505218554851,0.940952792256174,0.882913249789226,0.71019814794448,0.935980896029331,0.973036450017336,1.11660199119441,1.05866214039768
1.01388062783343,0.967197343294827,0.947737286452214,0.935980896029331,0.893314679343284,0.954891151589016,1.21882823779773,1.40214715754972
1.01745790030272,0.935756351915442,0.910907615978041,0.973036450017336,0.954891151589016,0.968184922158829,1.11830702862512,1.07630257071837
1.49591217582399,1.06128194856092,1.00091033990309,1.11660199119441,1.21882823779773,1.11830702862512,1.09434565927048,1.21807068816581
0.920092678344069,0.935990566998842,0.948128811048979,1.05866214039768,1.40214715754972,1.07630257071837,1.21807068816581,0.983526031663938
