"[0,1)","[1,5)","[5,15)","[15,25)","[25,45)","[45,65)","[65,75)","[75,+)"
0.248397408537931,0.589221814089616,0.755720435949503,0.735589221813529,0.649750134973791,0.562886315454352,0.540962579295883,0.520644044933283
0.589221814089616,0.365023365534523,0.660488387397106,0.616082546966512,0.631107091473085,0.577137387683398,0.517782280373315,0.521600901003908
0.755720435949503,0.660488387397106,0.323892480762958,0.523976891467826,0.632736919926081,0.52298528608584,0.534859859176076,0.517415800835032
0.735589221813529,0.616082546966512,0.523976891467826,0.352501031004187,0.570941334587101,0.606260878929237,0.53788043921477,0.516828848113322
0.649750134973791,0.631107091473085,0.632736919926081,0.570941334587101,0.563316614651852,0.547752731540067,0.535030216558172,0.512143311709618
0.562886315454352,0.577137387683398,0.52298528608584,0.606260878929237,0.547752731540067,0.574845486830586,0.519887436704047,0.488604105476867
0.540962579295883,0.517782280373315,0.534859859176076,0.53788043921477,0.535030216558172,0.519887436704047,0.569090078178736,0.576811411102583
0.520644044933283,0.521600901003908,0.517415800835032,0.516828848113322,0.512143311709618,0.488604105476867,0.576811411102583,0.808340917390472
