"[0,1)","[1,5)","[5,15)","[15,25)","[25,45)","[45,65)","[65,75)","[75,+)"
0.0789414917980547,0.441272460237888,0.605218225413751,0.648734708638032,0.577084288510257,0.351074847675535,0.308643044911422,0.283528501970714
0.441272460237888,0.231302537964368,0.588917261743727,0.505590426998949,0.554578823820261,0.414272663906077,0.282181904237817,0.28484703938169
0.605218225413751,0.588917261743727,0.232347644641426,0.443179488738196,0.632788405962319,0.427546229165629,0.427121502115304,0.286171570734118
0.648734708638032,0.505590426998949,0.443179488738196,0.246953376846094,0.504074176278672,0.526468526427433,0.420488090308745,0.281746789453909
0.577084288510257,0.554578823820261,0.632788405962319,0.504074176278672,0.464985729540598,0.390220641287611,0.362011632571921,0.296367149006645
0.351074847675535,0.414272663906077,0.427546229165629,0.526468526427433,0.390220641287611,0.537675002344975,0.386564366290153,0.306734442364593
0.308643044911422,0.282181904237817,0.427121502115304,0.420488090308745,0.362011632571921,0.386564366290153,0.46305561560082,0.411254376898621
0.283528501970714,0.28484703938169,0.286171570734118,0.281746789453909,0.296367149006646,0.306734442364593,0.411254376898621,1
