"[0,1)","[1,5)","[5,15)","[15,25)","[25,45)","[45,65)","[65,75)","[75,+)"
0.823056775144312,0.859729922560073,0.85259277092357,0.85960659490612,0.867117523313008,0.841773780208508,0.922373507842842,0.867140518019501
0.859729922560073,0.967521267513331,0.909429354656015,0.905805916719382,0.889341475588369,0.866771935293086,0.89550969398297,0.882995673941891
0.85259277092357,0.909429354656015,0.97778262263045,0.924284759300486,0.895010911418951,0.869525707514586,0.897900016866945,0.879488704893076
0.85960659490612,0.905805916719382,0.924284759300486,0.994120683139977,0.888870158314964,0.854922025278605,0.902267187820212,0.893673835397001
0.867117523313008,0.889341475588368,0.895010911418951,0.888870158314964,0.858674310060556,0.807848305284542,0.854641356665192,0.886908033034779
0.841773780208508,0.866771935293086,0.869525707514586,0.854922025278605,0.807848305284542,0.809532166063645,0.886455996563416,0.855183132086018
0.922373507842842,0.89550969398297,0.897900016866945,0.902267187820212,0.854641356665192,0.886455996563416,0.994119521246447,1.0657729044717
0.867140518019501,0.882995673941891,0.879488704893076,0.893673835397001,0.886908033034779,0.855183132086018,1.0657729044717,0.835680640681653
