"[0,1)","[1,5)","[5,15)","[15,25)","[25,45)","[45,65)","[65,75)","[75,+)"
0.690524776816076,0.899321553141665,0.917764879224366,0.988592124205342,0.933346609656114,0.961655341584457,1.24055008855575,0.846101302871804
0.899321553141665,0.841462017607582,0.884053683328796,0.891761872109089,0.91027032026277,0.906636578852895,0.960931082442128,0.870236225981856
0.917764879224366,0.884053683328796,0.846282195093832,0.882769131587752,0.898469041795294,0.862624298292536,0.909284435592914,0.876912375463568
0.988592124205342,0.89176187210909,0.882769131587752,0.85953621334849,0.881091419707877,0.876449080530225,0.973083198418666,0.868305174923155
0.933346609656114,0.91027032026277,0.898469041795294,0.881091419707877,0.874422029613729,0.876384104741162,1.04784006732748,1.19415817321474
0.961655341584457,0.906636578852895,0.862624298292536,0.876449080530225,0.876384104741162,0.847913633902563,0.967350737320054,0.905524619005605
1.24055008855575,0.960931082442128,0.909284435592914,0.973083198418666,1.04784006732748,0.967350737320054,0.972718649383318,1.04288815016218
0.846101302871804,0.870236225981856,0.876912375463568,0.868305174923155,1.19415817321474,0.905524619005605,1.04288815016218,0.830380744501502
