"[0,1)","[1,5)","[5,15)","[15,25)","[25,45)","[45,65)","[65,75)","[75,+)"
0.873440412266587,0.92273509061186,0.925036447828712,0.99545454414826,0.987376021109572,1.00147303198914,1.20871529606938,0.866347901168487
0.92273509061186,0.885480302988155,0.908756959959785,0.916859529939376,0.948319189929308,0.939389373187312,0.963311270180347,0.888161594157285
0.925036447828712,0.908756959959785,0.881798859330805,0.917672723465458,0.932785023230734,0.892447217773441,0.920927713292779,0.89655426429199
0.995454544148261,0.916859529939376,0.917672723465458,0.923230720172895,0.927871554061228,0.911535692302184,0.972967609877323,0.883665445079949
0.987376021109572,0.948319189929308,0.932785023230734,0.927871554061228,0.929362006941006,0.930159068347007,1.08170199056009,1.25031230243575
1.00147303198914,0.939389373187312,0.892447217773441,0.911535692302184,0.930159068347007,0.891650593350704,0.988640289218032,0.923386430764175
1.20871529606938,0.963311270180347,0.920927713292779,0.972967609877323,1.08170199056009,0.988640289218032,0.963208086802564,1.0343855701325
0.866347901168487,0.888161594157285,0.89655426429199,0.883665445079949,1.25031230243575,0.923386430764175,1.0343855701325,0.843422066541012
