"[0,1)","[1,5)","[5,15)","[15,25)","[25,45)","[45,65)","[65,75)","[75,+)"
0.898609411208295,1.02396440760804,0.983530434078908,0.95054920419436,0.98338318947,0.907906900199039,1.12721273494315,1.34544948485218
1.02396440760804,0.990145659114616,1.00149982697803,0.932397299351544,0.991677292252878,0.910940105134968,1.29617969992428,1.33694065347323
0.983530434078908,1.00149982697803,1.0100334658795,0.899019573762447,1.00578154592291,0.914190311411341,1.21699379479199,1.30824807191159
0.95054920419436,0.932397299351544,0.899019573762447,0.662121387418596,0.98273606147486,0.891511895644681,1.15585632753659,1.28776768741559
0.983383189470001,0.991677292252878,1.00578154592291,0.98273606147486,1.00262688992387,0.906170334610091,1.21947547101947,1.37424304367776
0.907906900199039,0.910940105134968,0.914190311411341,0.891511895644681,0.906170334610091,0.860609521933255,1.04945033498689,1.05699908248249
1.12721273494315,1.29617969992428,1.21699379479199,1.15585632753659,1.21947547101947,1.04945033498689,1.29062328835098,1.32213987412618
1.34544948485218,1.33694065347323,1.30824807191159,1.28776768741559,1.37424304367776,1.05699908248249,1.32213987412618,1
