"[0,1)","[1,5)","[5,15)","[15,25)","[25,45)","[45,65)","[65,75)","[75,+)"
0.810133862340828,0.95965311150863,1.03994846035202,1.04953902093154,1.04686248254822,0.975549961155427,1.54266991529313,0.948304382208627
0.95965311150863,0.862328732176746,0.951681471415012,0.968298226206223,0.960100809388799,0.877296045704602,1.04057787012351,0.970714377986678
1.03994846035202,0.951681471415012,0.851463614485228,0.951485297378369,0.977081706755967,0.865853544384596,0.995052922221821,0.971478826728655
1.04953902093154,0.968298226206223,0.951485297378369,0.90253869577661,0.958374958560052,0.919121187731941,1.07651327880615,1.0073743103076
1.04686248254822,0.9601008093888,0.977081706755967,0.958374958560052,0.995286367562858,0.919501175659546,1.04285413897784,1.10101710995193
0.975549961155427,0.877296045704602,0.865853544384596,0.91912118773194,0.919501175659546,0.880120551261437,0.973900189970592,0.914003527782317
1.54266991529313,1.04057787012351,0.995052922221821,1.07651327880615,1.04285413897784,0.973900189970592,1.07029679022515,1.11004527123804
0.948304382208627,0.970714377986678,0.971478826728655,1.0073743103076,1.10101710995193,0.914003527782317,1.11004527123804,1
