"[0,1)","[1,5)","[5,15)","[15,25)","[25,45)","[45,65)","[65,75)","[75,+)"
0.649704930041926,0.849676199813043,0.975156073867181,0.923339209235848,0.963012345226458,0.97372542912041,1.42119671848361,0.790116281826521
0.849676199813043,0.890116315086223,0.86135219764993,0.856513458281949,0.942200906497229,0.869897673163951,0.952328684460417,0.807539878210612
0.975156073867181,0.86135219764993,0.904162903681955,0.810198527506256,0.937330851614329,0.886602952502155,0.905274449565478,0.819900500493686
0.923339209235848,0.856513458281949,0.810198527506256,0.612321753030782,0.897006307932526,0.936699740051683,0.967939039151876,1.04001507968753
0.963012345226458,0.942200906497229,0.937330851614329,0.897006307932526,0.925703915876864,0.990180518603554,1.10687924537023,1.15375992784275
0.97372542912041,0.869897673163951,0.886602952502155,0.936699740051683,0.990180518603554,1.01614650460961,1.05806188398714,1.05030133685129
1.42119671848361,0.952328684460417,0.905274449565478,0.967939039151876,1.10687924537023,1.05806188398714,1.0642266023484,1.1001250709407
0.790116281826521,0.807539878210612,0.819900500493686,1.04001507968753,1.15375992784275,1.05030133685129,1.1001250709407,1.023748048806
