"[0,1)","[1,5)","[5,15)","[15,25)","[25,45)","[45,65)","[65,75)","[75,+)"
0.618782497703046,0.850973961289267,0.93033780413168,0.918611696882918,0.894842026696474,0.905379510529055,1.02815679378806,0.874205882022995
0.850973961289267,0.887289527586708,0.88599066212223,0.841860933987147,0.889739252526787,0.862623817228291,0.908617352047032,0.879258920584424
0.93033780413168,0.885990662122229,0.897989675181973,0.796766241278583,0.889896089873626,0.855246474754529,0.898225156296593,0.882242702829104
0.918611696882918,0.841860933987147,0.796766241278583,0.582289739947553,0.813163233959809,0.861796771897493,0.911424045491034,0.950610710117756
0.894842026696474,0.889739252526787,0.889896089873626,0.813163233959809,0.813294972004788,0.853810849155409,0.927784671255978,0.987274391253041
0.905379510529055,0.862623817228291,0.855246474754529,0.861796771897493,0.853810849155409,0.895879956471837,0.938673115767076,0.938540210333694
1.02815679378806,0.908617352047032,0.898225156296593,0.911424045491034,0.927784671255978,0.938673115767076,1.00979822572934,1.01228951565638
0.874205882022995,0.879258920584424,0.882242702829104,0.950610710117756,0.987274391253041,0.938540210333694,1.01228951565638,1.00198528925206
