"[0,1)","[1,5)","[5,15)","[15,25)","[25,45)","[45,65)","[65,75)","[75,+)"
0.759900714004467,0.954179011702056,0.974724961775631,0.969852620397685,0.945774718995866,0.959023872969127,0.959052285458407,0.952169864441832
0.954179011702056,0.87324229992134,0.956874271628455,0.91279026756933,0.935973342923961,0.949689283409327,0.948609319009896,0.952511365271691
0.97472496177563,0.956874271628455,0.896927086827835,0.874466841844974,0.953597104290818,0.939418195920388,0.954919289479519,0.946908742201442
0.969852620397685,0.91279026756933,0.874466841844974,0.66598300476906,0.925936392202604,0.941384055265864,0.956362586285125,0.94915070227207
0.945774718995866,0.935973342923961,0.953597104290818,0.925936392202604,0.930204378704494,0.920025688247034,0.930102777538628,0.941819336975796
0.959023872969127,0.949689283409327,0.939418195920388,0.941384055265864,0.920025688247034,0.950322082618965,0.942420115527682,0.933086161741618
0.959052285458407,0.948609319009896,0.954919289479519,0.956362586285125,0.930102777538628,0.942420115527682,0.959624927194055,0.965084800543223
0.952169864441832,0.952511365271691,0.946908742201442,0.94915070227207,0.941819336975796,0.933086161741618,0.965084800543223,1
