"[0,1)","[1,5)","[5,15)","[15,25)","[25,45)","[45,65)","[65,75)","[75,+)"
0.105984825947,0.44003897464824,0.64914835330287,0.62568992841936,0.555016478454491,0.376416570944608,0.285170213012627,0.342943565636729
0.44003897464824,0.259135405773835,0.55836021421955,0.505836852536712,0.523092340134502,0.417537813485917,0.32716457553996,0.338291961854649
0.64914835330287,0.55836021421955,0.230073182943025,0.447537270291287,0.546256430400092,0.390321600475911,0.374394789448716,0.327290143899054
0.62568992841936,0.505836852536712,0.447537270291287,0.363684179128977,0.442380840762845,0.476574779169579,0.380939440002208,0.335913477679256
0.555016478454491,0.523092340134502,0.546256430400092,0.442380840762845,0.408372923789689,0.376588096030407,0.343988078581342,0.309110117360954
0.376416570944608,0.417537813485917,0.390321600475911,0.476574779169579,0.376588096030407,0.417270972826203,0.338379362588599,0.307986432620133
0.285170213012627,0.32716457553996,0.374394789448716,0.380939440002208,0.343988078581342,0.338379362588599,0.422799793401357,0.404998982465673
0.342943565636729,0.338291961854649,0.327290143899054,0.335913477679256,0.309110117360954,0.307986432620133,0.404998982465673,0.758194358162846
