"[0,1)","[1,5)","[5,15)","[15,25)","[25,45)","[45,65)","[65,75)","[75,+)"
0.294802080961799,0.479566217075687,0.663320843426265,0.635535304748207,0.581356437564719,0.396402972925523,0.310140526139177,0.374966932218918
0.479566217075687,0.320035806334152,0.582426415223678,0.531826072524923,0.550857556627775,0.452174362264773,0.356170161590897,0.371959216755712
0.663320843426265,0.582426415223678,0.284507176032037,0.478764539198041,0.566410179209,0.434970546062395,0.405698278250792,0.364434592732742
0.635535304748207,0.531826072524923,0.478764539198041,0.389448606214867,0.489442011283748,0.517607911902333,0.408798465680399,0.371348245985129
0.581356437564719,0.550857556627775,0.566410179209,0.489442011283748,0.468947147569038,0.43476809756546,0.38444399766375,0.330362944120481
0.396402972925523,0.452174362264773,0.434970546062395,0.517607911902333,0.43476809756546,0.46509692389143,0.369953114668815,0.33482553205079
0.310140526139177,0.356170161590897,0.405698278250791,0.408798465680399,0.38444399766375,0.369953114668815,0.443803526154114,0.424021147227108
0.374966932218918,0.371959216755712,0.364434592732742,0.371348245985129,0.330362944120481,0.334825532050791,0.424021147227108,0.766453308050793
