"[0,1)","[1,5)","[5,15)","[15,25)","[25,45)","[45,65)","[65,75)","[75,+)"
0.0561565762089798,0.439075608605457,0.602640850564552,0.643898208968399,0.572815354700129,0.344928197174148,0.303256565868914,0.27853674589457
0.439075608605457,0.230929122051165,0.585859869179576,0.501253538174172,0.551121398841703,0.410609394005429,0.277526236267412,0.279686879167584
0.602640850564552,0.585859869179576,0.231001212680468,0.439618147091876,0.628965701283661,0.423796490054769,0.423324094118621,0.28064342474138
0.643898208968399,0.501253538174172,0.439618147091876,0.243674842731794,0.499540119145849,0.521927604289139,0.417906874038448,0.276718893670986
0.572815354700129,0.551121398841703,0.628965701283661,0.499540119145849,0.459435191392275,0.383632047246238,0.358965192515486,0.289480256828955
0.344928197174148,0.410609394005429,0.423796490054769,0.521927604289139,0.383632047246239,0.533143046150612,0.380774611918915,0.299951348592694
0.303256565868914,0.277526236267412,0.423324094118621,0.417906874038448,0.358965192515486,0.380774611918915,0.458972447241147,0.407352015481612
0.27853674589457,0.279686879167584,0.28064342474138,0.276718893670986,0.289480256828955,0.299951348592694,0.407352015481612,1
