"[0,1)","[1,5)","[5,15)","[15,25)","[25,45)","[45,65)","[65,75)","[75,+)"
0.704070898093388,0.907500499911503,0.951921810280631,0.940829134097091,0.907656250478645,0.911918641302925,0.90731600206211,0.899688528388677
0.907500499911503,0.871969667827083,0.934088166148474,0.880710689441682,0.910132171301273,0.908770933743174,0.899644078081656,0.899973266017413
0.951921810280631,0.934088166148474,0.880946905974795,0.827688984388756,0.910045631708981,0.884843324664462,0.900643293493006,0.89915208427184
0.940829134097091,0.880710689441682,0.827688984388756,0.626510342172522,0.854445172065295,0.877580507648166,0.888228740894655,0.898078085257447
0.907656250478645,0.910132171301273,0.910045631708981,0.854445172065295,0.864249464113159,0.866742550501652,0.8890547505225,0.903455963479469
0.911918641302925,0.908770933743174,0.884843324664462,0.877580507648166,0.866742550501652,0.887187577255378,0.896884334144822,0.901012285146981
0.90731600206211,0.899644078081656,0.900643293493006,0.888228740894655,0.8890547505225,0.896884334144822,0.922286558068659,0.920693170924172
0.899688528388677,0.899973266017413,0.89915208427184,0.898078085257447,0.903455963479469,0.901012285146981,0.920693170924172,0.967853407214
