"[0,1)","[1,5)","[5,15)","[15,25)","[25,45)","[45,65)","[65,75)","[75,+)"
0.0604648170415089,0.517520214652333,0.519116056577133,0.543876332991708,0.466988697614656,0.445556681303532,0.263401349182729,0.508924471322442
0.517520214652333,0.231327396973959,0.518500302359847,0.486799008803246,0.490288255444364,0.504451123728622,0.522505133381735,0.558030391591909
0.519116056577133,0.518500302359847,0.210777653005451,0.411225633857429,0.530927179852643,0.45352585743743,0.502362375895534,0.495723066976329
0.543876332991708,0.486799008803246,0.411225633857429,0.248911482321255,0.483275144986588,0.47003361195278,0.486597786499351,0.51153514202819
0.466988697614656,0.490288255444364,0.530927179852642,0.483275144986589,0.426826654749132,0.402697110138334,0.461981671676101,0.454684066365619
0.445556681303532,0.504451123728622,0.45352585743743,0.47003361195278,0.402697110138334,0.410704009848823,0.329280061371683,0.398241909181766
0.263401349182729,0.522505133381735,0.502362375895534,0.486597786499351,0.461981671676101,0.329280061371683,0.331185926769761,0.271612399697318
0.508924471322442,0.558030391591909,0.495723066976329,0.51153514202819,0.454684066365619,0.398241909181766,0.271612399697318,0.392642398974135
