"[0,1)","[1,5)","[5,15)","[15,25)","[25,45)","[45,65)","[65,75)","[75,+)"
0.402273545975552,0.689177960559773,0.822218577343758,0.806595938531585,0.723665215241736,0.679811271506175,0.658451276444418,0.645387612180524
0.689177960559773,0.462224699267091,0.73690023346608,0.702375019871172,0.711234049230638,0.684132788804622,0.638922196410829,0.646002816320372
0.822218577343758,0.73690023346608,0.406875116119121,0.605886015080233,0.702218108794391,0.61640951368186,0.649672661065924,0.646728162423361
0.806595938531585,0.702375019871172,0.605886015080233,0.43440538585887,0.661297943549151,0.695490753441403,0.659961636622576,0.644775120663487
0.723665215241736,0.711234049230638,0.702218108794391,0.661297943549151,0.656518601597613,0.65305205574871,0.65120997621092,0.651469445728874
0.679811271506175,0.684132788804622,0.616409513681859,0.695490753441403,0.65305205574871,0.686247220864041,0.661737455597913,0.650292539906479
0.658451276444418,0.638922196410829,0.649672661065924,0.659961636622575,0.65120997621092,0.661737455597913,0.716908721961973,0.710002085220456
0.645387612180524,0.646002816320372,0.646728162423361,0.644775120663487,0.651469445728874,0.650292539906479,0.710002085220456,0.87581472421997
