"[0,1)","[1,5)","[5,15)","[15,25)","[25,45)","[45,65)","[65,75)","[75,+)"
0.135966564235434,0.787378503422081,0.927685886445926,0.908942558139383,0.783712578467031,0.863362118961877,0.848536592022772,0.847048067065791
0.787378503422081,0.328133010781578,0.794958882500579,0.792528585178812,0.786910223953318,0.827575152840725,0.82056994393689,0.847122633129003
0.927685886445926,0.794958882500579,0.320885606720769,0.675999089436848,0.765263065432143,0.708087892354004,0.796432014089602,0.842572289580708
0.908942558139383,0.792528585178812,0.675999089436848,0.530952062188437,0.762624464425781,0.800656209489379,0.822421503650998,0.843208899792415
0.783712578467031,0.786910223953318,0.765263065432143,0.762624464425781,0.754747270833192,0.769557712480209,0.806966745226942,0.842802211142059
0.863362118961877,0.827575152840725,0.708087892354004,0.800656209489379,0.769557712480209,0.809866574951098,0.83202799793581,0.84635242842356
0.848536592022772,0.82056994393689,0.796432014089602,0.822421503650999,0.806966745226941,0.832027997935811,0.884309882117778,0.877568635129609
0.847048067065791,0.847122633129003,0.842572289580708,0.843208899792415,0.842802211142059,0.846352428423561,0.877568635129609,0.953090186370206
