"[0,1)","[1,5)","[5,15)","[15,25)","[25,45)","[45,65)","[65,75)","[75,+)"
0.811784547483217,0.865924661389696,0.906751847064908,0.915167135512785,0.896256637291416,0.846059384101938,0.834050417875267,0.825852621874133
0.865924661389696,0.84152797371888,0.908830019552386,0.850262022546164,0.882574529968876,0.855565230291362,0.824488459824462,0.826575067502685
0.906751847064908,0.908830019552386,0.850255180878055,0.813565135715783,0.906544141062796,0.859845016469069,0.858740341109891,0.825171985571559
0.915167135512785,0.850262022546164,0.813565135715784,0.601709314520304,0.857141700195309,0.870443672922057,0.854893714491215,0.824784472443559
0.896256637291416,0.882574529968876,0.906544141062796,0.857141700195309,0.855883236367328,0.830851559224133,0.81796817302202,0.81894762541828
0.846059384101938,0.855565230291362,0.859845016469069,0.870443672922057,0.830851559224133,0.881515550033441,0.850081734653745,0.818864162452943
0.834050417875267,0.824488459824462,0.858740341109891,0.854893714491215,0.81796817302202,0.850081734653745,0.877402207556786,0.872319558698391
0.825852621874133,0.826575067502685,0.825171985571559,0.824784472443559,0.81894762541828,0.818864162452943,0.872319558698391,1
