"[0,1)","[1,5)","[5,15)","[15,25)","[25,45)","[45,65)","[65,75)","[75,+)"
0.695592358626319,0.812526337093785,0.878250337308213,0.867491166849568,0.856139623950612,0.780147850561934,0.763627464256397,0.756035560258704
0.812526337093785,0.835782002353464,0.867268025435078,0.84130999355909,0.849692154959912,0.80295566252549,0.767138164929121,0.756415868557019
0.878250337308214,0.867268025435078,0.831776940536095,0.849148151124508,0.860254929965662,0.812592042274482,0.793244808509662,0.75721605105155
0.867491166849568,0.84130999355909,0.849148151124508,0.852286621344971,0.809656330944347,0.820414038285968,0.791336011876586,0.756891005301567
0.856139623950612,0.849692154959912,0.860254929965662,0.809656330944347,0.788823109385546,0.775020171816178,0.773055720372525,0.765713553902203
0.780147850561934,0.80295566252549,0.812592042274482,0.820414038285968,0.775020171816178,0.796124470245133,0.777467138988196,0.766824794185644
0.763627464256397,0.767138164929121,0.793244808509662,0.791336011876586,0.773055720372525,0.777467138988196,0.810671515224296,0.802978883311993
0.756035560258704,0.756415868557019,0.75721605105155,0.756891005301567,0.765713553902203,0.766824794185644,0.802978883311993,0.919687283466267
