"[0,1)","[1,5)","[5,15)","[15,25)","[25,45)","[45,65)","[65,75)","[75,+)"
0.057944901904889,0.421751745793463,0.588748082238156,0.630210484792757,0.562173363147399,0.324209926986471,0.280421669608531,0.256765373360812
0.421751745793463,0.212484816831902,0.57291805408686,0.485816030766787,0.538828812584781,0.392843194455594,0.255808619958267,0.257920926508652
0.588748082238156,0.57291805408686,0.213870339249846,0.426423282020751,0.619147615655778,0.407612324657864,0.406489694060073,0.2587908288373
0.630210484792757,0.485816030766787,0.426423282020751,0.231576753758332,0.486508652258784,0.508806947955019,0.399476426837709,0.255105843865736
0.562173363147399,0.538828812584781,0.619147615655778,0.486508652258784,0.444258805577674,0.366388251190718,0.341248310025337,0.26879397902938
0.324209926986471,0.392843194455594,0.407612324657864,0.508806947955019,0.366388251190718,0.519664323684776,0.362771495223234,0.280277050880163
0.280421669608531,0.255808619958267,0.406489694060073,0.399476426837709,0.341248310025337,0.362771495223234,0.444064605137232,0.391354432051568
0.256765373360812,0.257920926508652,0.2587908288373,0.255105843865736,0.26879397902938,0.280277050880163,0.391354432051568,1
