"[0,1)","[1,5)","[5,15)","[15,25)","[25,45)","[45,65)","[65,75)","[75,+)"
0.163349444913657,0.929182661404275,0.973094919092697,0.916323842091969,0.86246348106586,0.873785244889072,1.01123717079691,1.18861614573312
0.929182661404275,0.368235987530793,0.861451702803252,0.8142819198369,0.844051780844028,0.852318036641502,1.11295159838442,1.17689397182497
0.973094919092697,0.861451702803252,0.401043756879072,0.718665874695622,0.889751186065854,0.802519027465618,1.0953186231091,1.13672419565044
0.916323842091969,0.8142819198369,0.718665874695622,0.477790792038787,0.85902109609212,0.82576088670616,0.995461319703616,1.04951973502988
0.86246348106586,0.844051780844028,0.889751186065854,0.85902109609212,0.88459414363835,0.825206946156346,1.01985664649519,1.11565664880371
0.873785244889072,0.852318036641502,0.802519027465618,0.825760886706159,0.825206946156345,0.839384904180953,0.955895760160678,0.963352343888764
1.01123717079691,1.11295159838442,1.0953186231091,0.995461319703616,1.01985664649519,0.955895760160678,1.14831016956882,1.16053931855337
1.18861614573312,1.17689397182497,1.13672419565044,1.04951973502988,1.11565664880371,0.963352343888764,1.16053931855337,1
