"[0,1)","[1,5)","[5,15)","[15,25)","[25,45)","[45,65)","[65,75)","[75,+)"
0.124773205461671,0.624072691611071,0.738079704930829,0.762872208023467,0.685256370700218,0.56508969615939,0.463460692068965,0.572960801330491
0.624072691611071,0.276779157933362,0.691101075836478,0.672636211152636,0.671977671758308,0.610508366438561,0.538273522513788,0.567527483884149
0.738079704930829,0.691101075836478,0.294527029675305,0.633238159120333,0.733531641577166,0.598359667257992,0.631609887276805,0.557766911554648
0.762872208023467,0.672636211152636,0.633238159120333,0.643386302212401,0.664185662873391,0.677349687738483,0.611493183673845,0.559805999860796
0.685256370700218,0.671977671758308,0.733531641577166,0.664185662873391,0.618253562928313,0.572785930059993,0.575675131227919,0.552316968590636
0.565089696159389,0.610508366438561,0.598359667257992,0.677349687738483,0.572785930059993,0.671759498737351,0.551415850315815,0.546325213169621
0.463460692068965,0.538273522513788,0.631609887276805,0.611493183673845,0.575675131227919,0.551415850315815,0.609509317121804,0.552794771556128
0.572960801330491,0.567527483884149,0.557766911554648,0.559805999860796,0.552316968590636,0.546325213169621,0.552794771556128,1
