"[0,1)","[1,5)","[5,15)","[15,25)","[25,45)","[45,65)","[65,75)","[75,+)"
0.586118569844944,0.631886124399173,0.710067378773819,0.742715568974394,0.730591106764429,0.524629073796766,0.426784468776763,0.527938287452549
0.631886124399173,0.759221689915608,0.760464975991696,0.701061072939913,0.737046340687245,0.605288474271235,0.513978867096246,0.522581269223194
0.710067378773819,0.760464975991696,0.741872615966833,0.709009304025926,0.77525384525497,0.643866346642178,0.602096757812889,0.518557555915708
0.742715568974394,0.701061072939913,0.709009304025926,0.688865784848842,0.6679974520834,0.669246066561695,0.578814757850656,0.516435553039277
0.730591106764429,0.737046340687244,0.77525384525497,0.6679974520834,0.624113657397764,0.57169054977867,0.566945121800118,0.519635390670605
0.524629073796766,0.605288474271235,0.643866346642178,0.669246066561695,0.57169054977867,0.659873694253439,0.526154449454395,0.521374686024855
0.426784468776763,0.513978867096246,0.602096757812889,0.578814757850656,0.566945121800118,0.526154449454395,0.578442265074995,0.518604631505876
0.527938287452549,0.522581269223194,0.518557555915708,0.516435553039278,0.519635390670605,0.521374686024855,0.518604631505876,1
