"[0,1)","[1,5)","[5,15)","[15,25)","[25,45)","[45,65)","[65,75)","[75,+)"
0.773835590646503,0.620875182707463,0.716011931548168,0.695740797735471,0.711672688918266,0.488147440917325,0.39950468433493,0.485916407940838
0.620875182707463,0.776986032472193,0.725103415565567,0.660660703463852,0.681146311709805,0.567280197113736,0.474103606808636,0.482690612569009
0.716011931548168,0.725103415565567,0.735037810350151,0.682614556824713,0.708328453931092,0.611510290197983,0.542865298886367,0.476981587219234
0.695740797735471,0.660660703463852,0.682614556824713,0.667591862869507,0.606924289668999,0.618299409046861,0.510846244524152,0.480268791186098
0.711672688918266,0.681146311709805,0.708328453931092,0.606924289668999,0.578589366811677,0.537008230892429,0.487438045684426,0.421623937201873
0.488147440917325,0.567280197113736,0.611510290197983,0.618299409046861,0.537008230892429,0.554347136499265,0.459929667977636,0.420736344405613
0.39950468433493,0.474103606808636,0.542865298886366,0.510846244524152,0.487438045684427,0.459929667977636,0.513093642997157,0.50034028302052
0.485916407940838,0.482690612569009,0.476981587219234,0.480268791186098,0.421623937201873,0.420736344405613,0.50034028302052,0.797384443608851
