"[0,1)","[1,5)","[5,15)","[15,25)","[25,45)","[45,65)","[65,75)","[75,+)"
0.0975663318448114,0.480723041170542,0.675293834381897,0.647515870210931,0.583516113506431,0.414892281259308,0.328800493856937,0.398824180982576
0.480723041170543,0.313254914179338,0.591158091100773,0.567782660243734,0.568202269475049,0.473695175872786,0.378785107678646,0.396210159685206
0.675293834381897,0.591158091100773,0.279230774668047,0.544023234429053,0.583334930176548,0.459459349800402,0.428416165806548,0.389392764103991
0.647515870210931,0.567782660243734,0.544023234429053,0.578368786958652,0.525386400101041,0.546983711321147,0.435793775502345,0.395075856441333
0.583516113506431,0.568202269475049,0.583334930176548,0.525386400101041,0.488020691212949,0.452244611894479,0.404213851561527,0.347942848394034
0.414892281259308,0.473695175872786,0.459459349800402,0.546983711321147,0.452244611894479,0.481739351334096,0.387820355392475,0.351173926467709
0.328800493856937,0.378785107678646,0.428416165806548,0.435793775502345,0.404213851561527,0.387820355392475,0.459746781675162,0.443406045686075
0.398824180982576,0.396210159685206,0.389392764103991,0.395075856441333,0.347942848394034,0.351173926467709,0.443406045686074,0.77367389750452
