"[0,1)","[1,5)","[5,15)","[15,25)","[25,45)","[45,65)","[65,75)","[75,+)"
0.0571276771149288,0.406019511031867,0.576114985280966,0.619573089272789,0.552362526734718,0.303681566035575,0.25766270491802,0.234631230740145
0.406019511031868,0.205876285617055,0.563298527889749,0.473014949186359,0.528131658696173,0.375807783755172,0.234051398472733,0.235756262833375
0.576114985280966,0.563298527889749,0.206462950111469,0.41511514063852,0.610032060399233,0.393222208476247,0.389408859299005,0.237040793903869
0.61957308927279,0.473014949186359,0.41511514063852,0.220424004693198,0.472678509316823,0.495285678415378,0.382508873388084,0.233371688784929
0.552362526734718,0.528131658696173,0.610032060399233,0.472678509316823,0.428969235388028,0.347849119821726,0.32191321691808,0.246634627022183
0.303681566035575,0.375807783755172,0.393222208476247,0.495285678415378,0.347849119821726,0.506249197192838,0.34581912282109,0.258877390013721
0.25766270491802,0.234051398472733,0.389408859299005,0.382508873388084,0.32191321691808,0.34581912282109,0.430574628357587,0.377029168517692
0.234631230740145,0.235756262833375,0.237040793903869,0.233371688784929,0.246634627022183,0.258877390013721,0.377029168517692,1
