"[0,1)","[1,5)","[5,15)","[15,25)","[25,45)","[45,65)","[65,75)","[75,+)"
0.134748729702883,0.495440531862161,0.632374698595129,0.66936513618585,0.603577316539121,0.394334372122848,0.305290354128868,0.371218598389107
0.495440531862161,0.325461166531176,0.623276667781943,0.560498922756393,0.596159529177984,0.467827098977105,0.352015310319036,0.368151170412939
0.632374698595129,0.623276667781943,0.309133740347591,0.509821568036043,0.663415540035366,0.478556341449345,0.480225208285313,0.362946122865732
0.66936513618585,0.560498922756393,0.509821568036043,0.387841310571319,0.556495451194442,0.56990522298709,0.469675558741112,0.365456316273781
0.603577316539121,0.596159529177984,0.663415540035366,0.556495451194442,0.511077837783894,0.448222426652395,0.432080453932249,0.370599270282111
0.394334372122848,0.467827098977105,0.478556341449345,0.56990522298709,0.448222426652395,0.573477014247814,0.421094908514631,0.377855078523872
0.305290354128868,0.352015310319036,0.480225208285314,0.469675558741112,0.432080453932248,0.421094908514631,0.492040841787552,0.434250920915525
0.371218598389107,0.368151170412939,0.362946122865732,0.365456316273781,0.370599270282111,0.377855078523873,0.434250920915525,1
