"[0,1)","[1,5)","[5,15)","[15,25)","[25,45)","[45,65)","[65,75)","[75,+)"
0.189989306036569,0.504608347296735,0.696478862119072,0.674563219496889,0.593143318499546,0.45730026626627,0.426417907171602,0.403138039339246
0.504608347296735,0.286708656491833,0.598571393028839,0.548067756514662,0.568077688854016,0.486816726422207,0.406860965635079,0.404234352806607
0.696478862119072,0.598571393028839,0.25420191209347,0.46038510322445,0.576306304318729,0.446081521949235,0.442164862443206,0.403006944282385
0.674563219496889,0.548067756514662,0.46038510322445,0.297213757843993,0.499725487044531,0.536206790523878,0.448439192755828,0.402297471259598
0.593143318499546,0.568077688854016,0.576306304318729,0.499725487044531,0.487224742002347,0.46393858720809,0.438081667136152,0.406610906764943
0.45730026626627,0.486816726422207,0.446081521949235,0.536206790523878,0.46393858720809,0.497594705439817,0.428595295143564,0.390873781837635
0.426417907171602,0.406860965635079,0.442164862443206,0.448439192755828,0.438081667136152,0.428595295143564,0.493078095065829,0.49210793258089
0.403138039339246,0.404234352806607,0.403006944282385,0.402297471259598,0.406610906764943,0.390873781837635,0.492107932580891,0.775914908536056
