"[0,1)","[1,5)","[5,15)","[15,25)","[25,45)","[45,65)","[65,75)","[75,+)"
0.160129171612662,0.549811758509895,0.723386508600374,0.701099239264243,0.625730939142641,0.503868709149498,0.409525394112716,0.504480559531218
0.549811758509895,0.357454489670739,0.637249688352269,0.621725514346484,0.613799201931667,0.544351609523051,0.470581958842131,0.500008857741782
0.723386508600374,0.637249688352269,0.317333043085236,0.588840181194619,0.623721461938786,0.51346002783998,0.501446064113194,0.486460310290979
0.701099239264243,0.621725514346484,0.588840181194619,0.621159668848006,0.578355239300819,0.600073982292915,0.507004371285401,0.496374072164287
0.625730939142641,0.613799201931667,0.623721461938786,0.578355239300819,0.54334801889151,0.514380562822869,0.479232468572536,0.430742311131922
0.503868709149498,0.544351609523051,0.51346002783998,0.600073982292915,0.514380562822869,0.538828882734869,0.457038442832188,0.429808491317749
0.409525394112716,0.470581958842131,0.501446064113194,0.507004371285401,0.479232468572535,0.457038442832188,0.518347657160881,0.506779805099738
0.504480559531218,0.500008857741782,0.486460310290979,0.496374072164287,0.430742311131922,0.429808491317749,0.506779805099738,0.802084470411292
