"[0,1)","[1,5)","[5,15)","[15,25)","[25,45)","[45,65)","[65,75)","[75,+)"
0.107567239419168,0.444862859567135,0.652608568635648,0.629244884933186,0.560897179052568,0.381462972265624,0.289484293406694,0.348340803906046
0.444862859567135,0.268569777972605,0.563607796322346,0.518427892802386,0.529950048553019,0.423771829212023,0.333541269133148,0.343601989999571
0.652608568635648,0.563607796322346,0.237563491475783,0.471092949878927,0.552978115441616,0.399236886078976,0.381316318422036,0.333257408058318
0.629244884933186,0.518427892802386,0.471092949878927,0.426734806651858,0.453374572924349,0.486254001945092,0.389231573047805,0.341297470302137
0.560897179052568,0.529950048553019,0.552978115441616,0.453374572924349,0.414966007097456,0.38248165572075,0.349750995257465,0.314712141592684
0.381462972265624,0.423771829212023,0.399236886078976,0.486254001945092,0.38248165572075,0.422916587086281,0.344256742240122,0.313816165560653
0.289484293406694,0.333541269133148,0.381316318422036,0.389231573047805,0.349750995257465,0.344256742240122,0.42773731014896,0.409590330586566
0.348340803906046,0.343601989999571,0.333257408058318,0.341297470302138,0.314712141592684,0.313816165560653,0.409590330586566,0.760349835409672
