"[0,1)","[1,5)","[5,15)","[15,25)","[25,45)","[45,65)","[65,75)","[75,+)"
0.796865000244929,0.870890249435903,0.913378774583559,0.917344415943628,0.897969932836695,0.851423974152358,0.836942973953601,0.832736938591493
0.870890249435903,0.849683754936951,0.917972588584564,0.85685164999931,0.890893946720698,0.863265619761862,0.831181138885119,0.832950581021323
0.913378774583559,0.917972588584564,0.859203705720686,0.823753965359919,0.912581890731647,0.86944365893195,0.869941959316146,0.833950895887104
0.917344415943629,0.85685164999931,0.823753965359919,0.616718624187393,0.865080129976869,0.878481101968025,0.866248405508267,0.83277907155913
0.897969932836694,0.890893946720698,0.912581890731647,0.865080129976869,0.86641276314776,0.841535404723059,0.83750938745297,0.827835187711205
0.851423974152358,0.863265619761862,0.86944365893195,0.878481101968025,0.841535404723059,0.890165908547038,0.861882762027487,0.827905608746513
0.836942973953601,0.831181138885119,0.869941959316146,0.866248405508267,0.83750938745297,0.861882762027487,0.887996844268207,0.882496723412032
0.832736938591493,0.832950581021324,0.833950895887104,0.83277907155913,0.827835187711205,0.827905608746513,0.882496723412032,1
