"[0,1)","[1,5)","[5,15)","[15,25)","[25,45)","[45,65)","[65,75)","[75,+)"
0.186272828142529,0.525028939623861,0.653605699750191,0.688073878957762,0.628316256565802,0.430418075598828,0.340377400504623,0.413763017693391
0.525028939623861,0.344082627906144,0.641657942751444,0.599997200394239,0.622963012268468,0.50147594841043,0.39335413769975,0.410178306880645
0.653605699750191,0.641657942751444,0.32768137157305,0.563573566474762,0.685329475907715,0.510266938896331,0.514034458970323,0.404875532596246
0.688073878957762,0.599997200394239,0.563573566474762,0.524531717294185,0.59363992761199,0.602090552939446,0.500418360593085,0.406943168220895
0.628316256565802,0.622963012268468,0.685329475907715,0.59363992761199,0.545789819407649,0.489854838704242,0.473914652313885,0.414301178645489
0.430418075598828,0.50147594841043,0.510266938896331,0.602090552939446,0.489854838704242,0.601044832041862,0.453538416747993,0.42204301595415
0.340377400504623,0.39335413769975,0.514034458970323,0.500418360593085,0.473914652313884,0.453538416747993,0.516642873236097,0.457541675021232
0.413763017693391,0.410178306880645,0.404875532596246,0.406943168220895,0.414301178645489,0.42204301595415,0.457541675021232,1
