"[0,1)","[1,5)","[5,15)","[15,25)","[25,45)","[45,65)","[65,75)","[75,+)"
0.828147761577972,1.01592325272321,1.01571060129557,1.00486279984062,1.02332173290324,1.08107549511793,1.61267369221207,0.883361503203128
1.01592325272321,0.918705412272929,0.926228236008289,0.971509894130282,0.954745163563178,0.981214753896833,1.00666455093556,0.909455864136852
1.01571060129557,0.926228236008289,0.918675974218263,0.97528564970369,0.957199920854581,0.942029655017224,0.943451493434035,0.911572855065585
1.00486279984062,0.971509894130282,0.97528564970369,1.04076322683701,0.977388794840519,0.965217023332735,0.998001925053705,0.909739799147368
1.02332173290324,0.954745163563178,0.95719992085458,0.977388794840519,1.01424253088908,1.00355212092983,1.00780245764333,1.07656638307452
1.08107549511793,0.981214753896833,0.942029655017224,0.965217023332735,1.00355212092983,0.957834142304243,1.00810443005193,0.980798621938717
1.61267369221207,1.00666455093556,0.943451493434036,0.998001925053705,1.00780245764333,1.00810443005193,0.948016649754768,1.01148366688452
0.883361503203128,0.909455864136852,0.911572855065585,0.909739799147368,1.07656638307452,0.980798621938717,1.01148366688452,0.85574260278743
