"[0,1)","[1,5)","[5,15)","[15,25)","[25,45)","[45,65)","[65,75)","[75,+)"
0.919926413871725,0.984351448977367,0.973244131462083,0.982583898516996,0.999432604373387,1.02032154286453,1.4265905162654,0.848443767774906
0.984351448977367,0.922613721766258,0.908603455846282,0.956447838546901,0.92757563835988,0.94556477245501,0.961676244624318,0.876345412106192
0.973244131462083,0.908603455846282,0.909059571785441,0.966730699708641,0.929934238336067,0.911580839265097,0.900574235624589,0.877220344325978
0.982583898516996,0.9564478385469,0.966730699708641,1.07396215788032,0.953215731701425,0.936092461759963,0.955236486026519,0.871872253663546
0.999432604373388,0.92757563835988,0.929934238336067,0.953215731701425,0.975346434434004,0.957924354295572,0.970611617790565,1.02863190589952
1.02032154286453,0.94556477245501,0.911580839265097,0.936092461759963,0.957924354295572,0.905375269976634,0.926531302530153,0.927655082945252
1.4265905162654,0.961676244624318,0.900574235624588,0.955236486026519,0.970611617790565,0.926531302530153,0.863959586807131,0.899079317245097
0.848443767774906,0.876345412106192,0.877220344325978,0.871872253663546,1.02863190589952,0.927655082945252,0.899079317245097,0.812556675604189
