"[0,1)","[1,5)","[5,15)","[15,25)","[25,45)","[45,65)","[65,75)","[75,+)"
0.0753955856927382,0.888218742859968,0.998616598512956,0.927011211108194,0.775616886208799,0.938748278491699,1.25823157882086,0.818774627696902
0.888218742859968,0.297847928502235,0.734905405213498,0.838368397989061,0.77593225422107,0.830164177185735,0.902798829316357,0.851531846074304
0.998616598512956,0.734905405213498,0.274963800582104,0.773400357007812,0.751757715475227,0.702055505064001,0.826703414760089,0.830005781910362
0.927011211108194,0.838368397989061,0.773400357007812,0.925947813781361,0.830622688271404,0.836278392499064,0.856307059269995,0.852028109084879
0.775616886208799,0.77593225422107,0.751757715475228,0.830622688271404,0.729324868519281,0.761057843096703,0.789241666969018,0.830172634892517
0.938748278491698,0.830164177185735,0.702055505064001,0.836278392499064,0.761057843096703,0.767526892737424,0.791381069009489,0.795125538039905
1.25823157882086,0.902798829316357,0.826703414760089,0.856307059269995,0.789241666969018,0.791381069009489,0.874148757206718,0.864440650590297
0.818774627696902,0.851531846074304,0.830005781910362,0.852028109084879,0.830172634892517,0.795125538039905,0.864440650590297,0.810260344478695
