"[0,1)","[1,5)","[5,15)","[15,25)","[25,45)","[45,65)","[65,75)","[75,+)"
0.0716109776266032,0.539522241447385,0.54293438195855,0.56496275680738,0.500964661282378,0.484872063981062,0.377753522529444,0.505347141505819
0.539522241447385,0.235920922490991,0.52837755935048,0.504370727689607,0.508923198724099,0.525681217555674,0.552221941374621,0.558471634409159
0.54293438195855,0.52837755935048,0.214712448665908,0.429469950706461,0.548711687871238,0.468303962935194,0.51916608377961,0.505222882351012
0.56496275680738,0.504370727689607,0.429469950706461,0.27427118044591,0.513792757032606,0.494390622217097,0.516076875776174,0.516358142144551
0.500964661282378,0.508923198724099,0.548711687871238,0.513792757032606,0.474760910618201,0.445954052819339,0.50271424006911,0.50594327365842
0.484872063981062,0.525681217555674,0.468303962935194,0.494390622217096,0.445954052819339,0.438605799635873,0.36674218244851,0.42988468962723
0.377753522529444,0.552221941374621,0.51916608377961,0.516076875776174,0.50271424006911,0.36674218244851,0.351473462585745,0.301847183865519
0.505347141505819,0.558471634409159,0.505222882351012,0.516358142144551,0.50594327365842,0.42988468962723,0.301847183865519,0.388217991060035
