"[0,1)","[1,5)","[5,15)","[15,25)","[25,45)","[45,65)","[65,75)","[75,+)"
0.993317792376004,0.922242944364532,0.916306495300488,0.857137111192556,0.901079640749419,0.917051548850603,1.02067111502044,0.852444218428941
0.922242944364532,0.932305609966824,0.879957755634695,0.852421875003091,0.890966007753312,0.895172387944563,0.915195085771457,0.871727777571577
0.916306495300488,0.879957755634695,0.939214247484167,0.875486215774726,0.895934399072235,0.923757139799071,0.880224456038943,0.857502618284237
0.857137111192556,0.852421875003091,0.875486215774726,0.869964001109285,0.857567729542875,0.889517297263024,0.851390523506722,0.864117790090658
0.901079640749419,0.890966007753312,0.895934399072235,0.857567729542875,0.878432787316936,0.930616586026296,0.913510986742703,0.912363614832759
0.917051548850603,0.895172387944563,0.923757139799071,0.889517297263024,0.930616586026296,0.939101600844742,0.906295280967479,0.867046015231266
1.02067111502044,0.915195085771457,0.880224456038943,0.851390523506722,0.913510986742703,0.906295280967479,0.893003386564197,0.899191681979562
0.852444218428941,0.871727777571577,0.857502618284236,0.864117790090658,0.912363614832759,0.867046015231266,0.899191681979562,0.837132207741188
