"[0,1)","[1,5)","[5,15)","[15,25)","[25,45)","[45,65)","[65,75)","[75,+)"
0.0806305788870827,0.920160609558054,0.950837383763075,0.900540160535998,0.79959790266571,0.928903758660576,1.10286408659193,0.852444218428941
0.920160609558054,0.327175750700436,0.724853362508302,0.876628180202435,0.781703154942429,0.848959443460397,0.89088555320211,0.873367314418426
0.950837383763075,0.724853362508302,0.31069984098372,0.81992806873637,0.815988234819195,0.771138183127419,0.862170546937348,0.839321332515966
0.900540160535998,0.876628180202435,0.81992806873637,1.04527862846517,0.932060796159015,0.913266821815825,0.905866172121808,0.898264609740348
0.79959790266571,0.781703154942429,0.815988234819195,0.932060796159015,0.854222651506169,0.861214771187648,0.85113271621583,0.870524034956616
0.928903758660576,0.848959443460398,0.771138183127419,0.913266821815825,0.861214771187648,0.850908868593506,0.873141070925241,0.861320594999955
1.10286408659193,0.89088555320211,0.862170546937348,0.905866172121808,0.85113271621583,0.873141070925241,0.936313662895107,0.978249443508366
0.852444218428941,0.873367314418426,0.839321332515966,0.898264609740348,0.870524034956616,0.861320594999955,0.978249443508366,0.817504395395481
