"[0,1)","[1,5)","[5,15)","[15,25)","[25,45)","[45,65)","[65,75)","[75,+)"
0.0780523813391056,0.445191535534248,0.532801610393111,0.522961905791116,0.438635450457333,0.442480188567849,0.260358286042603,0.506114529474772
0.445191535534248,0.197506811957584,0.496505218543236,0.444271979732707,0.447586827968993,0.472266618134334,0.456019170111912,0.555438271400916
0.532801610393111,0.496505218543236,0.179650108117533,0.36910674457775,0.447599571051321,0.386219214710892,0.423740577806166,0.490550293108497
0.522961905791116,0.444271979732707,0.36910674457775,0.236316250599246,0.393007159207642,0.410275457934978,0.395540768497392,0.518421647897878
0.438635450457333,0.447586827968993,0.447599571051321,0.393007159207641,0.367662824018008,0.346184207850129,0.369270143532338,0.329963188284656
0.442480188567849,0.472266618134334,0.386219214710892,0.410275457934978,0.346184207850129,0.340552058700375,0.307126784710377,0.300057403228781
0.260358286042603,0.456019170111913,0.423740577806166,0.395540768497392,0.369270143532338,0.307126784710377,0.304490056450329,0.300078753541909
0.506114529474772,0.555438271400916,0.490550293108497,0.518421647897878,0.329963188284656,0.300057403228781,0.300078753541909,0.344053746775732
