"[0,1)","[1,5)","[5,15)","[15,25)","[25,45)","[45,65)","[65,75)","[75,+)"
0.911867028249397,1.3541942019657,1.25678404743669,1.14042731080645,1.16473240022092,1.33654063834953,1.27215751695068,1.24766111820705
1.3541942019657,0.941254842903706,1.17130592357422,1.07614831808835,1.11918566381579,1.24815501128206,1.2533186143663,1.24856307933072
1.25678404743669,1.17130592357422,0.993542018960879,1.03478831636232,1.12856316795927,1.19225152873457,1.18317821370138,1.23599569610316
1.14042731080645,1.07614831808835,1.03478831636232,0.727011397645888,1.07160702061451,1.05129814895057,1.04894068838448,0.969294989781513
1.16473240022092,1.11918566381579,1.12856316795927,1.07160702061451,1.15457731190111,1.15479089350493,1.24312813688236,1.27267028992666
1.33654063834953,1.24815501128206,1.19225152873457,1.05129814895057,1.15479089350493,1.08612379155358,1.09704945443367,1.1030917879153
1.27215751695068,1.2533186143663,1.18317821370138,1.04894068838448,1.24312813688236,1.09704945443367,0.966549277373928,0.988935234515591
1.24766111820705,1.24856307933072,1.23599569610316,0.969294989781513,1.27267028992666,1.1030917879153,0.988935234515591,1
