"[0,1)","[1,5)","[5,15)","[15,25)","[25,45)","[45,65)","[65,75)","[75,+)"
0.119977527450918,0.477330137878179,0.652331465196511,0.703292191843291,0.618104333133374,0.351361910490905,0.404497638728597,0.264195010951725
0.477330137878179,0.327601809940435,0.603467351884083,0.60049865641558,0.594343370296123,0.410740518752841,0.285648816912173,0.269713695291963
0.652331465196511,0.603467351884083,0.303719632291096,0.548489784624103,0.664272638995805,0.431255487938833,0.419379076034518,0.267995680955549
0.703292191843291,0.60049865641558,0.548489784624103,0.501786458198427,0.595707858593306,0.586172340208592,0.499827993213879,0.387594245879545
0.618104333133374,0.594343370296124,0.664272638995805,0.595707858593305,0.5051582001441,0.419496744476563,0.398562493002435,0.308126293017219
0.351361910490905,0.410740518752841,0.431255487938833,0.586172340208592,0.419496744476563,0.531010648971715,0.376944502202009,0.299080850010114
0.404497638728597,0.285648816912173,0.419379076034518,0.499827993213879,0.398562493002435,0.376944502202009,0.457384416727795,0.41012614789536
0.264195010951725,0.269713695291963,0.267995680955549,0.387594245879545,0.308126293017219,0.299080850010114,0.41012614789536,1
