"[0,1)","[1,5)","[5,15)","[15,25)","[25,45)","[45,65)","[65,75)","[75,+)"
0.897087349859854,1.30623714065831,1.24174484768432,1.20067891761883,1.15357304253426,1.35590532618604,1.54431900244171,1.39312939333578
1.30623714065831,0.981776425900703,1.17614800285433,1.14379449763684,1.12482068547877,1.21377432324368,1.39379056265646,1.39730361039832
1.24174484768432,1.17614800285433,0.974334550248235,1.10575194280684,1.08863483686992,1.10398433510125,1.27296779277525,1.38531517618238
1.20067891761883,1.14379449763684,1.10575194280684,1.05258333078995,1.05016779761884,1.0594620764233,1.17139843587773,1.15015855100881
1.15357304253426,1.12482068547877,1.08863483686992,1.05016779761884,1.01750504398635,1.0591853934936,1.24801817034731,1.40063796078859
1.35590532618604,1.21377432324368,1.10398433510125,1.0594620764233,1.0591853934936,1.04690014787073,1.15598798508495,1.13769381963726
1.54431900244171,1.39379056265646,1.27296779277525,1.17139843587773,1.24801817034731,1.15598798508495,1.13932707236821,1.21527530539828
1.39312939333578,1.39730361039832,1.38531517618238,1.15015855100881,1.40063796078859,1.13769381963726,1.21527530539828,1.02959642864533
