"[0,1)","[1,5)","[5,15)","[15,25)","[25,45)","[45,65)","[65,75)","[75,+)"
0.297175689988854,1.35364312135944,1.3313580794431,1.27270099982938,1.09968233568479,1.4638400445934,1.5431194319773,1.49021544931239
1.35364312135944,0.505745765905817,1.14941635903518,1.14360322620499,1.07860932236132,1.2811137423622,1.43476632621417,1.49195188504632
1.3313580794431,1.14941635903518,0.515294310101798,1.03294012079191,1.01653385705829,1.04508368799457,1.27653920236888,1.45929929655376
1.27270099982938,1.14360322620499,1.03294012079191,0.978555176743963,0.994782099733197,1.03273534073374,1.17289253445142,1.18320549019876
1.09968233568479,1.07860932236132,1.01653385705829,0.994782099733197,0.930113598212365,0.992538501843527,1.21603225167669,1.38720282034185
1.4638400445934,1.2811137423622,1.04508368799457,1.03273534073374,0.992538501843527,0.997222222715855,1.11089357112052,1.10355520476625
1.5431194319773,1.43476632621417,1.27653920236888,1.17289253445142,1.21603225167669,1.11089357112052,1.07223952895221,1.14969194277703
1.49021544931239,1.49195188504632,1.45929929655376,1.18320549019876,1.38720282034185,1.10355520476625,1.14969194277703,0.995713449885017
