"[0,1)","[1,5)","[5,15)","[15,25)","[25,45)","[45,65)","[65,75)","[75,+)"
0.756784034310783,0.895240511979187,0.996414789118421,1.0289352252314,1.01931807634606,0.885526974127211,1.53246193270324,0.834127926702289
0.895240511979187,0.875342251108886,0.924934815705045,0.922222427554715,0.957133836102252,0.808973769183035,0.947677085785961,0.858217922813121
0.996414789118421,0.924934815705045,0.891716058187376,0.885725689954716,0.974060613197262,0.82789551330954,0.917754548492693,0.861617220501485
1.0289352252314,0.922222427554715,0.885725689954716,0.673481118758703,0.970400408667472,0.904907572435235,1.06801840420504,0.960092842141977
1.01931807634606,0.957133836102252,0.974060613197262,0.970400408667472,1.02511366554307,0.927662663856361,1.06228825659653,1.09246398482121
0.885526974127211,0.808973769183035,0.827895513309541,0.904907572435235,0.927662663856362,0.862263019974053,0.957897924880293,0.85479475394013
1.53246193270324,0.947677085785961,0.917754548492693,1.06801840420504,1.06228825659653,0.957897924880293,1.04738872784709,1.12266896566346
0.834127926702289,0.858217922813121,0.861617220501485,0.960092842141977,1.09246398482121,0.85479475394013,1.12266896566346,1
