"[0,1)","[1,5)","[5,15)","[15,25)","[25,45)","[45,65)","[65,75)","[75,+)"
0.412509158120367,0.659560724815693,0.756520118662177,0.815014010951032,0.757629071926385,0.632234020331354,0.736105297920529,0.67645370460167
0.659560724815693,0.507269884801917,0.744709151966363,0.786317165830052,0.754053580609119,0.657792646127598,0.687178851087474,0.6791434907229
0.756520118662177,0.744709151966363,0.510458921915875,0.774687515089528,0.801263915883472,0.667368685054351,0.738524745476006,0.672263210845102
0.815014010951032,0.786317165830052,0.774687515089528,0.928950119849517,0.81306695711453,0.796392208817325,0.84651983575691,0.828202578852167
0.757629071926385,0.754053580609119,0.801263915883472,0.81306695711453,0.72687982792881,0.675893810923872,0.817468008659484,0.777781527087044
0.632234020331354,0.657792646127598,0.667368685054351,0.796392208817325,0.675893810923872,0.755226182875216,0.785917727633686,0.726485050425293
0.736105297920529,0.687178851087474,0.738524745476006,0.84651983575691,0.817468008659484,0.785917727633686,0.855110674973587,0.878731854882497
0.67645370460167,0.6791434907229,0.672263210845102,0.828202578852167,0.777781527087044,0.726485050425293,0.878731854882497,1
