"[0,1)","[1,5)","[5,15)","[15,25)","[25,45)","[45,65)","[65,75)","[75,+)"
0.330765033023687,1.46638620264052,1.41103054293234,1.22861225367677,1.1378175835695,1.49463352649957,1.48269469751604,1.48191292693145
1.46638620264052,0.587116069532984,1.26113186532504,1.12216255719549,1.15811107768299,1.34665998489905,1.42280910968278,1.48194174954037
1.41103054293234,1.26113186532504,0.596087111205973,0.968715137228779,1.08048566265992,1.09114800758226,1.30007316925073,1.46236237842162
1.22861225367677,1.12216255719549,0.968715137228779,0.658192248486475,0.995063969792712,0.973899951689793,1.11882299030679,1.03340021012641
1.1378175835695,1.15811107768299,1.08048566265992,0.995063969792712,1.03411132922558,1.05275040084889,1.39581765056309,1.42934189267843
1.49463352649957,1.34665998489905,1.09114800758226,0.973899951689793,1.05275040084889,1.0255846370125,1.22206009450316,1.19498121405574
1.48269469751604,1.42280910968278,1.30007316925073,1.11882299030679,1.39581765056309,1.22206009450316,1.04508572886683,1.10119336612613
1.48191292693145,1.48194174954037,1.46236237842162,1.03340021012641,1.42934189267843,1.19498121405574,1.10119336612613,0.977121529706515
