"[0,1)","[1,5)","[5,15)","[15,25)","[25,45)","[45,65)","[65,75)","[75,+)"
0.782401975658302,0.928107366372133,0.984435236758555,1.04273423089594,1.0263614814657,0.993285995226124,1.40080066628234,0.895192941079406
0.928107366372133,0.835411486943733,0.938979560790358,0.961025656325422,0.981983726465887,0.927000672147379,1.02068764156426,0.912585113496075
0.984435236758555,0.938979560790358,0.850722112721583,0.889984723272115,0.959078405044013,0.901524952822745,0.98490022824818,0.93198004959323
1.04273423089594,0.961025656325422,0.889984723272115,0.735795598034316,0.983424294562599,0.994261920687708,1.11524523060414,1.00476424059426
1.0263614814657,0.981983726465887,0.959078405044013,0.9834242945626,0.932347386283554,0.980388072390547,1.23316381190388,1.4073796737163
0.993285995226124,0.927000672147379,0.901524952822745,0.994261920687708,0.980388072390547,0.965967852783455,1.08427984623898,1.03896112909577
1.40080066628234,1.02068764156426,0.98490022824818,1.11524523060414,1.23316381190388,1.08427984623898,1.05318909144195,1.1584417634652
0.895192941079406,0.912585113496075,0.93198004959323,1.00476424059426,1.4073796737163,1.03896112909577,1.1584417634652,0.969937660431796
