"[0,1)","[1,5)","[5,15)","[15,25)","[25,45)","[45,65)","[65,75)","[75,+)"
0.0639548745681158,0.422012099337796,0.617937477546153,0.663319747650586,0.609271246243318,0.326760878504144,0.361106083483316,0.21645203430797
0.422012099337796,0.213827954201067,0.58007521117764,0.502777203561622,0.562926017769025,0.383921413783215,0.235760448992879,0.222141878101954
0.617937477546153,0.58007521117764,0.214840613293557,0.439670103463877,0.647822043752035,0.402766954269001,0.394600617286012,0.228145551610409
0.663319747650586,0.502777203561622,0.439670103463877,0.241665962786998,0.526321774490113,0.523368393543513,0.419867554180877,0.241065248552999
0.609271246243318,0.562926017769025,0.647822043752036,0.526321774490113,0.494492525526962,0.396004759961188,0.380679657871637,0.311528058999786
0.326760878504144,0.383921413783215,0.402766954269001,0.523368393543513,0.396004759961188,0.52333219729764,0.372672574757943,0.270149482560711
0.361106083483316,0.235760448992879,0.394600617286012,0.419867554180877,0.380679657871637,0.372672574757943,0.44950340417218,0.409385771750806
0.21645203430797,0.222141878101954,0.228145551610409,0.241065248552999,0.311528058999786,0.270149482560711,0.409385771750806,1
