"[0,1)","[1,5)","[5,15)","[15,25)","[25,45)","[45,65)","[65,75)","[75,+)"
0.731730782710983,0.940577988683031,0.966804783617626,0.964795173180286,0.935580923337228,0.940971187236538,0.941566045296186,0.93179156286939
0.940577988683031,0.896995641421882,0.956669967707604,0.9027616992077,0.92822186436882,0.936915492479657,0.930429694650857,0.932128747141706
0.966804783617626,0.956669967707604,0.912393913139629,0.865428206611888,0.947505537910258,0.932302106907198,0.942930024975178,0.92912547725779
0.964795173180286,0.9027616992077,0.865428206611888,0.630275809205728,0.909175034728456,0.931284730930796,0.943559001770537,0.929040086603033
0.935580923337228,0.92822186436882,0.947505537910258,0.909175034728456,0.909299915541163,0.900103964116637,0.911590289700924,0.920849409821423
0.940971187236538,0.936915492479657,0.932302106907199,0.931284730930796,0.900103964116637,0.940775121257787,0.931244028885655,0.917116166473728
0.941566045296186,0.930429694650856,0.942930024975178,0.943559001770537,0.911590289700924,0.931244028885655,0.950037876421193,0.952826532552525
0.93179156286939,0.932128747141706,0.92912547725779,0.929040086603032,0.920849409821423,0.917116166473728,0.952826532552525,1
