"[0,1)","[1,5)","[5,15)","[15,25)","[25,45)","[45,65)","[65,75)","[75,+)"
0.39708904269217,0.566733895425342,0.765609884076892,0.717179280672222,0.649100675110223,0.442376925571288,0.690326839872974,0.34496881539128
0.566733895425342,0.458022415241257,0.619776889760862,0.591558937129544,0.594250245673533,0.443676713854843,0.437275578617909,0.354503857958042
0.765609884076892,0.619776889760862,0.409498773830628,0.530299769645582,0.603100613998735,0.439638034726354,0.454528981394656,0.358387429265351
0.717179280672222,0.591558937129544,0.530299769645582,0.402761591392425,0.520714686221139,0.542332558878802,0.508558664909087,0.517609587198311
0.649100675110223,0.594250245673533,0.603100613998735,0.520714686221139,0.44927824950864,0.412199274902127,0.436069418989622,0.408204651215525
0.442376925571288,0.443676713854843,0.439638034726354,0.542332558878802,0.412199274902127,0.434157047175939,0.392698907939029,0.351996426214269
0.690326839872974,0.437275578617909,0.454528981394656,0.508558664909087,0.436069418989622,0.392698907939029,0.543931637951228,0.543008350514894
0.34496881539128,0.354503857958042,0.35838742926535,0.517609587198311,0.408204651215525,0.351996426214269,0.543008350514894,0.804022619785338
