"[0,1)","[1,5)","[5,15)","[15,25)","[25,45)","[45,65)","[65,75)","[75,+)"
0.864365721083847,1.07760817167221,1.09982768635617,1.11342297520426,1.07411178135733,1.19297283822046,1.64033099672694,1.0242870976271
1.07760817167221,0.922922113490466,1.02755967389807,1.01849536823213,1.03144143195527,1.06869416845469,1.16892082944,1.04129554794392
1.09982768635617,1.02755967389807,0.937183621079803,0.948384595637639,1.00421540464753,0.999165406728467,1.08609214482935,1.05421826880781
1.11342297520426,1.01849536823213,0.948384595637639,0.738755402039779,0.971569526391244,1.0242604397726,1.17699021441637,1.12010262384398
1.07411178135733,1.03144143195527,1.00421540464753,0.971569526391244,0.939355947753883,1.01044584339766,1.2523089455803,1.43745714578658
1.19297283822046,1.06869416845469,0.999165406728467,1.0242604397726,1.01044584339766,1.03366006166826,1.17876412737067,1.15148999380414
1.64033099672694,1.16892082944,1.08609214482935,1.17699021441637,1.2523089455803,1.17876412737067,1.11883477865148,1.23584546280915
1.0242870976271,1.04129554794392,1.05421826880781,1.12010262384398,1.43745714578658,1.15148999380414,1.23584546280915,0.993224562164022
