"[0,1)","[1,5)","[5,15)","[15,25)","[25,45)","[45,65)","[65,75)","[75,+)"
0.764616829201905,0.76236787817145,0.842599075504676,0.812884164247543,0.836573983956732,0.718747065734096,0.730753226546194,0.691711698273085
0.76236787817145,0.893292053167571,0.822394613058762,0.76934405564054,0.802596256644821,0.732022317984719,0.711329482319069,0.693075082890202
0.842599075504676,0.822394613058762,0.902124776292521,0.797141216960986,0.821721863326348,0.778112496214321,0.737184822244625,0.687478033262779
0.812884164247542,0.76934405564054,0.797141216960986,0.768432149699448,0.705218607612855,0.755631051872997,0.701792773755518,0.708475246039708
0.836573983956732,0.802596256644821,0.821721863326348,0.705218607612855,0.663167203280717,0.697207223264576,0.718890852387155,0.705302658514321
0.718747065734096,0.732022317984718,0.778112496214321,0.755631051872997,0.697207223264576,0.744820374913964,0.698256870586732,0.67081619255804
0.730753226546194,0.711329482319069,0.737184822244625,0.701792773755518,0.718890852387155,0.698256870586732,0.747455229214053,0.74408589595313
0.691711698273085,0.693075082890202,0.687478033262779,0.708475246039708,0.705302658514321,0.67081619255804,0.74408589595313,0.899402704997217
