"[0,1)","[1,5)","[5,15)","[15,25)","[25,45)","[45,65)","[65,75)","[75,+)"
0.541772349235092,0.859824021324706,0.957903099800402,0.983458299342088,0.940542563867398,0.841427094827586,1.31518670736025,0.804605672941036
0.859824021324706,0.805817212545322,0.880734713872609,0.893364867756935,0.902073563147011,0.791516736809747,0.932840847217708,0.835368906443837
0.957903099800402,0.880734713872609,0.783001955500024,0.865207024405433,0.894861674955648,0.775040264436824,0.898484570860551,0.850156681850591
0.983458299342088,0.893364867756935,0.865207024405433,0.816195191357319,0.842712456507726,0.831918154067318,0.95722843387989,0.86588274242608
0.940542563867398,0.902073563147011,0.894861674955648,0.842712456507726,0.831100080874428,0.803088726661901,0.991710081791513,1.09011531711691
0.841427094827586,0.791516736809747,0.775040264436824,0.831918154067318,0.803088726661901,0.775657193564727,0.889949993847895,0.856221072713361
1.31518670736025,0.932840847217708,0.898484570860552,0.95722843387989,0.991710081791513,0.889949993847895,0.983649498348649,1.05534860534277
0.804605672941036,0.835368906443837,0.850156681850591,0.86588274242608,1.09011531711691,0.856221072713361,1.05534860534277,0.961767119016075
