"[0,1)","[1,5)","[5,15)","[15,25)","[25,45)","[45,65)","[65,75)","[75,+)"
0.229458208993528,0.538991288933163,0.615533753680004,0.60433206926104,0.527300280970906,0.541440775657534,0.388861316921684,0.588987714072971
0.538991288933163,0.30343369473075,0.574873479264343,0.533677687385462,0.535323023500805,0.550681413188731,0.533117606524809,0.626169958904509
0.615533753680004,0.574873479264343,0.269736004813052,0.450973974425978,0.533049413611443,0.465909437296388,0.510415060355514,0.558486232308296
0.60433206926104,0.533677687385462,0.450973974425978,0.30727161270898,0.490465436158376,0.502020781900741,0.491283174217622,0.587646750565738
0.527300280970906,0.535323023500805,0.533049413611444,0.490465436158376,0.473711830161546,0.459036792813147,0.474656653800432,0.449273437263152
0.541440775657534,0.550681413188731,0.465909437296389,0.50202078190074,0.459036792813147,0.45028760327184,0.417890864690785,0.412587127208584
0.388861316921684,0.533117606524809,0.510415060355514,0.491283174217622,0.474656653800432,0.417890864690785,0.405896386323462,0.40898611437153
0.588987714072971,0.626169958904509,0.558486232308296,0.587646750565738,0.449273437263152,0.412587127208584,0.40898611437153,0.445539559309535
