"[0,1)","[1,5)","[5,15)","[15,25)","[25,45)","[45,65)","[65,75)","[75,+)"
0.0496610762010911,0.414649797441805,0.583159810783833,0.632954102671923,0.55519514806503,0.315912792567388,0.269844358576263,0.24711467123596
0.414649797441805,0.206995823261909,0.56771745271585,0.483314589650029,0.532619405421364,0.383766021792847,0.245966940511438,0.248242502135937
0.583159810783833,0.56771745271585,0.208764635841564,0.419067075276263,0.613725258229205,0.399983074295999,0.396615004193269,0.248215096402497
0.632954102671924,0.483314589650029,0.419067075276263,0.225992118339621,0.477970395160702,0.500991800685571,0.394975070926898,0.245665176811662
0.55519514806503,0.532619405421364,0.613725258229205,0.477970395160702,0.435726967997078,0.355733439298359,0.330760688369594,0.258191399203422
0.315912792567388,0.383766021792847,0.399983074295999,0.500991800685571,0.355733439298359,0.512457407382414,0.353360182252075,0.268803178384126
0.269844358576263,0.245966940511438,0.396615004193269,0.394975070926898,0.330760688369594,0.353360182252075,0.436807702540176,0.385173408260721
0.24711467123596,0.248242502135937,0.248215096402497,0.245665176811662,0.258191399203422,0.268803178384126,0.385173408260721,1
