"[0,1)","[1,5)","[5,15)","[15,25)","[25,45)","[45,65)","[65,75)","[75,+)"
0.065824987315103,0.412673547292711,0.581648723651584,0.625742164742816,0.555881982585018,0.313490770873336,0.267688187680554,0.243868910521842
0.412673547292711,0.209317169212392,0.567760575408676,0.4796038071717,0.533128520789456,0.382483709416267,0.243091308438151,0.245078792943383
0.581648723651584,0.567760575408676,0.210061491360713,0.420134977224312,0.613946794521627,0.399138114461645,0.3954234757733,0.246137179529457
0.625742164742816,0.4796038071717,0.420134977224312,0.225527650294831,0.479157614148734,0.501541982183195,0.38906814728146,0.242600921143428
0.555881982585018,0.533128520789456,0.613946794521627,0.479157614148734,0.436392819143875,0.356661671140854,0.329773955036519,0.256388481929792
0.313490770873336,0.382483709416267,0.399138114461644,0.501541982183195,0.356661671140854,0.512582744707268,0.353608794693739,0.2681174709942
0.267688187680554,0.243091308438151,0.3954234757733,0.38906814728146,0.329773955036519,0.353608794693739,0.436462447906818,0.383624967536844
0.243868910521842,0.245078792943383,0.246137179529457,0.242600921143428,0.256388481929792,0.2681174709942,0.383624967536844,1
