"[0,1)","[1,5)","[5,15)","[15,25)","[25,45)","[45,65)","[65,75)","[75,+)"
0.0945860682648161,0.474983571701666,0.631205079306799,0.670572359492757,0.596971008883075,0.393077290029372,0.354563334302934,0.330094105749592
0.474983571701666,0.247617308967074,0.609866840333162,0.534589504589449,0.579513595704759,0.450902806926876,0.327595844738333,0.331389974804606
0.631205079306799,0.609866840333162,0.250005570641479,0.468727437228067,0.653106688882609,0.458796124760866,0.464614094777,0.332782251778946
0.670572359492756,0.534589504589449,0.468727437228067,0.272087790512916,0.537434117056404,0.557853613219187,0.456948385838621,0.327951891816897
0.596971008883076,0.579513595704759,0.653106688882609,0.537434117056404,0.501405490919303,0.435156533991375,0.408188432437393,0.344509422300797
0.393077290029371,0.450902806926876,0.458796124760866,0.557853613219187,0.435156533991375,0.568591695108173,0.42462955066574,0.355325904818034
0.354563334302934,0.327595844738333,0.464614094777,0.456948385838621,0.408188432437393,0.42462955066574,0.492232174892011,0.440438950635474
0.330094105749592,0.331389974804606,0.332782251778946,0.327951891816897,0.344509422300797,0.355325904818034,0.440438950635474,1
