"[0,1)","[1,5)","[5,15)","[15,25)","[25,45)","[45,65)","[65,75)","[75,+)"
0.751329335263257,1.57198690681761,1.44022336333268,1.26118368087769,1.25944162123882,1.55243158111611,1.55347316018114,1.54315848437543
1.57198690681761,0.908302816504956,1.35629238844357,1.1898030659358,1.26187773252823,1.42190412096074,1.54765181899845,1.54359464108196
1.44022336333268,1.35629238844357,0.922317623045524,1.08129984156339,1.20050399732525,1.22582713661791,1.47528602958854,1.52063306050887
1.26118368087769,1.1898030659358,1.08129984156339,0.764320317815672,1.07339054621922,1.03617644558786,1.23149975500069,1.08808459853606
1.25944162123882,1.26187773252823,1.20050399732525,1.07339054621922,1.12316586687122,1.1284180509894,1.52930452377412,1.50288185874345
1.55243158111611,1.42190412096074,1.22582713661791,1.03617644558786,1.1284180509894,1.08457185791257,1.30698572182981,1.25296846268623
1.55347316018114,1.54765181899845,1.47528602958854,1.23149975500069,1.52930452377412,1.30698572182981,1.07455228067011,1.13691901474122
1.54315848437543,1.54359464108196,1.52063306050887,1.08808459853606,1.50288185874344,1.25296846268623,1.13691901474122,0.986405983333058
