"[0,1)","[1,5)","[5,15)","[15,25)","[25,45)","[45,65)","[65,75)","[75,+)"
0.743164253787644,1.06896631356956,1.13859665010666,1.1512531406307,1.08612228004785,1.08409100763398,1.67892654405736,0.971120416049266
1.06896631356956,0.840781554926795,1.01065825389653,1.05287802698176,1.00625355604047,0.980128281872798,1.08346572012919,0.993666517190862
1.13859665010666,1.01065825389653,0.863788739140141,1.00594539974996,1.02207764445072,0.977173363447346,1.02517810319468,0.997819822918397
1.1512531406307,1.05287802698176,1.00594539974996,0.860668862091303,1.10261654776156,1.08325520132912,1.25574300909191,1.26935596640261
1.08612228004785,1.00625355604047,1.02207764445072,1.10261654776156,1.09071918114171,1.02085050394846,1.13392209079636,1.12462033888586
1.08409100763398,0.980128281872798,0.977173363447346,1.08325520132912,1.02085050394846,0.990524870412998,1.09990244556808,1.01968993957867
1.67892654405736,1.08346572012919,1.02517810319468,1.25574300909191,1.13392209079636,1.09990244556808,1.08869066695752,1.16209986262234
0.971120416049266,0.993666517190862,0.997819822918396,1.26935596640261,1.12462033888586,1.01968993957867,1.16209986262234,1
