"[0,1)","[1,5)","[5,15)","[15,25)","[25,45)","[45,65)","[65,75)","[75,+)"
0.363703837783031,1.59432254569933,1.5039364086677,1.31194504970561,1.2145093446295,1.64067170425097,1.63411179371284,1.62948729452504
1.59432254569933,0.643541080118642,1.36120725522785,1.21482180280275,1.25022558074734,1.4701266557997,1.57688883627053,1.62961497303105
1.5039364086677,1.36120725522785,0.654805969341275,1.05050376871957,1.1591395789817,1.19765190342594,1.41870558005076,1.61604420013356
1.31194504970561,1.21482180280275,1.05050376871957,0.723003839330399,1.08355670887792,1.05567003951218,1.22110894159533,1.12912105242528
1.2145093446295,1.25022558074734,1.1591395789817,1.08355670887792,1.13805591028144,1.16587183522141,1.52973855668364,1.58178760150971
1.64067170425097,1.4701266557997,1.19765190342594,1.05567003951218,1.16587183522141,1.12125063919826,1.34509025565308,1.3159818707804
1.63411179371284,1.57688883627053,1.41870558005077,1.22110894159533,1.52973855668364,1.34509025565308,1.13578063119388,1.19702458050406
1.62948729452504,1.62961497303105,1.61604420013356,1.12912105242528,1.58178760150971,1.3159818707804,1.19702458050406,1.01003543628341
