"[0,1)","[1,5)","[5,15)","[15,25)","[25,45)","[45,65)","[65,75)","[75,+)"
0.986367170423786,0.887474527582945,0.920615136402743,0.906635921095475,0.926651668819327,0.836610225531843,0.944212890956115,0.765495608764268
0.887474527582945,0.900725682245094,0.892374734054869,0.870572874391186,0.884907465038438,0.828762399579449,0.81573573667006,0.771361539067346
0.920615136402743,0.892374734054869,0.902862713612113,0.86613940215111,0.895158809808601,0.853896727164554,0.816200432297609,0.772648833356355
0.906635921095475,0.870572874391186,0.86613940215111,0.811930815208611,0.817998450832704,0.848723403945212,0.835238827146513,0.837710430944784
0.926651668819327,0.884907465038438,0.895158809808601,0.817998450832704,0.814367877751449,0.826367080017788,0.822657344350785,0.857009654359319
0.836610225531843,0.828762399579449,0.853896727164554,0.848723403945212,0.826367080017788,0.846988740479464,0.82514700343209,0.795460500668513
0.944212890956115,0.81573573667006,0.816200432297609,0.835238827146513,0.822657344350785,0.82514700343209,0.856378924073797,0.87923892404547
0.765495608764268,0.771361539067346,0.772648833356355,0.837710430944784,0.857009654359319,0.795460500668513,0.87923892404547,0.91755426027848
