"[0,1)","[1,5)","[5,15)","[15,25)","[25,45)","[45,65)","[65,75)","[75,+)"
0.942935212548905,1.19161956031893,1.10700246958221,1.09631038008082,1.04786111109122,1.21301879267008,1.2152144274526,1.08241776274041
1.19161956031893,1.00403541466473,1.06485134864113,1.04359590855411,1.00630244970977,1.15333973305163,1.09544981738358,1.08730735611196
1.10700246958221,1.06485134864113,1.00667499821843,1.00200092864217,1.0239599188062,1.10329536280489,1.05667738164745,1.07490401151736
1.09631038008082,1.04359590855411,1.00200092864217,0.768114275632538,1.02183732346638,1.08292670551313,1.09349470866366,1.10218247175558
1.04786111109122,1.00630244970977,1.0239599188062,1.02183732346638,0.9856556392028,1.02874107509179,0.940473303522007,0.982606093011417
1.21301879267008,1.15333973305163,1.10329536280489,1.08292670551313,1.02874107509179,1.06202435515445,1.0326654720807,0.986962089595393
1.2152144274526,1.09544981738358,1.05667738164745,1.09349470866366,0.940473303522007,1.0326654720807,0.970663329026516,1.03057117980334
1.08241776274041,1.08730735611196,1.07490401151736,1.10218247175558,0.982606093011417,0.986962089595393,1.03057117980334,1
