"[0,1)","[1,5)","[5,15)","[15,25)","[25,45)","[45,65)","[65,75)","[75,+)"
0.871532467477365,1.03664620567017,1.0373790792746,1.01328417884945,0.989088659002831,1.04333602566018,1.20423952151263,0.981161666683729
1.03664620567017,0.942242308931473,0.986376706775852,0.954320957135853,0.947419102516218,0.985646192562598,1.01106550180561,0.989375427192524
1.0373790792746,0.986376706775852,0.943153572384362,0.920499552068708,0.968228263062875,0.967084302202939,0.988092445827076,0.979780222433379
1.01328417884945,0.954320957135852,0.920499552068708,0.695551285718752,0.953335180141117,0.983739573232829,1.04623292706893,1.07341336834102
0.989088659002831,0.947419102516218,0.968228263062875,0.953335180141117,0.927281422860783,0.926973108212711,0.921799726588374,0.954689814520252
1.04333602566018,0.985646192562598,0.967084302202939,0.983739573232829,0.926973108212711,0.962602599293087,0.979940258054673,0.919727034995981
1.20423952151263,1.01106550180561,0.988092445827076,1.04623292706893,0.921799726588374,0.979940258054673,1.0098274648805,1.05242156513658
0.981161666683729,0.989375427192524,0.979780222433379,1.07341336834102,0.954689814520252,0.919727034995981,1.05242156513658,1
