"[0,1)","[1,5)","[5,15)","[15,25)","[25,45)","[45,65)","[65,75)","[75,+)"
1.02655282696546,0.982982385213174,1.01806438163771,0.97582651486503,1.0034975775485,1.06329017699586,1.35755865977519,1.12431678195806
0.982982385213174,1.02246779163273,0.963540871737291,0.913799175989888,0.966945833922367,0.974786282443628,1.16879337427037,1.13233996426239
1.01806438163771,0.963540871737291,1.01155831034515,0.861776614189956,0.9542367539687,0.946439501953224,1.10387730937518,1.12713569245996
0.97582651486503,0.913799175989887,0.861776614189956,0.606287377253209,0.859168459695335,0.925844994109742,1.08019191966887,1.24915733338003
1.0034975775485,0.966945833922367,0.9542367539687,0.859168459695335,0.85854471049417,0.935774206937404,1.16144045867062,1.25541693015586
1.06329017699586,0.974786282443628,0.946439501953224,0.925844994109742,0.935774206937404,0.992092533015291,1.15133884304627,1.17808510471792
1.35755865977519,1.16879337427038,1.10387730937518,1.08019191966887,1.16144045867062,1.15133884304627,1.27270280246581,1.28623494335847
1.12431678195805,1.13233996426239,1.12713569245996,1.24915733338003,1.25541693015586,1.17808510471792,1.28623494335847,1.13453463227118
