"[0,1)","[1,5)","[5,15)","[15,25)","[25,45)","[45,65)","[65,75)","[75,+)"
0.887170689717566,1.23644740640696,1.17761877765719,1.12897036264824,1.11069592996878,1.28157642540515,1.53404454799081,1.20733197773149
1.23644740640695,1.05336241091321,1.09967584107983,1.09057254133498,1.05069339324082,1.1683684723865,1.25424599892156,1.21860237911432
1.17761877765719,1.09967584107983,1.07688774625959,1.08186785483221,1.06019621177303,1.10880504695439,1.15530890197521,1.20447325394617
1.12897036264824,1.09057254133498,1.08186785483221,0.995370780301003,1.01188943669038,1.04038053577952,1.13056520948426,1.12360824330116
1.11069592996878,1.05069339324082,1.06019621177303,1.01188943669038,1.00648307663447,1.01507408255965,1.04852551909672,1.12209160230111
1.28157642540515,1.1683684723865,1.10880504695439,1.04038053577952,1.01507408255965,1.0165373098746,1.04673405561878,1.07842844433409
1.53404454799081,1.25424599892156,1.15530890197521,1.13056520948426,1.04852551909672,1.04673405561878,1.02362146464952,1.04492863404802
1.20733197773149,1.21860237911432,1.20447325394617,1.12360824330116,1.12209160230111,1.07842844433409,1.04492863404802,1
