"[0,1)","[1,5)","[5,15)","[15,25)","[25,45)","[45,65)","[65,75)","[75,+)"
0.0688392989820185,0.400798282504489,0.625206380279205,0.594638184281729,0.525270464384289,0.327209873098689,0.286246822751496,0.261792976666024
0.400798282504489,0.203660465205058,0.526820573648027,0.45857258360059,0.490631503657199,0.38017698170745,0.272847235158514,0.262705851681521
0.625206380279205,0.526820573648027,0.181109430555713,0.38440003487449,0.507279835322676,0.355639708005602,0.333053566563187,0.26514014275181
0.594638184281729,0.45857258360059,0.38440003487449,0.227279172960175,0.397519945440559,0.44013360365853,0.336223600653619,0.262859791411767
0.525270464384289,0.490631503657199,0.507279835322676,0.397519945440559,0.373449916570103,0.341003959138764,0.312710739528733,0.274709055874145
0.327209873098689,0.38017698170745,0.355639708005602,0.44013360365853,0.341003959138764,0.388824860974469,0.311232503612898,0.266535271432565
0.286246822751496,0.272847235158514,0.333053566563187,0.336223600653619,0.312710739528733,0.311232503612898,0.401966368233512,0.389996272557219
0.261792976666024,0.262705851681521,0.26514014275181,0.262859791411767,0.274709055874145,0.266535271432565,0.389996272557219,0.737122062578106
