"[0,1)","[1,5)","[5,15)","[15,25)","[25,45)","[45,65)","[65,75)","[75,+)"
0.862302572830336,0.990777703732197,1.06349311678383,1.06281688810503,1.07117215380206,1.03061193919619,1.60478698730772,0.98783068827671
0.990777703732196,0.910176738230495,0.974840547433624,0.958312759131835,0.980307693457093,0.901193743365455,1.07837811626774,1.00748290456515
1.06349311678383,0.974840547433624,0.917424234551466,0.918461360089562,0.995708026385651,0.899675651916884,1.02599828387005,1.0091687678113
1.06281688810503,0.958312759131835,0.918461360089562,0.695685929076833,0.976263049378448,0.946903757709303,1.12569600713147,1.05562250201531
1.07117215380206,0.980307693457093,0.995708026385651,0.976263049378448,1.03323627333174,0.959583082177516,1.08303815168027,1.14554202004169
1.03061193919619,0.901193743365455,0.899675651916884,0.946903757709303,0.959583082177516,0.927043365499761,1.04756344114155,0.958032612500486
1.60478698730772,1.07837811626774,1.02599828387005,1.12569600713147,1.08303815168027,1.04756344114155,1.14101423127261,1.20432844650782
0.98783068827671,1.00748290456515,1.0091687678113,1.05562250201531,1.14554202004169,0.958032612500486,1.20432844650782,1
