"[0,1)","[1,5)","[5,15)","[15,25)","[25,45)","[45,65)","[65,75)","[75,+)"
0.788440783391375,1.00763950716313,0.998305572876373,1.04748422912265,0.975657275484603,1.08910655534868,1.06480929328842,0.908152195759511
1.00763950716313,0.990403204198131,1.00917299034811,0.992941100529878,0.977929228523537,1.05389130389965,0.948868513993453,0.913294057835282
0.998305572876373,1.00917299034811,1.00947109608655,0.931030002458586,0.970556391209061,1.03259159890498,0.944083559641815,0.91902464938416
1.04748422912265,0.992941100529878,0.931030002458586,0.722117158144949,0.924725402638443,1.03122250529105,1.00825698584805,0.968332970314511
0.975657275484603,0.977929228523537,0.970556391209061,0.924725402638443,0.88387209159104,1.00919267405435,0.993692991314517,1.07807186038782
1.08910655534868,1.05389130389965,1.03259159890498,1.03122250529105,1.00919267405435,1.08733641969643,1.04061199495751,1.0082533951927
1.06480929328842,0.948868513993453,0.944083559641815,1.00825698584805,0.993692991314518,1.04061199495751,0.919867814774901,0.967369924467101
0.908152195759511,0.913294057835282,0.91902464938416,0.968332970314511,1.07807186038782,1.0082533951927,0.967369924467102,0.920650731714111
