"[0,1)","[1,5)","[5,15)","[15,25)","[25,45)","[45,65)","[65,75)","[75,+)"
0.692965583537852,0.862708531300771,0.912892206656766,0.926251599329095,0.918497273764891,0.915002516231425,0.909942085526716,0.829663596950218
0.862708531300771,0.892042695571701,0.904283566237611,0.854337527153326,0.889270318782182,0.898350922378283,0.843293604752081,0.83496883904284
0.912892206656766,0.904283566237611,0.912285532849805,0.821825523488313,0.919515654161794,0.896718261136449,0.876437985444088,0.844063257897695
0.926251599329095,0.854337527153326,0.821825523488313,0.591522330535811,0.870404613170349,0.90695914050036,0.893045237146773,0.88119132133341
0.918497273764891,0.889270318782182,0.919515654161794,0.870404613170349,0.870731827366698,0.878164539460082,0.832715251931741,0.882200475914076
0.915002516231425,0.898350922378283,0.896718261136449,0.90695914050036,0.878164539460082,0.938177645176236,0.909863795613352,0.883996496185399
0.909942085526716,0.843293604752081,0.876437985444088,0.893045237146773,0.832715251931741,0.909863795613352,0.93362580100746,0.910539721954007
0.829663596950218,0.83496883904284,0.844063257897695,0.88119132133341,0.882200475914076,0.883996496185398,0.910539721954007,1
