"[0,1)","[1,5)","[5,15)","[15,25)","[25,45)","[45,65)","[65,75)","[75,+)"
0.44508114707045,0.756263973487987,0.862319950669001,0.949135979345672,0.941045862862414,0.77418161188156,1.02981533430633,0.643398583877239
0.756263973487987,0.737929009247806,0.861725246970981,0.884975402222502,0.882917194773249,0.758850014947248,0.714661396800402,0.658597957568156
0.862319950669001,0.861725246970981,0.74788559666016,0.887961515982036,0.914155665818806,0.778764286407377,0.769089475507663,0.681424534522892
0.949135979345672,0.884975402222502,0.887961515982036,0.955246292926593,0.905381491801727,0.868821317808088,0.866302257406624,0.740999158087063
0.941045862862414,0.88291719477325,0.914155665818806,0.905381491801727,0.916774146412916,0.837520772550251,0.847534233929199,0.833002050405608
0.77418161188156,0.758850014947248,0.778764286407377,0.868821317808088,0.837520772550251,0.821446816504994,0.787381934886116,0.715800431540283
1.02981533430633,0.714661396800402,0.769089475507663,0.866302257406624,0.847534233929199,0.787381934886116,0.777882871699797,0.770587912730338
0.643398583877239,0.658597957568156,0.681424534522892,0.740999158087063,0.833002050405608,0.715800431540283,0.770587912730338,1
