"[0,1)","[1,5)","[5,15)","[15,25)","[25,45)","[45,65)","[65,75)","[75,+)"
0.651057347802078,0.611895694009507,0.729571180774706,0.747685203975263,0.769168141540526,0.535740356348193,0.540362682642995,0.559821215687104
0.611895694009507,0.900836025938716,0.76409534113741,0.718092833643752,0.75759074066847,0.58837744215333,0.5666515612557,0.559055830866477
0.729571180774706,0.76409534113741,0.87976399675724,0.7414230925772,0.794260268563797,0.639064698912254,0.634257548536782,0.553706295769133
0.747685203975263,0.718092833643752,0.7414230925772,0.732893178858363,0.681414187620571,0.676619862718706,0.63660273955104,0.613857085292159
0.769168141540526,0.75759074066847,0.794260268563797,0.681414187620571,0.637144537098688,0.59035324867676,0.646507296637866,0.638798544426585
0.535740356348193,0.58837744215333,0.639064698912254,0.676619862718706,0.59035324867676,0.669935057446365,0.574200899055806,0.596881508100584
0.540362682642995,0.5666515612557,0.634257548536782,0.63660273955104,0.646507296637866,0.574200899055806,0.678714508755719,0.602695258345959
0.559821215687104,0.559055830866477,0.553706295769133,0.613857085292158,0.638798544426585,0.596881508100584,0.602695258345959,1
