"[0,1)","[1,5)","[5,15)","[15,25)","[25,45)","[45,65)","[65,75)","[75,+)"
0.19094924459306,0.926439216676086,1.06945811274148,1.11026184077077,0.916293836018764,0.992773437865766,1.52800988430343,0.883636179653614
0.926439216676086,0.393967608267315,0.86832884540207,0.952782178511275,0.898461138306475,0.887284282282985,1.02160369145819,0.905801700497938
1.06945811274148,0.86832884540207,0.387670459196852,0.814014231111571,0.854724847863509,0.771346579073726,0.933299360417664,0.921770829706364
1.11026184077077,0.952782178511275,0.814014231111571,0.705237357678446,0.929415181843429,0.952866650850448,1.16465816719302,1.16051262764071
0.916293836018764,0.898461138306475,0.854724847863509,0.929415181843429,0.880632221563521,0.911628941124953,1.14638548469348,1.25972212054342
0.992773437865766,0.887284282282985,0.771346579073726,0.952866650850448,0.911628941124953,0.912152417911018,1.0509098741123,1.02666091903802
1.52800988430342,1.02160369145819,0.933299360417664,1.16465816719302,1.14638548469348,1.0509098741123,1.05557993562742,1.13147791531617
0.883636179653614,0.905801700497938,0.921770829706364,1.16051262764071,1.25972212054342,1.02666091903802,1.13147791531617,0.980849131557763
