"[0,1)","[1,5)","[5,15)","[15,25)","[25,45)","[45,65)","[65,75)","[75,+)"
0.839881091098381,0.854350260875031,0.869220707008076,0.925858945704663,0.896328258970665,0.855814452966862,1.01746961170822,0.96970112221329
0.854350260875031,0.959228927221952,0.919430863525849,0.919488133348325,0.917679745458734,0.865603098309913,0.983829202795581,0.971076311896797
0.869220707008076,0.919430863525849,0.969519306040192,0.882820159709893,0.936035389799698,0.878381026009203,0.971395771226337,0.966938373155252
0.925858945704663,0.919488133348325,0.882820159709893,0.72480151639545,0.974619966059276,0.961352480872347,1.10370466057561,1.18373731626736
0.896328258970665,0.917679745458734,0.936035389799698,0.974619966059276,0.901560262885626,0.88359043936985,1.08861583412599,1.09176004067277
0.855814452966862,0.865603098309912,0.878381026009203,0.961352480872347,0.88359043936985,0.915600881614279,1.03438754145185,1.00241881078456
1.01746961170822,0.983829202795581,0.971395771226337,1.10370466057561,1.08861583412599,1.03438754145185,1.0879836003557,1.13907106020214
0.969701122213289,0.971076311896797,0.966938373155252,1.18373731626736,1.09176004067277,1.00241881078456,1.13907106020214,1
