"[0,1)","[1,5)","[5,15)","[15,25)","[25,45)","[45,65)","[65,75)","[75,+)"
0.807002650709714,0.636022625501755,0.768407776194012,0.705651237550489,0.772833377931738,0.530266439528319,0.642807734224898,0.486753354328175
0.636022625501755,0.787198178677188,0.716839294066086,0.662684663033572,0.717638632113114,0.560727891733058,0.545717710631745,0.492121398656317
0.768407776194012,0.716839294066086,0.786369576381185,0.700963504879671,0.748318503004257,0.645381360538588,0.586003219085426,0.488834322091704
0.705651237550489,0.662684663033572,0.700963504879671,0.690228571250033,0.624709744431237,0.648130654722524,0.551687583020547,0.544585076356276
0.772833377931738,0.717638632113114,0.748318503004257,0.624709744431237,0.613423798740145,0.603830033120825,0.583514613137232,0.509878700874583
0.530266439528319,0.560727891733058,0.645381360538588,0.648130654722523,0.603830033120825,0.620964177940266,0.534216075823087,0.489216776110951
0.642807734224898,0.545717710631745,0.586003219085426,0.551687583020547,0.583514613137232,0.534216075823087,0.609924955117139,0.602832091697858
0.486753354328175,0.492121398656317,0.488834322091704,0.544585076356276,0.509878700874582,0.489216776110951,0.602832091697858,0.850748657635758
