"[0,1)","[1,5)","[5,15)","[15,25)","[25,45)","[45,65)","[65,75)","[75,+)"
0.727662486383809,0.83203829857626,0.971666593085959,1.03046580589725,0.981374898135927,0.851252488938218,1.49993527131983,0.735730119053866
0.83203829857626,0.804794296752679,0.883340133695413,0.949985200447962,0.922052303486659,0.804330433992537,0.86813766247724,0.765525709311991
0.971666593085959,0.883340133695412,0.786360083006062,0.930458439300011,0.943783531735273,0.817760809745676,0.844411103572103,0.76557464338151
1.03046580589725,0.949985200447962,0.930458439300011,0.931293632986784,0.995877393208123,0.949729393867403,1.0843911200496,1.01253555439836
0.981374898135927,0.922052303486658,0.943783531735273,0.995877393208123,0.978215430316789,0.922752706210512,1.06281857355556,1.09089418813115
0.851252488938218,0.804330433992537,0.817760809745676,0.949729393867403,0.922752706210512,0.871467074597665,0.929231416230844,0.901330648389602
1.49993527131983,0.86813766247724,0.844411103572103,1.0843911200496,1.06281857355556,0.929231416230844,0.975900638079541,1.04324247277489
0.735730119053866,0.765525709311991,0.76557464338151,1.01253555439836,1.09089418813115,0.901330648389602,1.04324247277489,1
