"[0,1)","[1,5)","[5,15)","[15,25)","[25,45)","[45,65)","[65,75)","[75,+)"
0.949794141425169,0.890955199433224,0.987492942274816,0.933771506637214,1.00678313403646,1.00209075609641,1.45843469643058,0.812349985527465
0.890955199433224,0.956202829541536,0.879781924852761,0.868254879909365,0.95859841982724,0.886575016209061,0.97972830510299,0.83200306608636
0.987492942274816,0.879781924852761,0.953393842660842,0.826942974474179,0.953503188539826,0.905564878449101,0.927810127638436,0.844664591127122
0.933771506637214,0.868254879909365,0.826942974474179,0.624954287501904,0.905692459040028,0.945978572739565,0.987364489051343,1.06672166008787
1.00678313403646,0.95859841982724,0.953503188539826,0.905692459040028,0.932324157049349,0.998317872665923,1.12521738430689,1.1773257378563
1.00209075609641,0.886575016209061,0.905564878449101,0.945978572739565,0.998317872665923,1.02690134401077,1.07722876981237,1.07414591842756
1.45843469643058,0.97972830510299,0.927810127638437,0.987364489051344,1.12521738430689,1.07722876981237,1.08302247978503,1.1220642179411
0.812349985527465,0.83200306608636,0.844664591127122,1.06672166008787,1.1773257378563,1.07414591842756,1.1220642179411,1.03277770842295
