"[0,1)","[1,5)","[5,15)","[15,25)","[25,45)","[45,65)","[65,75)","[75,+)"
0.225834226790067,0.493026291572084,0.627874730924076,0.665139799944214,0.610663152202016,0.384839382992332,0.298387307103871,0.360826762490116
0.493026291572084,0.350509126187389,0.625848888184785,0.568291064303122,0.60189823491185,0.465435516774829,0.345126939085261,0.358397324494253
0.627874730924076,0.625848888184785,0.327748675764059,0.528207686291466,0.666646400305144,0.480461918442737,0.479808543906929,0.35559510897644
0.665139799944214,0.568291064303122,0.528207686291466,0.445401553264621,0.562084013479258,0.571800606149105,0.467920862158274,0.356808391374263
0.610663152202016,0.60189823491185,0.666646400305144,0.562084013479258,0.515321027934091,0.452351714077128,0.434608103696681,0.363798538220778
0.384839382992331,0.465435516774829,0.480461918442737,0.571800606149105,0.452351714077128,0.574372310990525,0.419153956003431,0.373943021415688
0.298387307103871,0.345126939085261,0.479808543906929,0.467920862158274,0.434608103696681,0.419153956003431,0.489205469622637,0.429821591290525
0.360826762490116,0.358397324494253,0.35559510897644,0.356808391374263,0.363798538220778,0.373943021415688,0.429821591290525,1
