"[0,1)","[1,5)","[5,15)","[15,25)","[25,45)","[45,65)","[65,75)","[75,+)"
0.924464405894209,0.930745520065263,1.0219258690487,1.06693902426014,1.03602437135634,0.951452526651868,1.56816201804971,0.825891021736981
0.930745520065263,0.929332242134809,0.880720882334111,0.98334815495768,0.983733919001494,0.829669624100354,1.01269824794051,0.851424067424884
1.0219258690487,0.880720882334111,0.922376734716273,0.920453204755662,0.966860333373539,0.832812591694823,0.938273510621866,0.863236594809798
1.06693902426014,0.98334815495768,0.920453204755663,0.824111755957533,1.02209214592652,0.999999108640874,1.17991796149383,1.39713474739921
1.03602437135634,0.983733919001493,0.966860333373539,1.02209214592652,0.925993287128124,0.936250869279583,1.17105681272913,1.25675850933484
0.951452526651869,0.829669624100354,0.832812591694823,0.999999108640874,0.936250869279583,0.90751564660124,1.02430954059086,1.01623373756035
1.56816201804971,1.01269824794051,0.938273510621866,1.17991796149383,1.17105681272913,1.02430954059086,1.12740536029263,1.15753968817968
0.825891021736981,0.851424067424885,0.863236594809798,1.39713474739921,1.25675850933484,1.01623373756035,1.15753968817968,1.04896398059091
