"[0,1)","[1,5)","[5,15)","[15,25)","[25,45)","[45,65)","[65,75)","[75,+)"
0.0543360576320101,0.379968078182955,0.611140309622641,0.584438726760078,0.507183725053074,0.305296555865386,0.259264451226564,0.236718081244022
0.379968078182955,0.176269359506791,0.508256190065378,0.438856676244219,0.467530655978221,0.353502466001463,0.248505932561047,0.23777985226566
0.611140309622641,0.508256190065378,0.157252952304804,0.361858946484517,0.486495399949324,0.325230945379228,0.30690357801862,0.237799782580201
0.584438726760078,0.438856676244219,0.361858946484517,0.208157266936318,0.365254355457279,0.411082345191485,0.310953900240906,0.236876865215585
0.507183725053075,0.467530655978221,0.486495399949325,0.365254355457279,0.333649656323207,0.30019244072311,0.280518711305795,0.247917177507722
0.305296555865386,0.353502466001463,0.325230945379228,0.411082345191485,0.30019244072311,0.354276203251583,0.281311173062932,0.239822142087315
0.259264451226564,0.248505932561047,0.30690357801862,0.310953900240905,0.280518711305795,0.281311173062932,0.378921287389489,0.36646501065689
0.236718081244022,0.23777985226566,0.237799782580201,0.236876865215585,0.247917177507722,0.239822142087315,0.36646501065689,0.729574652133158
