"[0,1)","[1,5)","[5,15)","[15,25)","[25,45)","[45,65)","[65,75)","[75,+)"
0.419098336650007,0.828971031405639,0.888928283089323,0.897422402219373,0.855941396893389,0.813152719814213,0.805561830206262,0.79360797522578
0.828971031405639,0.806120285199434,0.886221329323692,0.854628554729182,0.855607835483095,0.825605830283979,0.794361505389747,0.794661430358573
0.888928283089323,0.886221329323692,0.788404617057315,0.849400845936758,0.88312781202619,0.823909883269896,0.825279092795558,0.789297926172934
0.897422402219373,0.854628554729182,0.849400845936758,0.830058697078541,0.821122206578081,0.834537443069629,0.807561725947784,0.780162190709787
0.855941396893389,0.855607835483095,0.88312781202619,0.82112220657808,0.79683874410492,0.770372562708585,0.772178801885881,0.779194674060402
0.813152719814213,0.825605830283979,0.823909883269896,0.834537443069629,0.770372562708585,0.827715115687779,0.775688703738439,0.768930338302834
0.805561830206262,0.794361505389747,0.825279092795558,0.807561725947784,0.772178801885881,0.775688703738439,0.80543306692703,0.783372628729135
0.79360797522578,0.794661430358573,0.789297926172934,0.780162190709787,0.779194674060402,0.768930338302834,0.783372628729135,1
