"[0,1)","[1,5)","[5,15)","[15,25)","[25,45)","[45,65)","[65,75)","[75,+)"
0.098513016366387,0.513684877797359,0.646743423045242,0.681070723663638,0.620672895106257,0.417197285148314,0.330817109064928,0.39908501772516
0.513684877797359,0.33807520216642,0.635189433144156,0.598403816507105,0.617876311972481,0.492616286969041,0.381869242255862,0.396428802193309
0.646743423045242,0.635189433144156,0.321428467101736,0.571017925106236,0.680701590167303,0.503828774102478,0.506241320213263,0.39183788606272
0.681070723663638,0.598403816507105,0.571017925106236,0.574871850027926,0.587183400412184,0.594260609962381,0.494225188629185,0.393571740596514
0.620672895106257,0.617876311972481,0.680701590167303,0.587183400412184,0.536475199942612,0.477145421778338,0.463704473137269,0.399821131522218
0.417197285148314,0.492616286969041,0.503828774102478,0.59426060996238,0.477145421778338,0.592430128735268,0.44165670575835,0.407003144831397
0.330817109064928,0.381869242255862,0.506241320213263,0.494225188629185,0.46370447313727,0.44165670575835,0.508279499627209,0.44992420659216
0.39908501772516,0.396428802193309,0.39183788606272,0.393571740596514,0.399821131522218,0.407003144831397,0.44992420659216,1
