"[0,1)","[1,5)","[5,15)","[15,25)","[25,45)","[45,65)","[65,75)","[75,+)"
0.174400657633516,0.621638003235777,0.726559055145903,0.751702885978292,0.698104238646416,0.545459872016292,0.447669879429465,0.549847490480458
0.621638003235777,0.493168993830815,0.727096293009591,0.685084445823162,0.703295580232334,0.609290944169452,0.525822085164063,0.545093496707491
0.726559055145903,0.727096293009591,0.519145597171757,0.673138944658317,0.755403714345694,0.623477935561003,0.619987462456752,0.539968105570979
0.751702885978292,0.685084445823162,0.673138944658317,0.666196803190917,0.666046380519837,0.673958537288569,0.596123619241279,0.538063006461086
0.698104238646416,0.703295580232333,0.755403714345694,0.666046380519837,0.622013862368948,0.571442440153635,0.569677122264241,0.535368529738241
0.545459872016292,0.609290944169452,0.623477935561003,0.673958537288569,0.571442440153635,0.66727138419163,0.542911152723825,0.533101703800599
0.447669879429465,0.525822085164063,0.619987462456752,0.596123619241279,0.569677122264241,0.542911152723825,0.598796520305055,0.540015114015835
0.549847490480458,0.545093496707491,0.539968105570979,0.538063006461086,0.535368529738241,0.533101703800599,0.540015114015835,1
