"[0,1)","[1,5)","[5,15)","[15,25)","[25,45)","[45,65)","[65,75)","[75,+)"
0.675308869444813,0.953333120010495,0.979979202906989,0.973054810009282,0.944301964959628,0.962780938920021,0.960852074185405,0.95358695451528
0.953333120010495,0.897318867188662,0.969988792052684,0.917083312237072,0.942511807709102,0.955002540483413,0.950592954633178,0.953924977036225
0.979979202906989,0.969988792052684,0.917947032266306,0.883209512933149,0.959197283582031,0.948284678939917,0.962722170592862,0.952140579288893
0.973054810009282,0.917083312237072,0.883209512933149,0.669933343383077,0.927069775286993,0.944084705493297,0.95912147025326,0.950850284522734
0.944301964959628,0.942511807709102,0.959197283582031,0.927069775286993,0.933596874552879,0.919847703518859,0.928081610120622,0.941223339248304
0.962780938920021,0.955002540483412,0.948284678939917,0.944084705493297,0.919847703518859,0.95413956604263,0.951344756420649,0.932999702595486
0.960852074185405,0.950592954633178,0.962722170592862,0.95912147025326,0.928081610120622,0.951344756420649,0.970409568948873,0.974294980653049
0.95358695451528,0.953924977036225,0.952140579288893,0.950850284522734,0.941223339248304,0.932999702595486,0.974294980653049,1
