"[0,1)","[1,5)","[5,15)","[15,25)","[25,45)","[45,65)","[65,75)","[75,+)"
0.918612379667923,1.00708117841551,1.0196069696397,1.00963754053827,1.00159972952789,1.02343684854458,1.02540055688126,1.01586833190532
1.00708117841551,0.950541035218768,1.00751647536689,0.988796511137361,0.988239032509387,1.00883584050345,1.01531309474637,1.01625697352406
1.0196069696397,1.00751647536689,0.960525069716695,0.992307283882956,0.99584658351369,1.00631911545918,1.01267172587309,1.01364866291206
1.00963754053827,0.988796511137361,0.992307283882956,0.97427008694073,0.982997345858133,0.992318404674103,1.01177889974021,1.01363599612675
1.00159972952789,0.988239032509388,0.99584658351369,0.982997345858133,0.985906122732426,0.972851320718482,0.985549573122155,1.0024269997342
1.02343684854458,1.00883584050345,1.00631911545918,0.992318404674102,0.972851320718482,0.99700089742778,1.00800679994056,0.992193631118441
1.02540055688126,1.01531309474637,1.01267172587309,1.01177889974021,0.985549573122155,1.00800679994056,1.01926426445424,1.03149794437649
1.01586833190532,1.01625697352406,1.01364866291206,1.01363599612675,1.0024269997342,0.992193631118441,1.03149794437649,1
