"[0,1)","[1,5)","[5,15)","[15,25)","[25,45)","[45,65)","[65,75)","[75,+)"
0.0965420320065705,0.48191236796027,0.647283318809905,0.689912458713262,0.612813434656434,0.416638405151022,0.373192311355359,0.346463603113104
0.48191236796027,0.244789466064923,0.626080675375821,0.547452524657344,0.588063397380492,0.463069151389696,0.340974428145636,0.348819118964408
0.647283318809905,0.626080675375821,0.25494073855846,0.481378013220083,0.664467354956457,0.474280516489642,0.471269046507213,0.350779839971935
0.689912458713262,0.547452524657344,0.481378013220083,0.281926162525607,0.543032713128531,0.566394403071525,0.460656041017582,0.343955369681692
0.612813434656434,0.588063397380492,0.664467354956457,0.543032713128531,0.512499971423815,0.440649848805977,0.396194279178576,0.36072358758941
0.416638405151022,0.463069151389696,0.474280516489642,0.566394403071525,0.440649848805976,0.580063133140543,0.446013804742277,0.367293561234356
0.373192311355359,0.340974428145637,0.471269046507213,0.460656041017582,0.396194279178576,0.446013804742277,0.511286818929767,0.464832197371932
0.346463603113104,0.348819118964408,0.350779839971934,0.343955369681692,0.36072358758941,0.367293561234356,0.464832197371932,1
