"[0,1)","[1,5)","[5,15)","[15,25)","[25,45)","[45,65)","[65,75)","[75,+)"
0.0839206103325478,0.416609662951816,0.637787140141961,0.609404276814085,0.533789385214307,0.352105978011644,0.310486205435469,0.287156011834944
0.416609662951816,0.202737925896789,0.535855193218754,0.470927760090932,0.50002888218891,0.395011822765166,0.296761214917936,0.288324712892053
0.637787140141961,0.535855193218754,0.182915172898817,0.393683851387042,0.516487894764008,0.364302869915794,0.349096188179395,0.288718028687131
0.609404276814085,0.470927760090932,0.393683851387042,0.237297219122278,0.409987386594688,0.451786729100149,0.35507236027009,0.287520111886071
0.533789385214307,0.50002888218891,0.516487894764008,0.409987386594688,0.386250034382196,0.355804175124337,0.330963418535366,0.298264523125139
0.352105978011644,0.395011822765166,0.364302869915794,0.451786729100149,0.355804175124337,0.402604069278613,0.329352566405133,0.289434113054415
0.310486205435469,0.296761214917936,0.349096188179395,0.35507236027009,0.330963418535366,0.329352566405133,0.415547602105311,0.403718982377598
0.287156011834944,0.288324712892053,0.288718028687131,0.287520111886071,0.298264523125139,0.289434113054415,0.403718982377598,0.744167324179694
