"[0,1)","[1,5)","[5,15)","[15,25)","[25,45)","[45,65)","[65,75)","[75,+)"
0.731397690879346,0.822876819277445,0.874716276022257,0.885791282506583,0.876328370774603,0.786953194825748,0.778177456413883,0.763245705162691
0.822876819277445,0.863779595729919,0.893583480497958,0.853395027931525,0.869302845474809,0.812921535957945,0.769794388729841,0.764029636316946
0.874716276022257,0.893583480497958,0.874777510819372,0.86326568195399,0.892159987036488,0.830415214527377,0.810701686042539,0.764871053666085
0.885791282506583,0.853395027931525,0.86326568195399,0.844509513530863,0.822770127432691,0.829741791820486,0.795321638342738,0.755809914623984
0.876328370774603,0.869302845474809,0.892159987036488,0.822770127432691,0.800839822231916,0.769965925964245,0.772564980953376,0.761060744310919
0.786953194825748,0.812921535957945,0.830415214527378,0.829741791820486,0.769965925964245,0.823298287907612,0.764107573720958,0.75538322529173
0.778177456413883,0.769794388729841,0.810701686042539,0.795321638342738,0.772564980953376,0.764107573720958,0.792100925867595,0.766507592714353
0.763245705162691,0.764029636316946,0.764871053666085,0.755809914623984,0.761060744310919,0.75538322529173,0.766507592714353,1
