"[0,1)","[1,5)","[5,15)","[15,25)","[25,45)","[45,65)","[65,75)","[75,+)"
0.162470513063646,0.953070457223986,1.01538753170014,0.998195973047362,0.900317404986339,1.01799189375883,1.01973897412827,1.01143366234519
0.953070457223986,0.395678532842283,0.900471049443032,0.904642350260497,0.889868493178021,0.971614838504892,0.991777567762951,1.01175681122419
1.01538753170014,0.900471049443032,0.438189452473586,0.811844885042565,0.924843579897741,0.907779733033597,1.00318614510447,1.00609181907237
0.998195973047362,0.904642350260497,0.811844885042565,0.634166748778016,0.954198143212887,0.977993758407923,1.0082269681313,1.00963985283661
0.900317404986339,0.889868493178021,0.924843579897741,0.954198143212887,0.96313867061286,0.969390578007952,0.977916595678827,1.00078830098748
1.01799189375883,0.971614838504892,0.907779733033597,0.977993758407923,0.969390578007952,0.993242447725879,1.00663585766051,0.992499494114824
1.01973897412827,0.991777567762951,1.00318614510447,1.0082269681313,0.977916595678827,1.00663585766051,1.01691072515269,1.02479976776316
1.01143366234519,1.01175681122419,1.00609181907237,1.00963985283661,1.00078830098748,0.992499494114824,1.02479976776316,1
