"[0,1)","[1,5)","[5,15)","[15,25)","[25,45)","[45,65)","[65,75)","[75,+)"
0.748310459217,0.939831603774294,0.974144625171036,0.96502662599555,0.934177232303238,0.952110722484761,0.950333705569922,0.943511571044001
0.939831603774294,0.892295341776283,0.956648861301821,0.905171537450399,0.93352426970141,0.942547569750591,0.94176124621106,0.943832844257869
0.974144625171036,0.956648861301821,0.914604368957998,0.853833368499388,0.933625187699676,0.915691504020438,0.938092003222319,0.941351568374743
0.96502662599555,0.905171537450399,0.853833368499388,0.65170699357357,0.876519841035115,0.899788099401726,0.922489778113812,0.940395948950169
0.934177232303238,0.93352426970141,0.933625187699676,0.876519841035115,0.883426764664876,0.88792287981766,0.921372901671754,0.942988818839693
0.952110722484761,0.942547569750591,0.915691504020438,0.899788099401726,0.88792287981766,0.910005811546217,0.930471838050131,0.938545055777413
0.950333705569922,0.94176124621106,0.938092003222319,0.922489778113811,0.921372901671754,0.930471838050131,0.954229259120444,0.954724281477647
0.943511571044001,0.943832844257869,0.941351568374742,0.940395948950169,0.942988818839693,0.938545055777413,0.954724281477647,0.982475242605229
