"[0,1)","[1,5)","[5,15)","[15,25)","[25,45)","[45,65)","[65,75)","[75,+)"
0.876570305085856,0.971502232239629,0.989124435755734,0.983342636378189,0.96256705162235,0.977857712250431,0.977323521068352,0.969760244783133
0.971502232239629,0.903537786481756,0.976545373817269,0.92943998958023,0.950663519398365,0.967596179483229,0.965850575638874,0.970135529166584
0.989124435755734,0.976545373817269,0.915887091553679,0.891417611209371,0.965240265623366,0.956989460426568,0.975777678549395,0.968342588381163
0.983342636378189,0.92943998958023,0.891417611209371,0.676511740470872,0.941337937798308,0.95727440695296,0.973605204400441,0.967678501033158
0.96256705162235,0.950663519398366,0.965240265623366,0.941337937798308,0.949048238259636,0.939714816556447,0.946140281092581,0.959089156070679
0.977857712250431,0.967596179483229,0.956989460426569,0.95727440695296,0.939714816556447,0.967521300998874,0.967726905355292,0.952190580457089
0.977323521068352,0.965850575638874,0.975777678549396,0.973605204400441,0.946140281092581,0.967726905355292,0.982480859338094,0.986996601971102
0.969760244783133,0.970135529166584,0.968342588381163,0.967678501033158,0.959089156070679,0.952190580457089,0.986996601971102,1
