"[0,1)","[1,5)","[5,15)","[15,25)","[25,45)","[45,65)","[65,75)","[75,+)"
0.143064584395565,0.492519364892928,0.682429993357122,0.65938792465269,0.589527026040719,0.431996895016051,0.343136276911247,0.417027524775753
0.492519364892928,0.30768350035586,0.593601203390399,0.572722833805997,0.568892762505614,0.480161944333034,0.394002280820259,0.413547781216326
0.682429993357122,0.593601203390399,0.272214040605837,0.543608255057157,0.583526002313008,0.457931024895194,0.435854458415057,0.402605477333588
0.65938792465269,0.572722833805997,0.543608255057157,0.580640388084946,0.524284946600931,0.548246535057525,0.444838771652558,0.411446933222052
0.589527026040719,0.568892762505614,0.583526002313008,0.524284946600931,0.484491596499079,0.450887842556127,0.412336505854419,0.361618276334166
0.431996895016052,0.480161944333034,0.457931024895194,0.548246535057525,0.450887842556127,0.481395941400364,0.394399104540289,0.361670125881965
0.343136276911247,0.394002280820259,0.435854458415057,0.444838771652557,0.412336505854419,0.394399104540289,0.465587193703041,0.451428846265711
0.417027524775753,0.413547781216326,0.402605477333588,0.411446933222052,0.361618276334166,0.361670125881965,0.451428846265711,0.777628324964446
