"[0,1)","[1,5)","[5,15)","[15,25)","[25,45)","[45,65)","[65,75)","[75,+)"
0.205527148591364,0.492283814119807,0.688738083416336,0.667028870203462,0.593865907222647,0.443184766500014,0.405892100375041,0.381388752302323
0.492283814119807,0.288140254082863,0.594482954907215,0.536900571240565,0.560549110274084,0.46841171897714,0.387876491956899,0.383361631863429
0.688738083416336,0.594482954907215,0.255826917612012,0.452301213873282,0.576444766196071,0.426604055559668,0.427991128013214,0.382323150915699
0.667028870203462,0.536900571240565,0.452301213873282,0.286050046485362,0.47826668060465,0.513695205645398,0.433437228825735,0.380115002872642
0.593865907222647,0.560549110274084,0.576444766196071,0.47826668060465,0.458758291230006,0.436030921595923,0.412834037322973,0.392670916775593
0.443184766500014,0.46841171897714,0.426604055559668,0.513695205645398,0.436030921595922,0.475218582927461,0.412542936279464,0.381002644603601
0.405892100375041,0.387876491956899,0.427991128013214,0.433437228825735,0.412834037322973,0.412542936279464,0.481846854826081,0.47825618405363
0.381388752302323,0.383361631863429,0.382323150915699,0.380115002872642,0.392670916775593,0.381002644603601,0.47825618405363,0.772462411029194
