"[0,1)","[1,5)","[5,15)","[15,25)","[25,45)","[45,65)","[65,75)","[75,+)"
0.648769366238703,0.87047031322781,0.927093191384723,0.916646819188453,0.886763231007083,0.868921375893794,0.859399027065363,0.85192563774467
0.87047031322781,0.850006376290965,0.910690432813571,0.849946612238003,0.882075662291011,0.870137754076254,0.855265878371446,0.85252735539563
0.927093191384723,0.910690432813571,0.872560364032053,0.802730020176363,0.888774808906592,0.853991465384678,0.864005858147981,0.850091644904769
0.916646819188452,0.849946612238003,0.802730020176363,0.602774024788469,0.812510558691856,0.834560530466026,0.844362789158081,0.84776770628861
0.886763231007083,0.882075662291011,0.888774808906592,0.812510558691856,0.811714848630469,0.807510176412179,0.830157811524143,0.847753332093273
0.868921375893794,0.870137754076254,0.853991465384678,0.834560530466026,0.807510176412179,0.837180368542257,0.846523604380401,0.846989152825695
0.859399027065363,0.855265878371445,0.864005858147981,0.844362789158081,0.830157811524143,0.846523604380401,0.882665665506156,0.880029105690254
0.85192563774467,0.85252735539563,0.850091644904769,0.84776770628861,0.847753332093273,0.846989152825695,0.880029105690254,0.951638724180508
