"[0,1)","[1,5)","[5,15)","[15,25)","[25,45)","[45,65)","[65,75)","[75,+)"
0.127984266745536,0.538028587670032,0.672175632730515,0.71195104040909,0.643227177787759,0.463643525930413,0.364412918751766,0.442843254677378
0.538028587670032,0.343881987809094,0.657586812720938,0.618118300606707,0.630747435529566,0.518427082496043,0.414370433587588,0.435931439193386
0.672175632730515,0.657586812720938,0.331853977436951,0.588804050907301,0.696968269615882,0.528953833415727,0.524055033857773,0.427765969686071
0.71195104040909,0.618118300606707,0.588804050907301,0.590585839563507,0.595811521780845,0.610340376635491,0.507600511481898,0.430532334538726
0.643227177787759,0.630747435529566,0.696968269615882,0.595811521780845,0.548831307570088,0.48640855396697,0.461658657332831,0.426858662508629
0.463643525930413,0.518427082496043,0.528953833415727,0.610340376635491,0.48640855396697,0.607671517298437,0.472044686228801,0.432209871141927
0.364412918751766,0.414370433587588,0.524055033857773,0.507600511481898,0.461658657332831,0.4720446862288,0.537043289408064,0.481652097153573
0.442843254677378,0.435931439193386,0.427765969686071,0.430532334538726,0.426858662508629,0.432209871141927,0.481652097153573,1
