"[0,1)","[1,5)","[5,15)","[15,25)","[25,45)","[45,65)","[65,75)","[75,+)"
0.380300396134687,0.514472077284708,0.677890447431201,0.650247946531305,0.602777279578911,0.420166422741018,0.341185868312233,0.398831281549074
0.514472077284708,0.443487580767096,0.620029726772782,0.550570836995112,0.576988331703077,0.479633907258971,0.384213953051112,0.396679347766632
0.6778904474312,0.620029726772782,0.398726581352499,0.49574759023204,0.591408623059198,0.468655597266621,0.435889838200151,0.391621030138801
0.650247946531305,0.550570836995112,0.49574759023204,0.348850042064196,0.500985438612986,0.531019708289966,0.428402910843185,0.396346809119307
0.602777279578911,0.576988331703076,0.591408623059198,0.500985438612986,0.487066092109763,0.455034396659325,0.408241700190051,0.357707997480713
0.420166422741018,0.479633907258971,0.468655597266621,0.531019708289966,0.455034396659325,0.486285922231727,0.396267869825813,0.36188746639503
0.341185868312233,0.384213953051112,0.435889838200151,0.428402910843185,0.408241700190051,0.396267869825813,0.469470724604778,0.453227909094201
0.398831281549074,0.396679347766632,0.391621030138801,0.396346809119307,0.357707997480713,0.36188746639503,0.453227909094201,0.777060404238963
