"[0,1)","[1,5)","[5,15)","[15,25)","[25,45)","[45,65)","[65,75)","[75,+)"
1.00305462716099,0.969143106090901,0.99415784662414,0.962302898746638,0.982641921515681,1.01378650887362,1.17537116859394,0.970047067598888
0.969143106090901,0.99123336946605,0.955156166974977,0.891881108394366,0.949572112139449,0.960447338999101,1.0174894098574,0.978729209950997
0.99415784662414,0.955156166974977,0.991633415995075,0.84480530567209,0.942202157420145,0.949288351695472,0.993351067918736,0.981794705587751
0.962302898746638,0.891881108394366,0.84480530567209,0.593096317075129,0.847129636342265,0.917410547938088,0.964796432553063,1.00187273778286
0.982641921515681,0.949572112139449,0.942202157420145,0.847129636342265,0.846393269172766,0.929663932696842,1.03084570419019,1.10031842796626
1.01378650887362,0.960447338999101,0.949288351695472,0.917410547938088,0.929663932696842,0.986521290612484,1.03676698306443,1.03548821282169
1.17537116859394,1.0174894098574,0.993351067918736,0.964796432553063,1.03084570419019,1.03676698306443,1.07782130885127,1.08727426138331
0.970047067598888,0.978729209950997,0.981794705587751,1.00187273778286,1.10031842796626,1.03548821282169,1.08727426138331,1.0290855096561
