"[0,1)","[1,5)","[5,15)","[15,25)","[25,45)","[45,65)","[65,75)","[75,+)"
0.973740528716851,1.03433703955908,1.01017218922159,1.06355547307594,1.00260120265734,1.11262772195996,1.08965091708553,0.929619012187931
1.03433703955908,0.967757229607216,1.01434701214323,1.00595705509413,0.9874105122934,1.07239173118328,0.968959921405029,0.935123877607125
1.01017218922159,1.01434701214323,0.990942580235747,0.938476647016316,0.977978923039202,1.04513754533157,0.959826298807942,0.940899676986605
1.06355547307594,1.00595705509413,0.938476647016316,0.735962710736354,0.942585003002254,1.05002595296027,1.02961856484732,0.992809444079586
1.00260120265734,0.9874105122934,0.977978923039202,0.942585003002254,0.903380431252886,1.03364497172579,1.01643648311097,1.10169991776247
1.11262772195996,1.07239173118328,1.04513754533157,1.05002595296027,1.03364497172579,1.11131855757896,1.06475199572493,1.0326978894024
1.08965091708553,0.968959921405029,0.959826298807942,1.02961856484732,1.01643648311097,1.06475199572493,0.937230839271476,0.988861003525183
0.929619012187931,0.935123877607125,0.940899676986605,0.992809444079586,1.10169991776247,1.0326978894024,0.988861003525183,0.926681143817343
