"[0,1)","[1,5)","[5,15)","[15,25)","[25,45)","[45,65)","[65,75)","[75,+)"
0.457858504061549,0.796704521156327,0.949238386326482,1.03133462426566,0.977517706532745,0.825223910702965,1.47496637036598,0.805490197652048
0.796704521156327,0.791114505680597,0.869992184102668,0.94161100549121,0.935177005666135,0.76235504682655,0.919865244838879,0.831823472581111
0.949238386326482,0.869992184102668,0.779456665267936,0.922874317450213,0.955896702144362,0.782509978645372,0.886384470254709,0.828209920334283
1.03133462426566,0.94161100549121,0.922874317450213,0.922975100849127,1.00914933700773,0.924883483726701,1.12068511768993,1.04634519502921
0.977517706532745,0.935177005666135,0.955896702144362,1.00914933700773,1.02363868143849,0.936593209285842,1.16175383164735,1.23285501353381
0.825223910702965,0.76235504682655,0.782509978645372,0.924883483726701,0.936593209285842,0.847812286943013,0.949513582308727,0.913615780830968
1.47496637036598,0.919865244838879,0.886384470254709,1.12068511768993,1.16175383164734,0.949513582308727,1.04712874664809,1.10383672576208
0.805490197652048,0.831823472581111,0.828209920334283,1.04634519502921,1.23285501353381,0.913615780830968,1.10383672576208,1
