"[0,1)","[1,5)","[5,15)","[15,25)","[25,45)","[45,65)","[65,75)","[75,+)"
0.777044262776879,1.00950907287633,1.00278386667597,1.01242969218949,0.955581227560004,1.00527208268755,0.900196841837866,0.918414934395671
1.00950907287633,0.884797978491307,0.995354432393887,0.926813627117776,0.943209363850882,0.988596209344492,0.912940902132347,0.917737637634802
1.00278386667597,0.995354432393887,0.899926687841433,0.861124755712004,0.935718942688067,0.959280259496301,0.91404688582992,0.911513322018051
1.01242969218949,0.926813627117776,0.861124755712004,0.618132927661644,0.836853324553424,0.913104367819261,0.888663789491683,0.781954130392198
0.955581227560004,0.943209363850882,0.935718942688067,0.836853324553424,0.820332617571231,0.902223879758599,0.908268073361381,0.946646927847289
1.00527208268755,0.988596209344492,0.959280259496301,0.913104367819261,0.902223879758599,0.954582379592659,0.898771155349611,0.862262573292386
0.900196841837866,0.912940902132347,0.91404688582992,0.888663789491683,0.908268073361381,0.898771155349611,0.815187743939088,0.847576719786479
0.918414934395671,0.917737637634802,0.911513322018051,0.781954130392199,0.946646927847289,0.862262573292387,0.847576719786479,0.889603958363056
