"[0,1)","[1,5)","[5,15)","[15,25)","[25,45)","[45,65)","[65,75)","[75,+)"
0.577951512169717,1.26918715724322,1.21580359873848,1.1081518972111,1.08513522514606,1.26471581692049,1.19040928229171,1.17391338445186
1.26918715724322,0.736642120381548,1.10879589805346,1.01626851748344,1.04412636325802,1.17303071239395,1.16584465876727,1.17438827885965
1.21580359873848,1.10879589805346,0.773246700932,0.956904408541873,1.06826385889257,1.10367703568924,1.1268520285446,1.16509716077525
1.1081518972111,1.01626851748344,0.956904408541873,0.671591047757518,1.0152318996165,1.00337229960357,0.998444950338343,0.90717475393566
1.08513522514606,1.04412636325802,1.06826385889257,1.0152318996165,1.08541324276937,1.07602930715276,1.14468407850763,1.18364328499236
1.26471581692049,1.17303071239395,1.10367703568924,1.00337229960357,1.07602930715276,1.03558142734761,1.03651188537048,1.01925131690064
1.19040928229171,1.16584465876727,1.1268520285446,0.998444950338343,1.14468407850763,1.03651188537048,0.934521614399959,0.952184765580894
1.17391338445186,1.17438827885965,1.16509716077525,0.90717475393566,1.18364328499236,1.01925131690064,0.952184765580894,1
