"[0,1)","[1,5)","[5,15)","[15,25)","[25,45)","[45,65)","[65,75)","[75,+)"
0.560615714605468,0.760269432463177,0.867276267291354,0.888317080728382,0.874734631165273,0.767873112515086,1.1177957603408,0.681754763326178
0.760269432463177,0.794510812974338,0.828600127014914,0.837349677830747,0.830337033644615,0.752605700152773,0.807897335298322,0.708026853560029
0.867276267291354,0.828600127014914,0.799724747034818,0.852119506029115,0.834141080477534,0.759934991542651,0.798842185283073,0.722685068372113
0.888317080728382,0.837349677830747,0.852119506029115,0.90360476396865,0.780702223843773,0.814666705450902,0.867405285569028,0.783581164427445
0.874734631165273,0.830337033644615,0.834141080477534,0.780702223843773,0.700511534108577,0.72171002518204,0.892473204399362,0.982276604876439
0.767873112515086,0.752605700152773,0.75993499154265,0.814666705450902,0.72171002518204,0.748485600400254,0.823132266745881,0.777737179369003
1.1177957603408,0.807897335298322,0.798842185283073,0.867405285569027,0.892473204399362,0.823132266745881,0.846669367727537,0.941371286478028
0.681754763326178,0.708026853560029,0.722685068372113,0.783581164427445,0.982276604876439,0.777737179369003,0.941371286478028,0.887999666227907
