"[0,1)","[1,5)","[5,15)","[15,25)","[25,45)","[45,65)","[65,75)","[75,+)"
0.0640953952832557,0.441094026931573,0.657863716407217,0.633422892018774,0.548421936504838,0.387453857537178,0.349736338233628,0.325321475942398
0.441094026931573,0.213829367020078,0.554370931371236,0.498832844417889,0.522232017727432,0.425615717460574,0.332905878343174,0.32647123944305
0.657863716407217,0.554370931371236,0.193637600609639,0.414252288811519,0.535201634575473,0.390564699748495,0.380081205852514,0.326986647340296
0.633422892018774,0.498832844417889,0.414252288811519,0.258356712571486,0.442890985175483,0.482559464874838,0.386874626341798,0.325609710097543
0.548421936504838,0.522232017727432,0.535201634575473,0.442890985175483,0.423322494279701,0.395296054612633,0.368437022206792,0.335355227960767
0.387453857537178,0.425615717460574,0.390564699748495,0.482559464874838,0.395296054612633,0.437236686429537,0.364466866456042,0.324296267932185
0.349736338233628,0.332905878343174,0.380081205852514,0.386874626341798,0.368437022206792,0.364466866456042,0.442987582390821,0.435947421138223
0.325321475942398,0.32647123944305,0.326986647340296,0.325609710097543,0.335355227960767,0.324296267932185,0.435947421138223,0.755015396993413
