"[0,1)","[1,5)","[5,15)","[15,25)","[25,45)","[45,65)","[65,75)","[75,+)"
0.673587341467005,0.62548067229368,0.726789049503982,0.707421980657806,0.724007157372034,0.508795408562513,0.414606477926382,0.507837284620114
0.62548067229368,0.767898422128091,0.737926337974553,0.672667824148652,0.699224297864023,0.583985700417237,0.498917693788354,0.503205260642004
0.726789049503982,0.737926337974553,0.77278714924904,0.703306953625801,0.733723662409072,0.642709544986888,0.564802204999222,0.495879382484165
0.707421980657806,0.672667824148652,0.703306953625801,0.694821571728651,0.622298603387735,0.633195167840555,0.530379217474111,0.499799319685659
0.724007157372034,0.699224297864024,0.733723662409072,0.622298603387735,0.594615945542073,0.551398224033907,0.507248685900151,0.44293137295734
0.508795408562513,0.583985700417238,0.642709544986888,0.633195167840555,0.551398224033907,0.567039309422957,0.476969772516251,0.440033941491766
0.414606477926382,0.498917693788355,0.564802204999222,0.530379217474111,0.507248685900151,0.476969772516251,0.526284978428887,0.512820587494852
0.507837284620114,0.503205260642004,0.495879382484165,0.499799319685659,0.44293137295734,0.440033941491766,0.512820587494852,0.804034755363514
