"[0,1)","[1,5)","[5,15)","[15,25)","[25,45)","[45,65)","[65,75)","[75,+)"
0.127984266745536,0.538023714870727,0.672175632730515,0.711950222552256,0.643181527743478,0.463643525930413,0.364412918751766,0.442843254677378
0.538023714870727,0.343777774441801,0.657522536115262,0.618099464380118,0.630693645836892,0.518409015231489,0.414351309401991,0.435931439193386
0.672175632730515,0.657522536115262,0.331327114633461,0.5886911766434,0.696898899592669,0.528858846403483,0.524047326917993,0.427756726504487
0.711950222552256,0.618099464380118,0.5886911766434,0.590498011999336,0.595795161134775,0.610331544828464,0.507600167997339,0.430532334538726
0.643181527743478,0.630693645836892,0.696898899592669,0.595795161134776,0.548808599027755,0.486401218647953,0.461645628020326,0.426858662508629
0.463643525930413,0.518409015231489,0.528858846403483,0.610331544828464,0.486401218647953,0.607668078492278,0.472043938844157,0.43220953850589
0.364412918751766,0.414351309401991,0.524047326917993,0.507600167997339,0.461645628020326,0.472043938844157,0.537042831000416,0.481652097153573
0.442843254677378,0.435931439193386,0.427756726504487,0.430532334538726,0.426858662508629,0.43220953850589,0.481652097153573,1
