"[0,1)","[1,5)","[5,15)","[15,25)","[25,45)","[45,65)","[65,75)","[75,+)"
0.137887494578143,0.478554279456081,0.670705258123048,0.64365715584241,0.578851123677914,0.409441389079588,0.32219056877563,0.391613787081526
0.478554279456081,0.316045419383236,0.586356486336148,0.551444744250188,0.557202035567153,0.463217313511372,0.371512365300287,0.388538631524288
0.670705258123048,0.586356486336149,0.280436813768342,0.517394117370167,0.572174632714482,0.443422700561551,0.417882896436986,0.379089848814932
0.64365715584241,0.551444744250188,0.517394117370167,0.510724488273013,0.501359031210481,0.527866710891584,0.423492876034035,0.38653620595594
0.578851123677914,0.557202035567153,0.572174632714482,0.501359031210481,0.465251024701802,0.43073128129592,0.391383882295041,0.340283816695744
0.409441389079588,0.463217313511373,0.443422700561551,0.527866710891584,0.43073128129592,0.463869562973655,0.376033900513018,0.341918410882462
0.32219056877563,0.371512365300287,0.417882896436986,0.423492876034035,0.391383882295041,0.376033900513018,0.451115040041254,0.437375383067436
0.391613787081526,0.388538631524288,0.379089848814932,0.38653620595594,0.340283816695744,0.341918410882462,0.437375383067436,0.770892262344146
