"[0,1)","[1,5)","[5,15)","[15,25)","[25,45)","[45,65)","[65,75)","[75,+)"
1.00190953259173,1.02425016236636,1.02775646183447,1.02509519012781,1.02323139486076,1.03153384026957,1.04122822788997,1.02865703538898
1.02425016236636,1.01033450152689,1.02033444983926,1.00907623661114,1.00992688058731,1.02269319234002,1.02603121951169,1.02579902415354
1.02775646183447,1.02033444983926,1.01251021644623,1.01584368748869,1.01483160686432,1.02124311266866,1.02752840513025,1.02690516833337
1.02509519012781,1.00907623661114,1.01584368748869,1.01253790252974,1.00613917767666,1.01160078860171,1.0233695079856,1.02533598815014
1.02323139486076,1.00992688058731,1.01483160686432,1.00613917767666,1.00451461262788,0.995488782593938,1.00251888404291,1.02213212332835
1.03153384026957,1.02269319234002,1.02124311266866,1.01160078860171,0.995488782593938,1.01433571045334,1.02431961467842,1.01752318675508
1.04122822788997,1.02603121951169,1.02752840513025,1.0233695079856,1.00251888404291,1.02431961467842,1.03601161127889,1.04025349343742
1.02865703538898,1.02579902415354,1.02690516833337,1.02533598815014,1.02213212332835,1.01752318675508,1.04025349343742,1.03544275218364
