"[0,1)","[1,5)","[5,15)","[15,25)","[25,45)","[45,65)","[65,75)","[75,+)"
1.04061240806355,0.898819947429903,0.895312345791158,0.887818800659922,0.905435453008845,0.923419773416285,1.13330967087129,0.787772022030823
0.898819947429903,0.916978028887843,0.883026587067575,0.884117515674077,0.871383939656556,0.874886001011835,0.877010255662089,0.823721499815863
0.895312345791158,0.883026587067575,0.919919048969352,0.883530254076187,0.871628523077479,0.855644695412578,0.831831602936492,0.812593061315098
0.887818800659923,0.884117515674076,0.883530254076187,0.854872154520119,0.84588713202487,0.841806626244731,0.866357670665972,0.813026329827331
0.905435453008845,0.871383939656556,0.871628523077479,0.84588713202487,0.846906850664575,0.836033131145935,0.831316471883329,0.841312053243403
0.923419773416285,0.874886001011835,0.855644695412578,0.841806626244731,0.836033131145935,0.819736286082042,0.830067803461526,0.810670612756101
1.13330967087129,0.877010255662089,0.831831602936492,0.866357670665972,0.831316471883329,0.830067803461526,0.795429622729077,0.819873110146883
0.787772022030823,0.823721499815863,0.812593061315098,0.813026329827331,0.841312053243403,0.810670612756101,0.819873110146883,0.73751843037863
