"[0,1)","[1,5)","[5,15)","[15,25)","[25,45)","[45,65)","[65,75)","[75,+)"
0.149529673120596,0.948151161932871,1.05735399153175,1.00370711718228,0.907245062359629,1.05268215987415,1.3395663823583,0.913899303043087
0.948151161932871,0.404243748923975,0.909287451843514,0.890682959431538,0.862310008764768,0.944927773468022,0.97320105989115,0.93589742036397
1.05735399153175,0.909287451843514,0.461184554749957,0.826798265325217,0.900213903317094,0.885976984686387,0.945274484715965,0.927058807448128
1.00370711718228,0.890682959431539,0.826798265325217,0.668650577706187,0.934890484902855,0.942358691396024,1.01129275190605,0.946342230788884
0.907245062359629,0.862310008764768,0.900213903317094,0.934890484902855,0.95183375915021,0.919030517737572,1.03278629690034,0.993768056399826
1.05268215987415,0.944927773468022,0.885976984686387,0.942358691396024,0.919030517737572,0.926283179923911,0.997498352128868,1.00124533590519
1.3395663823583,0.97320105989115,0.945274484715965,1.01129275190605,1.03278629690034,0.997498352128868,0.903766725515641,0.932063169598329
0.913899303043087,0.93589742036397,0.927058807448128,0.946342230788884,0.993768056399826,1.00124533590519,0.932063169598329,0.89351146677736
