"[0,1)","[1,5)","[5,15)","[15,25)","[25,45)","[45,65)","[65,75)","[75,+)"
0.943855278719289,0.983140653324606,0.99674609399632,0.988627649244623,0.972391505260491,0.990286636801981,0.990065047036679,0.984012336582589
0.983140653324606,0.898026258621892,0.979615136831131,0.93224983430886,0.953320249026468,0.976619456351936,0.979207388083524,0.984319779496674
0.99674609399632,0.979615136831131,0.911298036733937,0.893317128948477,0.96818185232333,0.963789038321091,0.984849452859844,0.980762312181861
0.988627649244623,0.93224983430886,0.893317128948477,0.681427832230239,0.944973454903999,0.961440230908926,0.98237592948689,0.980887023978519
0.972391505260491,0.953320249026468,0.96818185232333,0.944973454903998,0.953492582106688,0.944467419843721,0.953690470879556,0.970582912836698
0.990286636801981,0.976619456351936,0.963789038321091,0.961440230908926,0.944467419843721,0.972664983454963,0.975201310344864,0.961597372213077
0.990065047036679,0.979207388083524,0.984849452859844,0.98237592948689,0.953690470879556,0.975201310344864,0.990415867905077,0.997526817582211
0.984012336582589,0.984319779496674,0.980762312181861,0.98088702397852,0.970582912836698,0.961597372213077,0.997526817582211,1
