"[0,1)","[1,5)","[5,15)","[15,25)","[25,45)","[45,65)","[65,75)","[75,+)"
0.123621486149357,0.486862167512196,0.679120478637228,0.655303305954801,0.581934352080496,0.425495136282569,0.335676631774758,0.409978685684746
0.486862167512196,0.306947062638202,0.591256688576549,0.562257636633809,0.564246166024173,0.474430573221953,0.386674430578609,0.4064795961306
0.679120478637228,0.591256688576549,0.27136748926481,0.522721898133917,0.578567956716256,0.451530826096851,0.429575524293592,0.39607642710849
0.655303305954801,0.562257636633809,0.522721898133917,0.518999305337679,0.514857334490832,0.540330161346054,0.436333390647893,0.40479734806995
0.581934352080496,0.564246166024173,0.578567956716256,0.514857334490832,0.48085049192247,0.447528155513539,0.406420118274317,0.355193294850023
0.425495136282569,0.474430573221953,0.451530826096851,0.540330161346054,0.447528155513539,0.478182424378594,0.389529231684128,0.356745559927269
0.335676631774758,0.386674430578609,0.429575524293592,0.436333390647893,0.406420118274318,0.389529231684128,0.461737870666864,0.446636791369841
0.409978685684746,0.4064795961306,0.39607642710849,0.40479734806995,0.355193294850023,0.356745559927269,0.446636791369841,0.77593430374597
