"[0,1)","[1,5)","[5,15)","[15,25)","[25,45)","[45,65)","[65,75)","[75,+)"
0.800863121007478,0.842312192205808,0.894407607481574,0.883369272791722,0.88170030047821,0.804935738480039,0.798419961189049,0.783976270473243
0.842312192205808,0.871404522785327,0.890210110317077,0.858080404736768,0.865647010976421,0.823757304843076,0.795080013415675,0.784671747004426
0.894407607481574,0.890210110317077,0.880501868833883,0.868741057118018,0.878894473239634,0.83593379193877,0.817321280304291,0.784460456801079
0.883369272791722,0.858080404736768,0.868741057118018,0.855180235681045,0.81611486664399,0.827549754672322,0.79678048745579,0.778635568002503
0.881700300478211,0.865647010976421,0.878894473239634,0.81611486664399,0.794827526783787,0.779493939046013,0.789029234345194,0.774688019808699
0.804935738480039,0.823757304843076,0.83593379193877,0.827549754672322,0.779493939046013,0.790206834566541,0.770372975491962,0.74994534534109
0.798419961189049,0.795080013415675,0.817321280304291,0.79678048745579,0.789029234345194,0.770372975491962,0.790248746834316,0.7999373435571
0.783976270473243,0.784671747004426,0.784460456801079,0.778635568002503,0.774688019808699,0.74994534534109,0.7999373435571,0.905384039397067
