"[0,1)","[1,5)","[5,15)","[15,25)","[25,45)","[45,65)","[65,75)","[75,+)"
0.248434949351076,0.618418906110858,0.734557334163029,0.762250166057203,0.687776188633452,0.563414372107947,0.540962579295883,0.520644044933283
0.618418906110858,0.387891849362399,0.700289490597731,0.644701802396981,0.67202124756348,0.596709377097817,0.514915881057566,0.521652236139492
0.734557334163029,0.700289490597731,0.369354328992143,0.569653020125212,0.730054489693303,0.582423651647925,0.609677796294739,0.519103214329813
0.762250166057203,0.644701802396981,0.569653020125212,0.363303023709397,0.645493274047244,0.66524934661517,0.599855207948233,0.513635374796308
0.687776188633452,0.67202124756348,0.730054489693303,0.645493274047244,0.617440575287791,0.577916758267458,0.565204555404851,0.528962060323282
0.563414372107947,0.596709377097817,0.582423651647925,0.665249346615169,0.577916758267458,0.672464903675594,0.557331383291075,0.530414618306329
0.540962579295883,0.514915881057566,0.609677796294739,0.599855207948233,0.565204555404851,0.557331383291075,0.601580005004936,0.554255196933174
0.520644044933283,0.521652236139492,0.519103214329813,0.513635374796308,0.528962060323282,0.530414618306329,0.554255196933174,1
