"[0,1)","[1,5)","[5,15)","[15,25)","[25,45)","[45,65)","[65,75)","[75,+)"
0.130249028021716,0.49564223409733,0.634142600623307,0.673725744626782,0.607396966338538,0.399360413286749,0.308946451412526,0.374591439147191
0.49564223409733,0.322127050106488,0.624946479969249,0.571374718928158,0.601349112785479,0.470769083951306,0.355054621672967,0.371145014803514
0.634142600623307,0.624946479969249,0.306315490003424,0.527421006221522,0.668206916183724,0.483005881823676,0.482768316259313,0.366300594510266
0.673725744626782,0.571374718928158,0.527421006221522,0.447973814032393,0.564639340773908,0.576383040529229,0.471620880467235,0.368763330669362
0.607396966338538,0.601349112785479,0.668206916183724,0.564639340773908,0.518086090277977,0.455961480244195,0.436505739833558,0.375433250238337
0.399360413286749,0.470769083951306,0.483005881823675,0.576383040529229,0.455961480244195,0.578177798115203,0.426502818456161,0.383884818986368
0.308946451412526,0.355054621672967,0.482768316259313,0.471620880467235,0.436505739833558,0.426502818456161,0.495206661771753,0.436874332543899
0.374591439147191,0.371145014803514,0.366300594510266,0.368763330669362,0.375433250238337,0.383884818986368,0.436874332543899,1
