"[0,1)","[1,5)","[5,15)","[15,25)","[25,45)","[45,65)","[65,75)","[75,+)"
0.0650319693348353,0.404628154769734,0.629893226355574,0.601552790488578,0.52704650825149,0.337891638204133,0.294707785220612,0.27102041235995
0.404628154769734,0.196444516336419,0.528452923922433,0.461837646803264,0.49187450768294,0.382656067183834,0.281810323350861,0.272197281712046
0.629893226355574,0.528452923922433,0.176303430270532,0.385195993366235,0.509712470315295,0.353115108138315,0.336744735526767,0.273088514856844
0.601552790488578,0.461837646803264,0.385195993366235,0.229237986054473,0.39817624920412,0.440466702496697,0.342301694063613,0.271619583527353
0.52704650825149,0.49187450768294,0.509712470315295,0.39817624920412,0.372465874180067,0.341217694268268,0.316183979864738,0.283722309064009
0.337891638204133,0.382656067183834,0.353115108138315,0.440466702496697,0.341217694268268,0.389794487652658,0.316120300459088,0.275409081675565
0.294707785220612,0.281810323350861,0.336744735526767,0.342301694063613,0.316183979864738,0.316120300459088,0.405352741647759,0.39384667876203
0.27102041235995,0.272197281712046,0.273088514856844,0.271619583527353,0.283722309064009,0.275409081675565,0.39384667876203,0.739900280168459
