"[0,1)","[1,5)","[5,15)","[15,25)","[25,45)","[45,65)","[65,75)","[75,+)"
0.158792287188768,0.608806354773942,0.730253112770181,0.752584641717637,0.680272934189011,0.556115833140279,0.534097739864158,0.512754801822005
0.608806354773942,0.363377556432532,0.694356239866719,0.637343446613117,0.66815153378764,0.591264476179245,0.507313621990074,0.51379735298811
0.73025311277018,0.694356239866719,0.356157592522572,0.565067218471001,0.72754816794228,0.577456471298372,0.605459180785489,0.512280372944708
0.752584641717637,0.637343446613118,0.565067218471001,0.360197031227492,0.64340799865037,0.663018550455207,0.592330857301382,0.50527943781691
0.680272934189011,0.66815153378764,0.72754816794228,0.64340799865037,0.615011681264318,0.575340126739342,0.56108598983807,0.522544363975001
0.556115833140279,0.591264476179245,0.577456471298372,0.663018550455207,0.575340126739342,0.669822279258828,0.553939209275407,0.525471148663431
0.534097739864158,0.507313621990074,0.605459180785489,0.592330857301382,0.56108598983807,0.553939209275407,0.598186195160776,0.549310997424557
0.512754801822005,0.51379735298811,0.512280372944708,0.50527943781691,0.522544363975001,0.525471148663431,0.549310997424557,1
