"[0,1)","[1,5)","[5,15)","[15,25)","[25,45)","[45,65)","[65,75)","[75,+)"
0.184615710188736,1.04947727925348,1.09539107671749,1.06432762478266,0.961466900284863,1.14451012067833,1.15103172732808,1.14929497274071
1.04947727925348,0.433759596117479,0.964326766401345,0.961053251992006,0.936554866561538,1.07305606069599,1.12545670592465,1.14936254760275
1.09539107671749,0.964326766401345,0.484889356004503,0.87499832667881,0.970796746779741,0.995506744104604,1.11083407084855,1.14176889714545
1.06432762478266,0.961053251992006,0.87499832667881,0.693134561830224,1.00282516665201,1.03820078414376,1.10915854590654,1.14220206309479
0.961466900284863,0.936554866561538,0.970796746779741,1.00282516665201,1.01553190265663,1.02218485047597,1.05599065364157,1.11750435088204
1.14451012067833,1.07305606069599,0.995506744104604,1.03820078414376,1.02218485047597,1.05208798642518,1.10190387660629,1.09288520334903
1.15103172732808,1.12545670592465,1.11083407084855,1.10915854590654,1.05599065364157,1.10190387660629,1.11780741518186,1.13779227157451
1.14929497274071,1.14936254760275,1.14176889714545,1.14220206309479,1.11750435088204,1.09288520334903,1.13779227157451,1
