"[0,1)","[1,5)","[5,15)","[15,25)","[25,45)","[45,65)","[65,75)","[75,+)"
0.280027441689542,1.12043497351853,1.10050232448291,1.01510420829469,0.983984343730822,1.09005219899414,1.02249224241987,1.00310161649872
1.12043497351853,0.750717518625871,1.01892464220991,0.924169394950511,0.967671859043757,1.0345864595799,1.00194097377964,1.00383272188898
1.10050232448291,1.01892464220991,0.767726736088563,0.869868296252934,0.997680931589344,0.986804983406642,0.987451599359549,0.990880525217934
1.01510420829469,0.924169394950511,0.869868296252934,0.588983897434247,0.921312797640142,0.910063363542489,0.885892231045929,0.779319651125072
0.983984343730822,0.967671859043757,0.997680931589344,0.921312797640142,0.976937173373306,0.957647090198053,1.02708806256652,1.02875122030113
1.09005219899414,1.0345864595799,0.986804983406642,0.910063363542489,0.957647090198053,0.942531003436064,0.912785553824017,0.896880219974289
1.02249224241987,1.00194097377964,0.987451599359549,0.885892231045929,1.02708806256652,0.912785553824018,0.830828525617669,0.839199181757704
1.00310161649872,1.00383272188898,0.990880525217934,0.779319651125072,1.02875122030113,0.896880219974289,0.839199181757704,1
