"[0,1)","[1,5)","[5,15)","[15,25)","[25,45)","[45,65)","[65,75)","[75,+)"
0.989967477877889,0.812455941002001,0.970250968218657,0.933038545374645,1.00704749771183,0.956526200592014,1.42149568420705,0.791204034595577
0.812455941002001,0.91275702462309,0.87124983747667,0.865897575013671,0.937500445277409,0.862426244338354,0.897832407519819,0.814968590951044
0.970250968218657,0.87124983747667,0.927369659966125,0.833368629423064,0.955068493313321,0.876294873453169,0.870525121896236,0.812812338291338
0.933038545374646,0.865897575013671,0.833368629423064,0.629224805922403,0.964325340136936,0.956364208718763,1.00357454078896,1.0401454828955
1.00704749771183,0.937500445277409,0.955068493313321,0.964325340136936,1.00567668210244,1.0185018864088,1.10837725431885,1.19328722131403
0.956526200592013,0.862426244338355,0.876294873453169,0.956364208718763,1.0185018864088,0.997316155475266,1.02624217579456,1.04609273534027
1.42149568420705,0.897832407519819,0.870525121896236,1.00357454078896,1.10837725431885,1.02624217579456,1.05105320560097,1.05355844158653
0.791204034595577,0.814968590951044,0.812812338291338,1.0401454828955,1.19328722131403,1.04609273534027,1.05355844158653,1
