"[0,1)","[1,5)","[5,15)","[15,25)","[25,45)","[45,65)","[65,75)","[75,+)"
0.03798814046363,0.408441133592558,0.611676618190993,0.65891994490736,0.605588415293855,0.31566454491741,0.346791402946085,0.17791694727957
0.408441133592558,0.202233798034657,0.574570691509778,0.483859654811547,0.54836141392505,0.372410374865267,0.200258332601273,0.182778612609499
0.611676618190993,0.574570691509778,0.203185994070629,0.428607975497549,0.636964677644905,0.390512892533393,0.375360445698342,0.191626457545856
0.65891994490736,0.483859654811547,0.428607975497549,0.228254315515423,0.50765380375352,0.510247752384947,0.400995808324948,0.197542530411322
0.605588415293856,0.54836141392505,0.636964677644905,0.50765380375352,0.480929694094681,0.377816772449181,0.345871068510249,0.256928907683439
0.31566454491741,0.372410374865267,0.390512892533393,0.510247752384946,0.377816772449181,0.512940436436287,0.348705907701826,0.232282894053417
0.346791402946085,0.200258332601273,0.375360445698342,0.400995808324948,0.345871068510249,0.348705907701826,0.425263708832583,0.383434513585611
0.17791694727957,0.182778612609499,0.191626457545856,0.197542530411322,0.256928907683439,0.232282894053417,0.383434513585611,1
