"[0,1)","[1,5)","[5,15)","[15,25)","[25,45)","[45,65)","[65,75)","[75,+)"
0.463131823257811,1.07746874773749,1.10766845943711,1.03776687836502,0.970432556775209,1.12048784498462,1.05254116845084,1.03359213271928
1.07746874773749,0.603484450761954,0.998386196693754,0.915211318687517,0.955998269462357,1.03808373426268,1.0186984362895,1.03424395206488
1.10766845943711,0.998386196693754,0.593055860193675,0.805494927428152,0.919024607751977,0.903042594167772,0.973286249688548,1.02182280547116
1.03776687836502,0.915211318687517,0.805494927428152,0.559036036703788,0.832240247781906,0.871774452737923,0.907913011179063,0.803836836718097
0.970432556775209,0.955998269462357,0.919024607751977,0.832240247781907,0.86021233335191,0.91230696083059,1.05342079428928,1.07317679874698
1.12048784498462,1.03808373426268,0.903042594167772,0.871774452737923,0.91230696083059,0.930900844855902,0.962766202506906,0.933386008060712
1.05254116845084,1.0186984362895,0.973286249688549,0.907913011179063,1.05342079428928,0.962766202506906,0.849873724217802,0.877553248444503
1.03359213271928,1.03424395206488,1.02182280547116,0.803836836718097,1.07317679874698,0.933386008060712,0.877553248444503,0.912332697521055
