"[0,1)","[1,5)","[5,15)","[15,25)","[25,45)","[45,65)","[65,75)","[75,+)"
0.458465578158434,0.797691288471628,0.901755016493246,0.956451603775542,0.977427817426998,0.818426533133209,1.07165814836549,0.634865183219563
0.797691288471628,0.667990959604726,0.878333571088016,0.868498573312429,0.909017629720448,0.796708396316174,0.710016510130971,0.649932959872544
0.901755016493246,0.878333571088016,0.680909668353349,0.863373470907216,0.940515641018465,0.807020461652481,0.768331346265874,0.673780766437044
0.956451603775543,0.868498573312429,0.863373470907216,0.879211940401931,0.91763108357247,0.865098066873941,0.825147318942095,0.679751935862584
0.977427817426998,0.909017629720448,0.940515641018466,0.91763108357247,0.97565071475752,0.885502054709346,0.871503088833369,0.864427811313408
0.818426533133209,0.796708396316174,0.807020461652482,0.865098066873941,0.885502054709346,0.845538166427703,0.783385974474317,0.706031072225669
1.07165814836549,0.710016510130971,0.768331346265874,0.825147318942095,0.871503088833369,0.783385974474317,0.740679735979362,0.744925800346293
0.634865183219563,0.649932959872544,0.673780766437045,0.679751935862584,0.864427811313408,0.706031072225669,0.744925800346293,1
