"[0,1)","[1,5)","[5,15)","[15,25)","[25,45)","[45,65)","[65,75)","[75,+)"
0.0692318866763944,0.728830237387015,0.83483167764787,0.857077180347466,0.688232080477965,0.804615479752411,0.737359127049963,0.777540710030081
0.728830237387015,0.313086646480121,0.734135149225035,0.734476644851497,0.71343694819677,0.768394005142104,0.759836826720574,0.801961712226029
0.83483167764787,0.734135149225035,0.293873838424515,0.618312350105273,0.68506348801704,0.63265248339145,0.743605248255211,0.777310433837169
0.857077180347466,0.734476644851497,0.618312350105273,0.46697029466647,0.681739851035213,0.714570339904957,0.764021786027981,0.79022979526629
0.688232080477965,0.713436948196771,0.68506348801704,0.681739851035213,0.656454478629391,0.683606973149414,0.737347403036739,0.752718101484982
0.804615479752411,0.768394005142104,0.63265248339145,0.714570339904957,0.683606973149414,0.726340466529547,0.736895794621426,0.743030881769714
0.737359127049963,0.759836826720574,0.743605248255211,0.764021786027981,0.737347403036739,0.736895794621426,0.703562965114464,0.703841880760074
0.777540710030081,0.801961712226029,0.777310433837169,0.79022979526629,0.752718101484982,0.743030881769714,0.703841880760074,0.709644999648877
