"[0,1)","[1,5)","[5,15)","[15,25)","[25,45)","[45,65)","[65,75)","[75,+)"
0.0722054774935443,0.774242212393903,0.882287903427298,0.910521736026571,0.71710653001421,0.855776264596873,0.844605402390475,0.824262873517053
0.774242212393903,0.328479628803904,0.769196116483474,0.776989723464691,0.75087899400498,0.813074240813287,0.81860543203341,0.8442891740298
0.882287903427298,0.769196116483474,0.308638962547481,0.656162567956828,0.715545383724619,0.684720104749395,0.782752758759279,0.82968250155331
0.910521736026571,0.776989723464691,0.656162567956828,0.503064166920431,0.737305681477294,0.777300323808891,0.824577236960763,0.837960668450104
0.71710653001421,0.75087899400498,0.715545383724619,0.737305681477294,0.728392033566099,0.764999852482526,0.805859342701378,0.810663034954811
0.855776264596873,0.813074240813287,0.684720104749395,0.777300323808891,0.764999852482526,0.795777644962513,0.794626296534332,0.790615685662309
0.844605402390475,0.81860543203341,0.782752758759279,0.824577236960763,0.805859342701378,0.794626296534332,0.749351968998748,0.753165398079493
0.824262873517053,0.8442891740298,0.82968250155331,0.837960668450104,0.810663034954811,0.790615685662309,0.753165398079493,0.762214047186034
