"[0,1)","[1,5)","[5,15)","[15,25)","[25,45)","[45,65)","[65,75)","[75,+)"
0.883320226861839,1.06003072716164,1.03627513828866,0.898353376277521,0.913252304366302,0.988088483432733,1.71299705448461,0.793456883535151
1.06003072716164,0.959252711043756,0.860426057064875,0.88291085244648,0.886173025444328,0.900011846764159,0.897115832258914,0.824274266200691
1.03627513828866,0.860426057064875,0.938602952612218,0.885771098601979,0.879552655931173,0.879982851565339,0.836705808973925,0.806525223783713
0.898353376277521,0.88291085244648,0.885771098601979,0.911300439134309,0.86174410206128,0.860726621879496,0.821143001187431,0.818143630732268
0.913252304366302,0.886173025444328,0.879552655931173,0.86174410206128,0.855130160685026,0.894560830401928,0.826941233577206,0.811607614189898
0.988088483432733,0.900011846764159,0.879982851565339,0.860726621879496,0.894560830401928,0.871478135758927,0.859872644781069,0.817698120701969
1.71299705448461,0.897115832258914,0.836705808973925,0.821143001187431,0.826941233577206,0.859872644781069,0.850305403532652,0.878379850939853
0.793456883535151,0.824274266200691,0.806525223783713,0.818143630732268,0.811607614189898,0.817698120701969,0.878379850939853,0.744549413687311
