"[0,1)","[1,5)","[5,15)","[15,25)","[25,45)","[45,65)","[65,75)","[75,+)"
0.0767999141316062,0.751185478595634,0.858929071830672,0.850063085733007,0.724161278022283,0.829577680767465,0.770722334793787,0.846440770301618
0.751185478595634,0.325522919328149,0.754160933092331,0.753105530776033,0.743778416416368,0.800361272089887,0.80777254622818,0.861872329582014
0.858929071830672,0.754160933092331,0.305904211278178,0.638760516516557,0.718856060568358,0.680563295293862,0.775295934883809,0.840516985727139
0.850063085733007,0.753105530776033,0.638760516516557,0.498052292661897,0.730203066119318,0.755944871864292,0.78077334345159,0.849803591448532
0.724161278022283,0.743778416416369,0.718856060568358,0.730203066119318,0.727245703980713,0.738911000538173,0.771767738107907,0.790226180222412
0.829577680767465,0.800361272089887,0.680563295293862,0.755944871864292,0.738911000538173,0.759145580809994,0.777300387870449,0.797418563337248
0.770722334793787,0.80777254622818,0.77529593488381,0.78077334345159,0.771767738107907,0.777300387870449,0.80300450932791,0.794985927863622
0.846440770301618,0.861872329582014,0.840516985727139,0.849803591448532,0.790226180222412,0.797418563337248,0.794985927863622,0.807076412896355
