"[0,1)","[1,5)","[5,15)","[15,25)","[25,45)","[45,65)","[65,75)","[75,+)"
0.0544460304218961,0.382631147380635,0.613516644959813,0.584381380449973,0.511923841529795,0.30963772141752,0.263988060325581,0.240657850942128
0.382631147380635,0.180600197708264,0.511394926839118,0.440252511476123,0.472106447142761,0.357371984943535,0.252781931289278,0.241816975196341
0.613516644959813,0.511394926839118,0.161072712772615,0.366106833808919,0.492071745530152,0.329659643137971,0.310868870128186,0.242208368744391
0.584381380449973,0.440252511476123,0.366106833808919,0.211406139445455,0.37099438912302,0.415469225503587,0.315868592796623,0.241118075868845
0.511923841529795,0.472106447142761,0.492071745530152,0.37099438912302,0.340990981300107,0.307893345959797,0.285642717890069,0.253405652378348
0.309637721417519,0.357371984943535,0.329659643137971,0.415469225503587,0.307893345959797,0.360587453522073,0.286924984209944,0.245646657321377
0.263988060325581,0.252781931289278,0.310868870128186,0.315868592796623,0.285642717890069,0.286924984209944,0.382644422652908,0.369591254122041
0.240657850942128,0.241816975196341,0.242208368744391,0.241118075868845,0.253405652378348,0.245646657321377,0.369591254122041,0.73087239731866
