"[0,1)","[1,5)","[5,15)","[15,25)","[25,45)","[45,65)","[65,75)","[75,+)"
0.831678590056922,0.818724680392912,0.807704318953541,0.813029109677055,0.817424203337217,0.768455638585481,0.80345013627338,0.776374694967514
0.818724680392912,0.877537052483747,0.847179749857412,0.854710961907941,0.839955450173787,0.801473607182099,0.817119463217814,0.801906816087746
0.807704318953541,0.847179749857412,0.879030070136594,0.856203323072682,0.839656965874631,0.805883760241274,0.810346103849315,0.789298648157997
0.813029109677055,0.854710961907941,0.856203323072682,0.899329993255302,0.834357855300506,0.801099703312204,0.81708307926275,0.805470679188124
0.817424203337217,0.839955450173787,0.839656965874631,0.834357855300506,0.814987083016698,0.782904966105627,0.803565483392678,0.809112768393241
0.768455638585481,0.801473607182099,0.805883760241274,0.801099703312204,0.782904966105627,0.755752175527134,0.786325212355368,0.77291359777946
0.80345013627338,0.817119463217814,0.810346103849315,0.81708307926275,0.803565483392678,0.786325212355369,0.843616968945013,0.886618160217661
0.776374694967514,0.801906816087746,0.789298648157997,0.805470679188124,0.809112768393241,0.77291359777946,0.886618160217661,0.723422323325771
