"[0,1)","[1,5)","[5,15)","[15,25)","[25,45)","[45,65)","[65,75)","[75,+)"
1.18522631167394,0.993716902640989,0.97296110839395,0.979151725206984,1.01277793347526,1.00796289455324,1.26934443235267,1.04412095559293
0.993716902640989,1.13147615143586,1.03914621256407,1.07122460807605,1.0295997150234,1.02348087031838,1.11186729019043,1.04241067144473
0.97296110839395,1.03914621256407,1.1381009714657,1.09645637607136,1.03086761416998,1.03924728162899,1.11937392130218,1.06487958645172
0.979151725206984,1.07122460807605,1.09645637607137,1.19261625903296,1.07285031149694,1.0624665835214,1.18312918766074,1.06877234004636
1.01277793347526,1.0295997150234,1.03086761416998,1.07285031149694,0.996127090348871,1.00961647501229,1.20295606575944,1.26713362453059
1.00796289455324,1.02348087031838,1.03924728162899,1.0624665835214,1.00961647501229,1.01819395309618,1.23691029015947,1.20104227637387
1.26934443235267,1.11186729019043,1.11937392130218,1.18312918766074,1.20295606575944,1.23691029015947,1.34359262841207,1.40584609548806
1.04412095559293,1.04241067144473,1.06487958645172,1.06877234004636,1.26713362453059,1.20104227637387,1.40584609548806,1.13490677884146
