"[0,1)","[1,5)","[5,15)","[15,25)","[25,45)","[45,65)","[65,75)","[75,+)"
0.0866621470305963,0.666407850255759,0.685254949290872,0.708521075198561,0.624291822899495,0.669339538206341,0.673786788443484,0.608489365273349
0.666407850255759,0.290288294259675,0.621850558023586,0.618904630511208,0.613613877098822,0.650310538451924,0.665405255643634,0.653400694560706
0.685254949290872,0.621850558023586,0.27906682512506,0.539456725625723,0.64739454528305,0.579094890431421,0.634854371985702,0.621645442210186
0.708521075198561,0.618904630511208,0.539456725625724,0.370971936016581,0.634637451787673,0.620207774340463,0.644999149759778,0.617877251579562
0.624291822899495,0.613613877098822,0.647394545283051,0.634637451787673,0.621658549827859,0.601573259974415,0.616806704327378,0.641188798483761
0.669339538206341,0.650310538451924,0.579094890431421,0.620207774340463,0.601573259974415,0.574446849813608,0.510640159544433,0.561325082753187
0.673786788443484,0.665405255643634,0.634854371985702,0.644999149759778,0.616806704327378,0.510640159544433,0.490932846285925,0.448084271694356
0.608489365273349,0.653400694560706,0.621645442210186,0.617877251579562,0.641188798483761,0.561325082753187,0.448084271694356,0.515783324565081
