"[0,1)","[1,5)","[5,15)","[15,25)","[25,45)","[45,65)","[65,75)","[75,+)"
0.0575469407685131,0.409050885430074,0.633205600912628,0.602879862474889,0.528963201350425,0.343873900391667,0.303091020250935,0.279234285192051
0.409050885430074,0.197361265653268,0.53084392423846,0.465286608460607,0.496511151244651,0.389972099849593,0.289018998352477,0.280341153137961
0.633205600912628,0.53084392423846,0.177218141413795,0.389714758425838,0.512967796238878,0.361239285676786,0.342952776585364,0.281150473692687
0.602879862474889,0.465286608460607,0.389714758425838,0.234186478411055,0.407822981762185,0.449415312832794,0.349563135103806,0.280022365903421
0.528963201350425,0.496511151244651,0.512967796238878,0.407822981762184,0.385205208152616,0.353968827676767,0.326311258093185,0.290815411396511
0.343873900391667,0.389972099849593,0.361239285676786,0.449415312832794,0.353968827676767,0.3999154316733,0.323871655915908,0.282296063869581
0.303091020250935,0.289018998352477,0.342952776585364,0.349563135103806,0.326311258093185,0.323871655915908,0.41028409672223,0.397687302386982
0.279234285192051,0.280341153137961,0.281150473692687,0.280022365903421,0.290815411396511,0.282296063869581,0.397687302386982,0.741441339748397
