"[0,1)","[1,5)","[5,15)","[15,25)","[25,45)","[45,65)","[65,75)","[75,+)"
0.628203909267505,0.908548632627819,0.956649528184604,0.945945480448909,0.905522935250124,0.921836790644239,0.917678071991703,0.91143851226475
0.908548632627819,0.872377569106878,0.93727487079545,0.882772643987139,0.911795175367907,0.915442092901619,0.909840648407849,0.911751076325453
0.956649528184604,0.93727487079545,0.884387377621418,0.830100089158889,0.912185092347193,0.887646448377074,0.909081872520764,0.909369637851835
0.945945480448909,0.882772643987139,0.830100089158889,0.629362306605726,0.850334687668757,0.874790041641384,0.893510460182068,0.907795701692044
0.905522935250124,0.911795175367907,0.912185092347193,0.850334687668757,0.855505345226451,0.858573423755275,0.890224845220625,0.909388838697079
0.921836790644239,0.91544209290162,0.887646448377074,0.874790041641384,0.858573423755275,0.882617018090879,0.899589266704429,0.904998545830298
0.917678071991703,0.909840648407849,0.909081872520764,0.893510460182068,0.890224845220625,0.899589266704429,0.928377228449246,0.927556360941965
0.91143851226475,0.911751076325453,0.909369637851835,0.907795701692044,0.90938883869708,0.904998545830298,0.927556360941965,0.971013609122048
