"[0,1)","[1,5)","[5,15)","[15,25)","[25,45)","[45,65)","[65,75)","[75,+)"
0.708039929835483,0.825179483509679,0.907862284337672,0.900280993004497,0.914975769992261,0.790849588654745,0.995248835998171,0.736809041171706
0.825179483509679,0.748802188139513,0.850136152270625,0.802613660859672,0.832499703405583,0.747310358630402,0.802053342523524,0.745698995274259
0.907862284337672,0.850136152270625,0.751005363968352,0.805597563516721,0.834827509499794,0.719918321375511,0.794392574513242,0.750673880167414
0.900280993004497,0.802613660859672,0.805597563516721,0.784029183835021,0.703697025447887,0.722652989501615,0.801642248277388,0.716954679724019
0.914975769992261,0.832499703405583,0.834827509499793,0.703697025447888,0.646808287639641,0.635188496604349,0.82789947740696,0.951845525148272
0.790849588654746,0.747310358630402,0.719918321375511,0.722652989501615,0.635188496604349,0.667418217974272,0.76484604851028,0.738891464113413
0.995248835998171,0.802053342523525,0.794392574513242,0.801642248277388,0.82789947740696,0.76484604851028,0.849276147768752,0.888291956656675
0.736809041171706,0.745698995274259,0.750673880167414,0.716954679724019,0.951845525148272,0.738891464113413,0.888291956656675,0.91466216539723
