"[0,1)","[1,5)","[5,15)","[15,25)","[25,45)","[45,65)","[65,75)","[75,+)"
0.988521385739052,0.681773327771738,0.746307573204206,0.749384098720664,0.808696677937873,0.510490535964687,0.556412555447728,0.634664540579054
0.681773327771738,0.926831994576725,0.805480219479579,0.694119968380211,0.756529426687226,0.583140253444666,0.630207869404263,0.632302737166362
0.746307573204206,0.805480219479579,0.905294594118597,0.751554836406413,0.802660348455116,0.6454309897169,0.693449047290956,0.623913455067455
0.749384098720664,0.694119968380211,0.751554836406413,0.748190769343016,0.637429768850032,0.616646028109102,0.642663707378925,0.562478079968034
0.808696677937873,0.756529426687226,0.802660348455116,0.637429768850032,0.611344504185953,0.492350885428348,0.621253913734806,0.619416987874383
0.510490535964687,0.583140253444666,0.645430989716899,0.616646028109102,0.492350885428348,0.609891244527499,0.584911405526223,0.520397178454399
0.556412555447728,0.630207869404263,0.693449047290955,0.642663707378925,0.621253913734806,0.584911405526223,0.756977158599831,0.742041433087602
0.634664540579054,0.632302737166362,0.623913455067455,0.562478079968034,0.619416987874383,0.520397178454399,0.742041433087602,1
