"[0,1)","[1,5)","[5,15)","[15,25)","[25,45)","[45,65)","[65,75)","[75,+)"
0.0679876054163571,0.552879074022763,0.555609617546583,0.583657426826753,0.525328187850717,0.509875617891651,0.394884060753849,0.513334768492789
0.552879074022763,0.236245354891776,0.535708095813937,0.497037131318136,0.511000365054669,0.539592228844843,0.562855190333328,0.566102678026585
0.555609617546583,0.535708095813937,0.215445036151156,0.432135450792714,0.553924606947249,0.476250709467666,0.526740173146883,0.515291621001918
0.583657426826753,0.497037131318136,0.432135450792714,0.275376353896206,0.515147486450843,0.497178013241705,0.523307765698998,0.521345975385256
0.525328187850717,0.511000365054669,0.553924606947249,0.515147486450843,0.485327647425124,0.450770768517904,0.498023153946359,0.51393700268668
0.509875617891651,0.539592228844842,0.476250709467666,0.497178013241705,0.450770768517904,0.445289751575317,0.366654672392023,0.428500575625261
0.394884060753849,0.562855190333328,0.526740173146883,0.523307765698999,0.498023153946359,0.366654672392023,0.347879957637211,0.294012168621111
0.513334768492789,0.566102678026585,0.515291621001919,0.521345975385256,0.51393700268668,0.428500575625261,0.294012168621111,0.398097013086972
