"[0,1)","[1,5)","[5,15)","[15,25)","[25,45)","[45,65)","[65,75)","[75,+)"
0.98098171091749,0.872455133238547,0.851343117315914,0.845675800874392,0.862444836321203,0.862722760285449,0.794624774326011,0.835298517464885
0.872455133238547,0.931474977994876,0.867353711841328,0.835746969818882,0.839321258388246,0.861259636736414,0.843120111475787,0.852310164651317
0.851343117315914,0.867353711841328,0.931798426748668,0.850295775634129,0.840206770185202,0.860206409040091,0.834629163256457,0.839216990450921
0.845675800874392,0.835746969818882,0.850295775634129,0.83813763048886,0.771783853209598,0.823725344540882,0.801297181527395,0.839209303028234
0.862444836321203,0.839321258388246,0.840206770185202,0.771783853209598,0.719604238687422,0.780456790083257,0.798685992813188,0.826559144595883
0.862722760285449,0.861259636736414,0.860206409040091,0.823725344540882,0.780456790083258,0.832114602411357,0.811838174777334,0.804311367454628
0.794624774326011,0.843120111475787,0.834629163256457,0.801297181527395,0.798685992813188,0.811838174777334,0.810025612363794,0.801444492106704
0.835298517464885,0.852310164651317,0.839216990450921,0.839209303028234,0.826559144595883,0.804311367454628,0.801444492106704,0.790875097458921
