"[0,1)","[1,5)","[5,15)","[15,25)","[25,45)","[45,65)","[65,75)","[75,+)"
0.0713672911216095,0.430742917106023,0.518882746946542,0.50623429786487,0.428810494928613,0.427221646119575,0.233847999614368,0.488075949367089
0.430742917106023,0.19326286533307,0.483816808330162,0.432400957073301,0.43631164848197,0.448513042928042,0.426654088631636,0.534193134141431
0.518882746946542,0.483816808330162,0.175865380573463,0.356608827605622,0.440183979749066,0.365264146929124,0.402923202464494,0.450998443766405
0.50623429786487,0.432400957073301,0.356608827605622,0.22581294477528,0.37713557721379,0.390431830741149,0.380029641939648,0.489699041902504
0.428810494928613,0.43631164848197,0.440183979749066,0.37713557721379,0.347668394089467,0.325150280008384,0.347637219719334,0.317187117408558
0.427221646119575,0.448513042928042,0.365264146929125,0.390431830741149,0.325150280008384,0.319786902761953,0.286848650529244,0.285304569644234
0.233847999614368,0.426654088631636,0.402923202464494,0.380029641939647,0.347637219719334,0.286848650529244,0.283688687560687,0.277784172608878
0.488075949367089,0.534193134141431,0.450998443766405,0.489699041902504,0.317187117408558,0.285304569644234,0.277784172608878,0.32367995270136
