"[0,1)","[1,5)","[5,15)","[15,25)","[25,45)","[45,65)","[65,75)","[75,+)"
0.127984266745536,0.538023082085307,0.672175632730515,0.711950237905451,0.64318238470766,0.463643525930413,0.364412918751766,0.442843254677378
0.538023082085307,0.343764241214738,0.657521827824602,0.618098624087129,0.630693259701472,0.518408824836118,0.414351202772482,0.435931439193386
0.672175632730515,0.657521827824602,0.331332933378391,0.58869260095361,0.696899914338893,0.528860240738104,0.52404741396118,0.42775683089819
0.711950237905451,0.618098624087129,0.58869260095361,0.590499660739831,0.595795468264547,0.610331710623314,0.507600174445393,0.430532334538726
0.643182384707659,0.630693259701472,0.696899914338893,0.595795468264547,0.548809025323232,0.486401356350024,0.461645872612731,0.426858662508629
0.463643525930413,0.518408824836118,0.528860240738104,0.610331710623314,0.486401356350024,0.60766814304717,0.472043952874414,0.432209544750291
0.364412918751766,0.414351202772482,0.52404741396118,0.507600174445393,0.461645872612731,0.472043952874414,0.537042839605861,0.481652097153573
0.442843254677378,0.435931439193386,0.427756830898189,0.430532334538726,0.426858662508629,0.432209544750291,0.481652097153573,1
