"[0,1)","[1,5)","[5,15)","[15,25)","[25,45)","[45,65)","[65,75)","[75,+)"
1.0054048889666,1.02394702650219,1.01957063739099,1.01668523144811,1.01551007882862,1.03151012911761,1.03427737254908,1.03364725413232
1.02394702650219,1.00907855225405,1.01527399303218,1.01842436418541,1.01547971694089,1.02611864932466,1.03293093721956,1.03367926052743
1.01957063739099,1.01527399303218,1.01092544255582,1.01742677537762,1.01365142824271,1.02255970416577,1.0269382651135,1.03343181333922
1.01668523144811,1.01842436418541,1.01742677537762,1.01769457703901,1.01974074586943,1.02012969503997,1.02678069683464,1.03332652522043
1.01551007882862,1.01547971694089,1.01365142824271,1.01974074586943,1.02200877397242,1.02531439201037,1.02703655370331,1.03217025599713
1.03151012911761,1.02611864932466,1.02255970416577,1.02012969503997,1.02531439201037,1.02033587037576,1.02793524447226,1.03086252936998
1.03427737254908,1.03293093721956,1.0269382651135,1.02678069683464,1.02703655370331,1.02793524447226,1.02495241154,1.02744141529859
1.03364725413232,1.03367926052743,1.03343181333922,1.03332652522043,1.03217025599713,1.03086252936998,1.02744141529859,1
