"[0,1)","[1,5)","[5,15)","[15,25)","[25,45)","[45,65)","[65,75)","[75,+)"
0.57829203479046,0.727555529598845,0.709318074293945,0.750036547783784,0.750084035067038,0.700938336471404,0.667001656944029,0.674263279046856
0.727555529598845,0.695511832628317,0.732158276622065,0.73251569339374,0.727521821382823,0.720531920013023,0.730044358458275,0.710635498278237
0.709318074293945,0.732158276622065,0.682315249778142,0.734123144552311,0.74395903659098,0.69861555812314,0.684417436973379,0.683520996177908
0.750036547783783,0.73251569339374,0.734123144552311,0.794804060394871,0.714243579006951,0.6903655317573,0.700361362491815,0.677616204457474
0.750084035067038,0.727521821382823,0.74395903659098,0.714243579006951,0.692856242515332,0.666853261331208,0.713703601416376,0.721745254856539
0.700938336471404,0.720531920013023,0.69861555812314,0.6903655317573,0.666853261331208,0.630643720916227,0.560079030804013,0.641531350000698
0.667001656944029,0.730044358458275,0.684417436973379,0.700361362491815,0.713703601416376,0.560079030804013,0.523853489567256,0.467773136823059
0.674263279046856,0.710635498278237,0.683520996177908,0.677616204457474,0.721745254856539,0.641531350000698,0.467773136823059,0.597131883283
