"[0,1)","[1,5)","[5,15)","[15,25)","[25,45)","[45,65)","[65,75)","[75,+)"
0.666265496346105,0.750657422652509,0.8533298133065,0.852153528320775,0.850051382994303,0.716691096933885,0.945791042618561,0.58262554330916
0.750657422652509,0.801250482273118,0.817684380171029,0.782521319120809,0.79669539981769,0.707182869944931,0.691976638244316,0.596014864123159
0.8533298133065,0.817684380171029,0.810089106196461,0.796384882097366,0.807534309018747,0.719362890810122,0.714536311211871,0.611919588713851
0.852153528320775,0.782521319120809,0.796384882097366,0.773220371301276,0.694751054953812,0.730482618842504,0.742929298023476,0.636608928342937
0.850051382994303,0.79669539981769,0.807534309018747,0.694751054953812,0.629365399439538,0.633955810743961,0.754326314839754,0.814156032134263
0.716691096933885,0.707182869944931,0.719362890810122,0.730482618842504,0.633955810743961,0.667055525064794,0.700325976077458,0.647257542479984
0.945791042618561,0.691976638244316,0.714536311211871,0.742929298023476,0.754326314839754,0.700325976077458,0.723780584600027,0.785462981851142
0.58262554330916,0.596014864123159,0.611919588713851,0.636608928342937,0.814156032134263,0.647257542479984,0.785462981851142,0.843955036365749
