"[0,1)","[1,5)","[5,15)","[15,25)","[25,45)","[45,65)","[65,75)","[75,+)"
0.0838856347391418,0.595917719794443,0.800257930950119,0.777335237271415,0.722773522630714,0.604542313607789,0.680268728945111,0.522386907214302
0.595917719794443,0.250029221816414,0.665315134827835,0.676983832564307,0.69198823476736,0.606076711527274,0.555068655305064,0.528256503392883
0.800257930950119,0.665315134827835,0.236175136833693,0.624590801755055,0.683656925659665,0.548156491544993,0.571020415810282,0.532015942478874
0.777335237271415,0.676983832564307,0.624590801755055,0.674950783634923,0.648662418998935,0.657992613495656,0.612033005727239,0.569030820841406
0.722773522630714,0.69198823476736,0.683656925659665,0.648662418998935,0.609999927816803,0.602217049479797,0.677142837392107,0.693461019096898
0.604542313607789,0.606076711527274,0.548156491544993,0.657992613495656,0.602217049479797,0.610548739538763,0.570645770577066,0.536662015848081
0.680268728945111,0.555068655305064,0.571020415810282,0.612033005727239,0.677142837392107,0.570645770577066,0.606470152488778,0.635914395925139
0.522386907214302,0.528256503392883,0.532015942478874,0.569030820841407,0.693461019096898,0.536662015848081,0.635914395925139,0.816810587365583
