"[0,1)","[1,5)","[5,15)","[15,25)","[25,45)","[45,65)","[65,75)","[75,+)"
0.794710515949208,0.728283530993959,0.817606521894738,0.844013336988755,0.875109260131292,0.650648792941999,0.815712336905231,0.588711163560929
0.728283530993959,0.755228834549407,0.812689186452569,0.774457538206518,0.811721299477268,0.656170930495121,0.627717533354451,0.597270030206272
0.817606521894738,0.812689186452569,0.754836641307316,0.781759792202588,0.846781860262309,0.689587137501492,0.696021795417987,0.60364902472629
0.844013336988755,0.774457538206518,0.781759792202588,0.766160591024016,0.760662540093533,0.732475380171349,0.710169023646987,0.578585960094583
0.875109260131292,0.811721299477267,0.846781860262309,0.760662540093533,0.773146785966812,0.671835341487835,0.662248004359913,0.619213864697314
0.650648792941999,0.656170930495121,0.689587137501492,0.73247538017135,0.671835341487835,0.718799931649387,0.670353707800718,0.559158106779463
0.815712336905231,0.627717533354451,0.696021795417987,0.710169023646987,0.662248004359913,0.670353707800718,0.745516896223236,0.740691358960001
0.588711163560929,0.597270030206272,0.60364902472629,0.578585960094583,0.619213864697314,0.559158106779463,0.740691358960001,1
