"[0,1)","[1,5)","[5,15)","[15,25)","[25,45)","[45,65)","[65,75)","[75,+)"
0.614746862813965,0.64878127070463,0.774432116870917,0.79949708812825,0.807198481418669,0.577314637251248,0.77136792088775,0.478391660031852
0.64878127070463,0.76477982006328,0.759862542593384,0.76886710912596,0.76607034735224,0.611151532463778,0.582241632834843,0.489283682446356
0.774432116870917,0.759862542593384,0.760083254745191,0.802129182622993,0.778369046446762,0.669355145720895,0.640907009812332,0.510970922613048
0.79949708812825,0.76886710912596,0.802129182622993,0.907110202699125,0.740576413201465,0.746610280329948,0.718987240714629,0.545834205665402
0.807198481418669,0.76607034735224,0.778369046446763,0.740576413201465,0.645725551919322,0.645534360833309,0.743669527873492,0.784833957827263
0.577314637251248,0.611151532463778,0.669355145720895,0.746610280329948,0.645534360833309,0.658893826666714,0.657580127858851,0.591329094089555
0.77136792088775,0.582241632834843,0.640907009812332,0.718987240714629,0.743669527873492,0.657580127858851,0.686603758334233,0.729676139145929
0.478391660031852,0.489283682446356,0.510970922613048,0.545834205665402,0.784833957827263,0.591329094089555,0.729676139145929,0.832870688723072
