"[0,1)","[1,5)","[5,15)","[15,25)","[25,45)","[45,65)","[65,75)","[75,+)"
0.40698555045728,0.575560707771799,0.770196730588936,0.727401240279952,0.653287494066087,0.45083660034357,0.710183849063111,0.354940092053704
0.575560707771798,0.466676444992253,0.626484248982929,0.599710697965627,0.600135984053778,0.451075355112072,0.451192170218093,0.368147042516705
0.770196730588936,0.626484248982929,0.429984814240125,0.539553685115556,0.611066234625509,0.446607672669804,0.464642587477156,0.371362134530938
0.727401240279952,0.599710697965627,0.539553685115556,0.410322697203444,0.528715722247051,0.548810612062039,0.519769875183374,0.53013154068147
0.653287494066087,0.600135984053778,0.611066234625509,0.528715722247051,0.456484960775642,0.420369102136833,0.443864024179305,0.419520684585585
0.45083660034357,0.451075355112072,0.446607672669804,0.548810612062039,0.420369102136833,0.440494407607394,0.401090866578963,0.362918326424935
0.710183849063111,0.451192170218093,0.464642587477156,0.519769875183374,0.443864024179305,0.401090866578963,0.55036093945708,0.548776239463688
0.354940092053704,0.368147042516705,0.371362134530938,0.53013154068147,0.419520684585585,0.362918326424935,0.548776239463688,0.807093134723664
