"[0,1)","[1,5)","[5,15)","[15,25)","[25,45)","[45,65)","[65,75)","[75,+)"
0.234014541512854,0.491138507521247,0.675748417249067,0.651596239787784,0.5858034614808,0.41958002931652,0.338033576389144,0.395627003898839
0.491138507521247,0.330075615332545,0.594237578228995,0.539571122914012,0.561922453173157,0.468487245308947,0.378615901484638,0.392914769849014
0.675748417249068,0.594237578228995,0.300265649689733,0.47291299089879,0.576600902204044,0.447690931600839,0.424289764990944,0.385122890570992
0.651596239787784,0.539571122914012,0.47291299089879,0.346789322706903,0.495345872577167,0.525453905836173,0.424912712767453,0.392588890367133
0.5858034614808,0.561922453173157,0.576600902204044,0.495345872577167,0.478641196547505,0.446779595322241,0.403648569983851,0.355467408152497
0.41958002931652,0.468487245308947,0.447690931600839,0.525453905836173,0.446779595322241,0.478841953163055,0.391524974548547,0.358609289193438
0.338033576389144,0.378615901484638,0.424289764990944,0.424912712767453,0.403648569983851,0.391524974548547,0.46491421879491,0.449023448657554
0.395627003898839,0.392914769849014,0.385122890570992,0.392588890367133,0.355467408152497,0.358609289193438,0.449023448657554,0.775745955013719
