"[0,1)","[1,5)","[5,15)","[15,25)","[25,45)","[45,65)","[65,75)","[75,+)"
0.226962973333719,0.620201046893039,0.813723776607778,0.81412425393492,0.71644076853976,0.599995507520835,0.895491962515426,0.53876551952355
0.620201046893039,0.35898638853359,0.669030504822142,0.655551835866403,0.676822991840497,0.562619121489723,0.61786647372079,0.551222904426409
0.813723776607778,0.669030504822142,0.318288947226812,0.55074943471709,0.666910794786726,0.511261595521802,0.604493179299954,0.557587357382864
0.81412425393492,0.655551835866403,0.55074943471709,0.367682509900621,0.617956764821684,0.630187709837778,0.660849436072845,0.574151771432801
0.71644076853976,0.676822991840497,0.666910794786726,0.617956764821684,0.624576200622805,0.595462786908557,0.702897325855225,0.750319979186258
0.599995507520835,0.562619121489723,0.511261595521802,0.630187709837778,0.595462786908557,0.583730858821347,0.608178361134637,0.553420196583428
0.895491962515426,0.61786647372079,0.604493179299954,0.660849436072845,0.702897325855225,0.608178361134637,0.690698197340706,0.746675832130586
0.53876551952355,0.55122290442641,0.557587357382864,0.574151771432801,0.750319979186258,0.553420196583428,0.746675832130587,0.840717900153653
