"[0,1)","[1,5)","[5,15)","[15,25)","[25,45)","[45,65)","[65,75)","[75,+)"
0.2116604244399,0.575175235778681,0.769756100280442,0.75221377958144,0.675059620352865,0.541024880601776,0.661995861945668,0.474166346616224
0.575175235778681,0.310231235371629,0.640632363107813,0.603874563432696,0.634784053820607,0.529770980894332,0.513833140699915,0.480874919380521
0.769756100280442,0.640632363107813,0.27563270179581,0.505425333384109,0.629818167850159,0.479339773659256,0.530407860971871,0.485618774287403
0.75221377958144,0.603874563432696,0.505425333384109,0.327850797770194,0.573047038724421,0.589586685669061,0.546252835407905,0.463260579663818
0.675059620352865,0.634784053820607,0.629818167850159,0.573047038724421,0.577233871551861,0.546897481372684,0.584188722932376,0.614589768393589
0.541024880601776,0.529770980894332,0.479339773659256,0.589586685669061,0.546897481372684,0.547082433298909,0.517728498280014,0.462695850995817
0.661995861945668,0.513833140699915,0.530407860971871,0.546252835407905,0.584188722932376,0.517728498280014,0.588016408427931,0.619741536644962
0.474166346616224,0.480874919380521,0.485618774287404,0.463260579663818,0.614589768393589,0.462695850995817,0.619741536644962,0.800055895279942
