"[0,1)","[1,5)","[5,15)","[15,25)","[25,45)","[45,65)","[65,75)","[75,+)"
0.53430837340278,0.914077218178355,0.969150022475615,0.977771609981215,0.971617807314498,0.894231925820589,1.17180858895048,0.868287212607844
0.914077218178355,0.787603581230311,0.914972339055525,0.902578858148467,0.900416442810748,0.84838078280056,0.919393676092783,0.888345567097777
0.969150022475615,0.914972339055525,0.780879977936969,0.88971434482654,0.928427074822074,0.831631356655135,0.911974046208464,0.882696930982774
0.977771609981215,0.902578858148467,0.88971434482654,0.860145146477879,0.87089255908436,0.851878597826424,0.905664488885897,0.836319848186315
0.971617807314497,0.900416442810748,0.928427074822074,0.870892559084359,0.897667261281829,0.823910577769367,0.849979099551505,0.914327104255244
0.894231925820589,0.84838078280056,0.831631356655134,0.851878597826423,0.823910577769367,0.828461594104852,0.837030425235876,0.77980618147
1.17180858895048,0.919393676092783,0.911974046208464,0.905664488885897,0.849979099551505,0.837030425235876,0.894326134021845,0.897283269348683
0.868287212607844,0.888345567097777,0.882696930982774,0.836319848186314,0.914327104255244,0.77980618147,0.897283269348683,1
