"[0,1)","[1,5)","[5,15)","[15,25)","[25,45)","[45,65)","[65,75)","[75,+)"
0.810280950504348,0.972394895372462,0.969665524373345,0.929907716111937,0.952491399674411,0.88052554584325,1.09058696497954,1.29957063582794
0.972394895372462,0.99596090567331,0.993167489404512,0.912766070803078,0.973339898520401,0.887755265418189,1.22374647702171,1.29380077366739
0.969665524373345,0.993167489404512,1.0155951584378,0.868533744141277,0.970021088297813,0.886992279766233,1.15742266890419,1.26767147753163
0.929907716111937,0.912766070803078,0.868533744141277,0.642606586665862,0.899359472808962,0.849433401342685,1.07109146687505,1.24585488092792
0.952491399674412,0.973339898520401,0.970021088297813,0.899359472808962,0.903188584954275,0.860690661257701,1.163932867532,1.23381115867401
0.88052554584325,0.887755265418189,0.886992279766233,0.849433401342684,0.860690661257701,0.819473589121379,1.04216906774119,1.06031188843669
1.09058696497954,1.22374647702171,1.15742266890419,1.07109146687505,1.163932867532,1.04216906774119,1.28554265622102,1.3201287909922
1.29957063582794,1.29380077366739,1.26767147753163,1.24585488092792,1.23381115867401,1.06031188843669,1.3201287909922,1.13828912231157
