"[0,1)","[1,5)","[5,15)","[15,25)","[25,45)","[45,65)","[65,75)","[75,+)"
0.760305500174406,0.596481146742883,0.746496502256429,0.737157485806586,0.783333419885788,0.523264372853991,0.636660465651285,0.482147463218163
0.596481146742883,0.840915245027192,0.74697199985892,0.688309109401371,0.749496699295694,0.561888582158077,0.518823841473469,0.487477602658175
0.746496502256429,0.74697199985892,0.82528694978129,0.709436611708408,0.786361366692857,0.619035766975868,0.589283162289825,0.48484089650109
0.737157485806586,0.688309109401371,0.709436611708408,0.687439770588838,0.660843680259175,0.65095876545505,0.595629314871875,0.538005628685869
0.783333419885788,0.749496699295694,0.786361366692857,0.660843680259175,0.636600582634504,0.588682111385616,0.635657784220742,0.60980171824496
0.523264372853991,0.561888582158077,0.619035766975868,0.65095876545505,0.588682111385616,0.660455549064,0.556092516252065,0.56899849175117
0.636660465651284,0.518823841473469,0.589283162289825,0.595629314871875,0.635657784220742,0.556092516252064,0.651161826791893,0.585798166848036
0.482147463218163,0.487477602658175,0.48484089650109,0.538005628685869,0.60980171824496,0.56899849175117,0.585798166848036,1
