"[0,1)","[1,5)","[5,15)","[15,25)","[25,45)","[45,65)","[65,75)","[75,+)"
0.859908551885152,0.7880945303531,0.869655567513613,0.877997601379953,0.843416876892876,0.663503800742883,0.927600434900594,0.52700177855913
0.7880945303531,0.919587822720657,0.835643080998774,0.806983741035098,0.805286147267012,0.66994555529977,0.650275884708563,0.541894894920655
0.869655567513613,0.835643080998774,0.932672360285669,0.777088209068512,0.821136931191901,0.71611958030204,0.674649815163879,0.556907559947574
0.877997601379953,0.806983741035098,0.777088209068512,0.587771034721434,0.7380605970191,0.75290687699286,0.760396112076797,0.7781033754658
0.843416876892876,0.805286147267012,0.821136931191901,0.7380605970191,0.674686523577688,0.65107201943767,0.686219251841544,0.696907033150928
0.663503800742883,0.669945555299769,0.71611958030204,0.75290687699286,0.65107201943767,0.662754561423814,0.642612802814136,0.597870913303364
0.927600434900594,0.650275884708563,0.674649815163879,0.760396112076797,0.686219251841544,0.642612802814136,0.685952182830292,0.715715065920687
0.52700177855913,0.541894894920655,0.556907559947574,0.7781033754658,0.696907033150928,0.597870913303364,0.715715065920687,0.841747366162692
