"[0,1)","[1,5)","[5,15)","[15,25)","[25,45)","[45,65)","[65,75)","[75,+)"
0.694580866034503,0.840719193421282,0.915886745179972,0.919926772099428,0.914486693459996,0.887833020927848,1.01287862251951,0.861933748544171
0.840719193421282,0.879085383596371,0.886602136291587,0.84821091726473,0.888416498747899,0.852792288187607,0.883428785109883,0.867871036572528
0.915886745179972,0.886602136291588,0.889372631106349,0.814745939649522,0.913825948376475,0.856161323245799,0.898507347026168,0.867789251174663
0.919926772099428,0.84821091726473,0.814745939649522,0.595717805670986,0.874838256548272,0.893095527579945,0.942987157965561,0.938281013405126
0.914486693459996,0.8884164987479,0.913825948376475,0.874838256548272,0.884591729589046,0.871269806163712,0.899053401720513,0.936013686109897
0.887833020927848,0.852792288187607,0.856161323245799,0.893095527579945,0.871269806163712,0.91227652696047,0.92500117531896,0.90519477068306
1.01287862251951,0.883428785109883,0.898507347026168,0.942987157965561,0.899053401720513,0.92500117531896,0.998500385422914,0.982134810650726
0.861933748544171,0.867871036572529,0.867789251174663,0.938281013405126,0.936013686109897,0.90519477068306,0.982134810650726,1
