"[0,1)","[1,5)","[5,15)","[15,25)","[25,45)","[45,65)","[65,75)","[75,+)"
0.227710419975876,0.605721964436372,0.766249761334285,0.723221337787793,0.668390418242934,0.510848852999626,0.504730443746403,0.725362834784703
0.605721964436372,0.388691535433337,0.677786937772029,0.654953293250615,0.651748907976431,0.558847545653881,0.652414407430447,0.717773400536838
0.766249761334285,0.677786937772029,0.351192234874558,0.626595316492968,0.656446816110992,0.530627308355627,0.649359685820923,0.688594398373482
0.723221337787793,0.654953293250615,0.626595316492968,0.669925298653674,0.60251166365997,0.599668689049828,0.606130759236075,0.633556886881564
0.668390418242934,0.65174890797643,0.656446816110992,0.60251166365997,0.552687627941542,0.511164311024058,0.617496312685136,0.589668637075095
0.510848852999626,0.558847545653881,0.530627308355627,0.599668689049828,0.511164311024058,0.512884024605633,0.528575344034453,0.511410797913549
0.504730443746403,0.652414407430447,0.649359685820923,0.606130759236075,0.617496312685136,0.528575344034453,0.700313898998795,0.709255690564031
0.725362834784703,0.717773400536838,0.688594398373482,0.633556886881564,0.589668637075095,0.511410797913549,0.709255690564031,0.890792217799934
