"[0,1)","[1,5)","[5,15)","[15,25)","[25,45)","[45,65)","[65,75)","[75,+)"
0.77466842788293,0.89630279132402,0.991443567125712,1.06378993924085,0.983963379120486,0.887305509430337,1.55703192670283,0.76474425049197
0.89630279132402,0.835372748691474,0.888478252866663,0.973432837802735,0.949456313391669,0.83531835651839,0.977542410259761,0.792412041120475
0.991443567125712,0.888478252866663,0.792138411367884,0.937750510916821,0.929853106168688,0.842755041385783,0.922774378823828,0.81381517942029
1.06378993924084,0.973432837802735,0.937750510916821,0.930860809783886,0.967581541637874,0.969597903564094,1.16814636482536,1.05566192252677
0.983963379120485,0.949456313391669,0.929853106168688,0.967581541637874,0.915641919730103,0.935826512437497,1.1764469248369,1.25310820530028
0.887305509430337,0.83531835651839,0.842755041385783,0.969597903564094,0.935826512437497,0.90116397190155,1.01445812641234,0.968913518638794
1.55703192670284,0.977542410259761,0.922774378823828,1.16814636482536,1.1764469248369,1.01445812641234,1.04818169327996,1.15126684011524
0.76474425049197,0.792412041120475,0.813815179420289,1.05566192252677,1.25310820530028,0.968913518638794,1.15126684011524,0.974995385771016
