"[0,1)","[1,5)","[5,15)","[15,25)","[25,45)","[45,65)","[65,75)","[75,+)"
0.0478310327040666,0.366998464283804,0.60408431360723,0.579471352134225,0.507519041929956,0.29582576067052,0.243630853790223,0.220154226764999
0.366998464283804,0.174061957115735,0.503562158739754,0.429307558112424,0.459871789897823,0.336966287053413,0.236571398089583,0.222044440195602
0.60408431360723,0.503562158739754,0.154935908438903,0.35363714749544,0.486746037141466,0.307662394433677,0.292947433173687,0.221916053249272
0.579471352134224,0.429307558112424,0.35363714749544,0.198075865581476,0.346066591191221,0.392024494964502,0.298237924196641,0.219974371595911
0.507519041929956,0.459871789897823,0.486746037141466,0.346066591191221,0.309301772789879,0.275831264464542,0.255474094282055,0.236065111907015
0.29582576067052,0.336966287053413,0.307662394433677,0.392024494964502,0.275831264464542,0.334726845044421,0.267482302765038,0.230056678841203
0.243630853790223,0.236571398089583,0.292947433173687,0.298237924196641,0.255474094282055,0.267482302765038,0.368872673857779,0.354813196187249
0.220154226764999,0.222044440195602,0.221916053249272,0.219974371595911,0.236065111907015,0.230056678841203,0.354813196187249,0.7262014919784
