"[0,1)","[1,5)","[5,15)","[15,25)","[25,45)","[45,65)","[65,75)","[75,+)"
0.182476032038824,0.482933707779199,0.672176931962743,0.644428063662915,0.581345389209417,0.412455991037178,0.325244633909621,0.394709153744529
0.482933707779199,0.317486515655907,0.58872457392742,0.549228968639301,0.56130919358923,0.466469832803721,0.373656198069172,0.391486246242999
0.672176931962743,0.58872457392742,0.282870697839497,0.504839555731336,0.576389038411137,0.448589286568876,0.420300903907727,0.382868612014017
0.644428063662915,0.549228968639301,0.504839555731336,0.457428918643233,0.509599340920902,0.535004095951673,0.426404188290104,0.390449399495823
0.581345389209417,0.56130919358923,0.576389038411137,0.509599340920902,0.48481704540264,0.450775879322431,0.400665139871038,0.345883874771362
0.412455991037178,0.466469832803721,0.448589286568876,0.535004095951673,0.450775879322431,0.478990471895413,0.384166848572326,0.349670146466152
0.325244633909621,0.373656198069172,0.420300903907727,0.426404188290104,0.400665139871038,0.384166848572326,0.45475425651249,0.435940135415389
0.394709153744529,0.391486246242999,0.382868612014017,0.390449399495823,0.345883874771362,0.349670146466152,0.435940135415389,0.771666793378655
