"[0,1)","[1,5)","[5,15)","[15,25)","[25,45)","[45,65)","[65,75)","[75,+)"
0.067325486525533,0.484968580423763,0.693153208879503,0.665445392259656,0.579946133708296,0.445008891633316,0.412001589753618,0.386536978781213
0.484968580423763,0.229774853819177,0.588535767607386,0.534663056991512,0.556628546539919,0.476634346549548,0.39163239258393,0.387664953569124
0.693153208879503,0.588535767607386,0.210982389143478,0.448344879866265,0.56386184512491,0.430692345300314,0.432971181853872,0.390008306149239
0.665445392259656,0.534663056991513,0.448344879866265,0.287849164448954,0.477168956755818,0.518092047155764,0.436224021273629,0.385466153600703
0.579946133708296,0.556628546539919,0.56386184512491,0.477168956755818,0.458885957711875,0.436132687348674,0.419552812409729,0.395425883430657
0.445008891633316,0.476634346549548,0.430692345300314,0.518092047155764,0.436132687348674,0.478409611851292,0.417979658019658,0.382362750542351
0.412001589753618,0.39163239258393,0.432971181853872,0.436224021273629,0.419552812409729,0.417979658019658,0.492043993974158,0.488599982448111
0.386536978781213,0.387664953569124,0.39000830614924,0.385466153600703,0.395425883430657,0.382362750542351,0.488599982448111,0.774817261416737
