"[0,1)","[1,5)","[5,15)","[15,25)","[25,45)","[45,65)","[65,75)","[75,+)"
0.0669010499629863,0.487076887287124,0.718428922442715,0.704521137708986,0.609602015348227,0.46344381187705,0.570967822441748,0.347168600018749
0.487076887287124,0.224469771315731,0.584475341020111,0.547240754234993,0.567592930490326,0.468560735516211,0.40332484580653,0.354983980990513
0.718428922442715,0.584475341020111,0.204172436664934,0.450586345700864,0.57044108711461,0.421192712316948,0.440642821198365,0.365955416717365
0.704521137708986,0.547240754234993,0.450586345700864,0.283078545839173,0.475988224181332,0.525713244382652,0.475808300385104,0.379990898637836
0.609602015348227,0.567592930490326,0.57044108711461,0.475988224181332,0.436762044068176,0.429193984052784,0.478398397950972,0.489881650811421
0.46344381187705,0.468560735516211,0.421192712316948,0.525713244382652,0.429193984052784,0.471505625135922,0.446201927797845,0.388885924843111
0.570967822441748,0.40332484580653,0.440642821198365,0.475808300385104,0.478398397950972,0.446201927797845,0.52005786867787,0.54903830979108
0.347168600018749,0.354983980990513,0.365955416717365,0.379990898637836,0.48988165081142,0.388885924843111,0.54903830979108,0.768786890185577
