"[0,1)","[1,5)","[5,15)","[15,25)","[25,45)","[45,65)","[65,75)","[75,+)"
0.842070326658447,1.05940374098678,1.00705260630596,1.01275978021018,0.975103862080205,1.01212293838393,0.90637314789496,0.923428046244764
1.05940374098678,0.873573430954444,0.996467376386313,0.935107575814246,0.950855908572706,0.998681539786009,0.918071269565934,0.922809978035268
1.00705260630596,0.996467376386313,0.888488233162552,0.893562486351976,0.976374494682669,0.979057368599584,0.931454100993604,0.917771734517199
1.01275978021018,0.935107575814246,0.893562486351976,0.643841912992841,0.922412113353572,0.943479288172588,0.892907037862204,0.783317176557232
0.975103862080205,0.950855908572706,0.976374494682669,0.922412113353572,0.925166910936081,0.93854099380232,0.883260920184311,0.8924434325026
1.01212293838393,0.998681539786009,0.979057368599584,0.943479288172588,0.93854099380232,0.952204424026727,0.878898530476313,0.824035509639891
0.90637314789496,0.918071269565933,0.931454100993605,0.892907037862204,0.883260920184311,0.878898530476313,0.815928574041624,0.836270822478634
0.923428046244765,0.922809978035268,0.917771734517199,0.783317176557232,0.8924434325026,0.824035509639891,0.836270822478634,1
